Iteration,Sim_0,Sim_1,Sim_2,Sim_3,Sim_4,Sim_5,Sim_6,Sim_7,Sim_8,Sim_9,Sim_10,Sim_11,Sim_12,Sim_13,Sim_14,Sim_15,Sim_16,Sim_17,Sim_18,Sim_19,Sim_20,Sim_21,Sim_22,Sim_23,Sim_24,Sim_25,Sim_26,Sim_27,Sim_28,Sim_29,Sim_30,Sim_31,Sim_32,Sim_33,Sim_34,Sim_35,Sim_36,Sim_37,Sim_38,Sim_39,Sim_40,Sim_41,Sim_42,Sim_43,Sim_44,Sim_45,Sim_46,Sim_47,Sim_48,Sim_49,Sim_50,Sim_51,Sim_52,Sim_53,Sim_54,Sim_55,Sim_56,Sim_57,Sim_58,Sim_59,Sim_60,Sim_61,Sim_62,Sim_63,Sim_64,Sim_65,Sim_66,Sim_67,Sim_68,Sim_69,Sim_70,Sim_71,Sim_72,Sim_73,Sim_74,Sim_75,Sim_76,Sim_77,Sim_78,Sim_79,Sim_80,Sim_81,Sim_82,Sim_83,Sim_84,Sim_85,Sim_86,Sim_87,Sim_88,Sim_89,Sim_90,Sim_91,Sim_92,Sim_93,Sim_94,Sim_95,Sim_96,Sim_97,Sim_98,Sim_99
0,[13.0],[13.0],[13.0],[13.0],[28.0],[13.0],[299.0],[300.0],[27.0],[13.0],[13.0],[242.0],[28.0],[13.0],[53.0],[299.0],[13.0],[334.0],[13.0],[300.0],[28.0],[19.0],[13.0],[394.0],[13.0],[56.0],[359.0],[395.0],[28.0],[28.0],[394.0],[171.0],[299.0],[95.0],[394.0],[28.0],[13.0],[28.0],[13.0],[28.0],[28.0],[28.0],[13.0],[56.0],[13.0],[13.0],[394.0],[13.0],[13.0],[13.0],[243.0],[19.0],[209.0],[13.0],[395.0],[13.0],[299.0],[277.0],[56.0],[28.0],[364.0],[13.0],[13.0],[13.0],[28.0],[13.0],[394.0],[13.0],[13.0],[103.0],[28.0],[13.0],[116.0],[13.0],[13.0],[28.0],[13.0],[13.0],[13.0],[13.0],[13.0],[13.0],[13.0],[13.0],[13.0],[56.0],[13.0],[300.0],[28.0],[13.0],[13.0],[27.0],[13.0],[13.0],[299.0],[13.0],[394.0],[13.0],[103.0],[394.0]
1,[362.0],[28.0],[375.0],[367.0],[243.0],[8.0],[13.0],[13.0],[299.0],[27.0],[28.0],[13.0],[299.0],[27.0],[209.0],[28.0],[8.0],[131.0],[394.0],[13.0],[394.0],[364.0],[103.0],[364.0],[103.0],[299.0],[13.0],[28.0],[300.0],[13.0],[13.0],[13.0],[243.0],[13.0],[13.0],[13.0],[394.0],[13.0],[28.0],[26.0],[333.0],[394.0],[299.0],[13.0],[394.0],[116.0],[95.0],[8.0],[28.0],[95.0],[300.0],[28.0],[361.0],[362.0],[28.0],[23.0],[394.0],[300.0],[13.0],[13.0],[300.0],[28.0],[394.0],[139.0],[209.0],[300.0],[13.0],[155.0],[299.0],[13.0],[95.0],[53.0],[13.0],[28.0],[299.0],[300.0],[28.0],[334.0],[71.0],[364.0],[28.0],[300.0],[394.0],[263.0],[394.0],[13.0],[394.0],[13.0],[13.0],[364.0],[27.0],[394.0],[52.0],[360.0],[13.0],[12.0],[334.0],[8.0],[13.0],[13.0]
2,[28.0],[211.0],[8.0],[8.0],[299.0],[333.0],[54.0],[27.0],[13.0],[95.0],[76.0],[395.0],[300.0],[23.0],[364.0],[264.0],[28.0],[28.0],[28.0],[28.0],[13.0],[23.0],[104.0],[13.0],[6.0],[394.0],[95.0],[19.0],[13.0],[362.0],[395.0],[8.0],[364.0],[211.0],[300.0],[8.0],[28.0],[211.0],[23.0],[13.0],[394.0],[146.0],[394.0],[49.0],[378.0],[394.0],[28.0],[44.0],[19.0],[12.0],[13.0],[13.0],[394.0],[28.0],[364.0],[299.0],[300.0],[394.0],[154.0],[8.0],[56.0],[394.0],[326.0],[8.0],[211.0],[28.0],[27.0],[8.0],[28.0],[333.0],[360.0],[28.0],[28.0],[367.0],[27.0],[13.0],[44.0],[299.0],[211.0],[209.0],[116.0],[222.0],[211.0],[28.0],[264.0],[116.0],[23.0],[28.0],[333.0],[116.0],[8.0],[360.0],[299.0],[53.0],[28.0],[394.0],[28.0],[299.0],[56.0],[119.0]
3,[12.0],[395.0],[6.0],[56.0],[71.0],[364.0],[8.0],[372.0],[394.0],[394.0],[275.0],[243.0],[13.0],[394.0],[13.0],[13.0],[95.0],[333.0],[8.0],[333.0],[25.0],[300.0],[8.0],[203.0],[7.0],[243.0],[394.0],[364.0],[8.0],[394.0],[19.0],[27.0],[13.0],[28.0],[28.0],[394.0],[243.0],[394.0],[203.0],[300.0],[53.0],[13.0],[364.0],[299.0],[299.0],[28.0],[56.0],[299.0],[8.0],[299.0],[28.0],[103.0],[13.0],[242.0],[13.0],[116.0],[28.0],[299.0],[394.0],[6.0],[13.0],[347.0],[8.0],[364.0],[13.0],[18.0],[347.0],[56.0],[26.0],[299.0],[13.0],[23.0],[95.0],[394.0],[12.0],[390.0],[300.0],[394.0],[44.0],[275.0],[299.0],[95.0],[388.0],[8.0],[211.0],[394.0],[131.0],[299.0],[26.0],[277.0],[394.0],[13.0],[53.0],[56.0],[23.0],[28.0],[13.0],[394.0],[362.0],[243.0]
4,[300.0],[364.0],[53.0],[19.0],[26.0],[22.0],[28.0],[299.0],[28.0],[377.0],[56.0],[59.0],[315.0],[28.0],[361.0],[334.0],[299.0],[71.0],[6.0],[211.0],[353.0],[13.0],[364.0],[299.0],[28.0],[28.0],[6.0],[243.0],[27.0],[8.0],[8.0],[394.0],[323.0],[243.0],[59.0],[364.0],[300.0],[369.0],[394.0],[243.0],[27.0],[299.0],[362.0],[394.0],[76.0],[8.0],[13.0],[28.0],[347.0],[300.0],[27.0],[277.0],[28.0],[300.0],[347.0],[243.0],[26.0],[76.0],[300.0],[27.0],[394.0],[26.0],[46.0],[28.0],[300.0],[211.0],[299.0],[28.0],[19.0],[6.0],[56.0],[394.0],[299.0],[71.0],[333.0],[54.0],[364.0],[56.0],[103.0],[300.0],[8.0],[27.0],[44.0],[203.0],[19.0],[300.0],[300.0],[95.0],[359.0],[56.0],[19.0],[299.0],[28.0],[95.0],[243.0],[116.0],[364.0],[300.0],[211.0],[8.0]
5,[23.0],[103.0],[395.0],[211.0],[203.0],[394.0],[300.0],[28.0],[8.0],[362.0],[394.0],[28.0],[243.0],[8.0],[394.0],[243.0],[44.0],[277.0],[264.0],[71.0],[300.0],[328.0],[26.0],[28.0],[299.0],[379.0],[203.0],[211.0],[394.0],[103.0],[326.0],[299.0],[116.0],[19.0],[8.0],[27.0],[8.0],[367.0],[299.0],[297.0],[395.0],[306.0],[56.0],[19.0],[245.0],[300.0],[299.0],[103.0],[53.0],[362.0],[394.0],[394.0],[71.0],[395.0],[391.0],[203.0],[179.0],[13.0],[28.0],[54.0],[71.0],[116.0],[299.0],[131.0],[299.0],[299.0],[23.0],[154.0],[95.0],[395.0],[12.0],[362.0],[243.0],[203.0],[8.0],[243.0],[26.0],[326.0],[8.0],[299.0],[131.0],[28.0],[364.0],[364.0],[299.0],[211.0],[299.0],[27.0],[360.0],[28.0],[299.0],[28.0],[333.0],[334.0],[56.0],[364.0],[361.0],[364.0],[299.0],[56.0]
6,[14.0],[306.0],[28.0],[44.0],[394.0],[28.0],[6.0],[375.0],[326.0],[299.0],[27.0],[334.0],[56.0],[299.0],[328.0],[165.0],[54.0],[241.0],[21.0],[54.0],[211.0],[333.0],[113.0],[103.0],[277.0],[13.0],[364.0],[59.0],[103.0],[364.0],[28.0],[300.0],[131.0],[334.0],[18.0],[275.0],[6.0],[300.0],[27.0],[56.0],[8.0],[243.0],[8.0],[116.0],[326.0],[56.0],[44.0],[300.0],[54.0],[328.0],[8.0],[297.0],[242.0],[301.0],[300.0],[28.0],[211.0],[211.0],[103.0],[71.0],[347.0],[8.0],[333.0],[242.0],[359.0],[360.0],[26.0],[6.0],[394.0],[394.0],[299.0],[103.0],[328.0],[116.0],[209.0],[53.0],[299.0],[300.0],[116.0],[395.0],[56.0],[394.0],[28.0],[195.0],[28.0],[299.0],[28.0],[275.0],[48.0],[300.0],[203.0],[26.0],[361.0],[394.0],[334.0],[264.0],[56.0],[28.0],[249.0],[71.0]
7,[27.0],[241.0],[245.0],[28.0],[103.0],[299.0],[362.0],[8.0],[6.0],[211.0],[8.0],[364.0],[394.0],[95.0],[300.0],[333.0],[131.0],[395.0],[299.0],[131.0],[71.0],[8.0],[300.0],[300.0],[25.0],[103.0],[28.0],[13.0],[95.0],[299.0],[299.0],[103.0],[28.0],[241.0],[362.0],[395.0],[328.0],[362.0],[71.0],[8.0],[6.0],[300.0],[300.0],[360.0],[8.0],[299.0],[103.0],[12.0],[300.0],[28.0],[23.0],[8.0],[56.0],[275.0],[25.0],[123.0],[13.0],[326.0],[243.0],[56.0],[299.0],[179.0],[103.0],[277.0],[56.0],[264.0],[211.0],[95.0],[154.0],[44.0],[83.0],[395.0],[203.0],[53.0],[360.0],[299.0],[395.0],[306.0],[300.0],[211.0],[375.0],[328.0],[8.0],[362.0],[375.0],[326.0],[326.0],[364.0],[362.0],[54.0],[44.0],[211.0],[359.0],[300.0],[95.0],[341.0],[276.0],[222.0],[394.0],[44.0]
8,[10.0],[299.0],[301.0],[299.0],[27.0],[390.0],[181.0],[6.0],[360.0],[19.0],[326.0],[362.0],[116.0],[59.0],[116.0],[300.0],[297.0],[299.0],[203.0],[6.0],[297.0],[299.0],[46.0],[315.0],[395.0],[44.0],[44.0],[275.0],[189.0],[300.0],[328.0],[203.0],[27.0],[12.0],[27.0],[264.0],[103.0],[19.0],[326.0],[364.0],[299.0],[8.0],[28.0],[12.0],[28.0],[375.0],[54.0],[26.0],[144.0],[211.0],[53.0],[334.0],[154.0],[8.0],[275.0],[375.0],[23.0],[28.0],[44.0],[103.0],[59.0],[19.0],[28.0],[299.0],[8.0],[59.0],[28.0],[103.0],[12.0],[300.0],[300.0],[165.0],[209.0],[299.0],[59.0],[334.0],[328.0],[395.0],[28.0],[394.0],[19.0],[326.0],[95.0],[242.0],[95.0],[44.0],[27.0],[56.0],[246.0],[394.0],[326.0],[19.0],[26.0],[90.0],[60.0],[11.0],[299.0],[334.0],[8.0],[59.0]
9,[333.0],[12.0],[326.0],[394.0],[8.0],[277.0],[394.0],[306.0],[21.0],[364.0],[362.0],[394.0],[27.0],[333.0],[131.0],[116.0],[395.0],[275.0],[277.0],[299.0],[19.0],[242.0],[299.0],[26.0],[27.0],[6.0],[59.0],[203.0],[165.0],[360.0],[6.0],[367.0],[328.0],[299.0],[103.0],[26.0],[395.0],[299.0],[300.0],[394.0],[326.0],[277.0],[103.0],[76.0],[360.0],[203.0],[364.0],[0.0],[243.0],[392.0],[297.0],[44.0],[362.0],[394.0],[116.0],[364.0],[11.0],[19.0],[364.0],[144.0],[203.0],[326.0],[21.0],[390.0],[243.0],[49.0],[364.0],[44.0],[300.0],[116.0],[27.0],[8.0],[394.0],[209.0],[56.0],[148.0],[326.0],[211.0],[367.0],[19.0],[300.0],[315.0],[12.0],[395.0],[103.0],[306.0],[44.0],[36.0],[300.0],[8.0],[6.0],[364.0],[131.0],[19.0],[394.0],[222.0],[300.0],[11.0],[28.0],[362.0]
10,[299.0],[27.0],[206.0],[71.0],[362.0],[244.0],[361.0],[211.0],[26.0],[116.0],[299.0],[21.0],[277.0],[364.0],[28.0],[395.0],[295.0],[27.0],[300.0],[171.0],[8.0],[361.0],[116.0],[95.0],[394.0],[367.0],[56.0],[26.0],[362.0],[44.0],[44.0],[243.0],[334.0],[300.0],[71.0],[6.0],[26.0],[14.0],[12.0],[36.0],[277.0],[211.0],[19.0],[23.0],[26.0],[334.0],[116.0],[334.0],[131.0],[203.0],[44.0],[299.0],[275.0],[49.0],[333.0],[6.0],[76.0],[367.0],[104.0],[364.0],[28.0],[95.0],[203.0],[243.0],[12.0],[19.0],[59.0],[71.0],[8.0],[328.0],[394.0],[21.0],[19.0],[19.0],[28.0],[375.0],[56.0],[28.0],[299.0],[103.0],[95.0],[211.0],[264.0],[165.0],[367.0],[275.0],[14.0],[71.0],[243.0],[60.0],[277.0],[23.0],[6.0],[395.0],[359.0],[361.0],[329.0],[243.0],[76.0],[103.0]
11,[328.0],[54.0],[116.0],[328.0],[139.0],[362.0],[59.0],[26.0],[395.0],[44.0],[325.0],[341.0],[373.0],[44.0],[26.0],[56.0],[203.0],[56.0],[27.0],[56.0],[165.0],[71.0],[28.0],[328.0],[364.0],[12.0],[103.0],[391.0],[388.0],[211.0],[26.0],[333.0],[23.0],[358.0],[299.0],[299.0],[334.0],[222.0],[26.0],[328.0],[7.0],[203.0],[375.0],[44.0],[27.0],[71.0],[300.0],[11.0],[362.0],[25.0],[6.0],[26.0],[95.0],[146.0],[361.0],[377.0],[44.0],[295.0],[18.0],[131.0],[131.0],[55.0],[360.0],[362.0],[203.0],[71.0],[71.0],[200.0],[369.0],[364.0],[23.0],[361.0],[8.0],[343.0],[14.0],[360.0],[295.0],[328.0],[56.0],[102.0],[6.0],[395.0],[299.0],[344.0],[44.0],[328.0],[8.0],[25.0],[334.0],[362.0],[300.0],[277.0],[8.0],[181.0],[326.0],[8.0],[23.0],[6.0],[44.0],[299.0]
12,[44.0],[203.0],[299.0],[364.0],[44.0],[59.0],[25.0],[341.0],[328.0],[353.0],[44.0],[8.0],[10.0],[103.0],[23.0],[26.0],[394.0],[364.0],[103.0],[394.0],[26.0],[59.0],[394.0],[367.0],[71.0],[395.0],[326.0],[360.0],[328.0],[6.0],[264.0],[328.0],[275.0],[347.0],[397.0],[19.0],[116.0],[59.0],[56.0],[49.0],[76.0],[275.0],[131.0],[326.0],[344.0],[95.0],[328.0],[394.0],[71.0],[54.0],[42.0],[27.0],[364.0],[299.0],[19.0],[300.0],[326.0],[362.0],[91.0],[26.0],[209.0],[297.0],[277.0],[103.0],[26.0],[394.0],[360.0],[189.0],[360.0],[42.0],[243.0],[242.0],[344.0],[211.0],[26.0],[306.0],[277.0],[301.0],[243.0],[392.0],[243.0],[12.0],[27.0],[6.0],[341.0],[95.0],[103.0],[26.0],[44.0],[395.0],[315.0],[275.0],[328.0],[28.0],[50.0],[25.0],[26.0],[328.0],[19.0],[328.0]
13,[95.0],[275.0],[297.0],[243.0],[297.0],[95.0],[328.0],[395.0],[54.0],[103.0],[103.0],[6.0],[165.0],[395.0],[211.0],[394.0],[19.0],[362.0],[56.0],[203.0],[103.0],[211.0],[25.0],[8.0],[8.0],[54.0],[395.0],[369.0],[55.0],[395.0],[71.0],[211.0],[53.0],[8.0],[11.0],[362.0],[277.0],[116.0],[328.0],[6.0],[243.0],[116.0],[6.0],[300.0],[364.0],[26.0],[21.0],[95.0],[395.0],[375.0],[299.0],[56.0],[59.0],[71.0],[211.0],[277.0],[25.0],[103.0],[8.0],[243.0],[362.0],[362.0],[116.0],[394.0],[362.0],[154.0],[44.0],[12.0],[59.0],[131.0],[362.0],[326.0],[59.0],[300.0],[300.0],[19.0],[275.0],[103.0],[195.0],[23.0],[390.0],[333.0],[300.0],[209.0],[104.0],[364.0],[21.0],[76.0],[395.0],[326.0],[28.0],[95.0],[95.0],[333.0],[21.0],[131.0],[243.0],[9.0],[328.0],[395.0]
14,[103.0],[367.0],[131.0],[103.0],[131.0],[12.0],[27.0],[179.0],[44.0],[387.0],[21.0],[44.0],[8.0],[360.0],[12.0],[211.0],[12.0],[203.0],[76.0],[375.0],[95.0],[362.0],[131.0],[360.0],[44.0],[263.0],[8.0],[299.0],[71.0],[333.0],[56.0],[116.0],[103.0],[375.0],[206.0],[131.0],[364.0],[131.0],[8.0],[299.0],[297.0],[56.0],[113.0],[395.0],[379.0],[390.0],[362.0],[347.0],[44.0],[297.0],[390.0],[300.0],[27.0],[367.0],[277.0],[380.0],[306.0],[54.0],[27.0],[46.0],[360.0],[243.0],[50.0],[165.0],[116.0],[131.0],[103.0],[19.0],[329.0],[360.0],[53.0],[26.0],[370.0],[103.0],[6.0],[357.0],[95.0],[116.0],[26.0],[12.0],[23.0],[44.0],[297.0],[299.0],[364.0],[27.0],[59.0],[23.0],[364.0],[46.0],[275.0],[36.0],[243.0],[103.0],[325.0],[300.0],[54.0],[19.0],[326.0],[347.0]
15,[395.0],[333.0],[367.0],[46.0],[333.0],[360.0],[357.0],[243.0],[367.0],[395.0],[333.0],[297.0],[362.0],[71.0],[299.0],[390.0],[56.0],[111.0],[326.0],[8.0],[131.0],[28.0],[229.0],[333.0],[59.0],[51.0],[26.0],[387.0],[211.0],[195.0],[359.0],[362.0],[8.0],[116.0],[333.0],[360.0],[56.0],[277.0],[95.0],[264.0],[375.0],[362.0],[360.0],[103.0],[6.0],[54.0],[139.0],[297.0],[12.0],[8.0],[54.0],[249.0],[333.0],[387.0],[55.0],[394.0],[6.0],[26.0],[299.0],[394.0],[8.0],[264.0],[328.0],[116.0],[395.0],[95.0],[95.0],[203.0],[211.0],[19.0],[369.0],[323.0],[362.0],[328.0],[264.0],[367.0],[12.0],[362.0],[17.0],[375.0],[154.0],[18.0],[6.0],[328.0],[8.0],[209.0],[19.0],[44.0],[203.0],[12.0],[154.0],[300.0],[27.0],[243.0],[300.0],[275.0],[8.0],[367.0],[333.0],[211.0]
16,[364.0],[71.0],[95.0],[12.0],[300.0],[54.0],[131.0],[333.0],[211.0],[328.0],[300.0],[211.0],[211.0],[361.0],[71.0],[360.0],[6.0],[116.0],[95.0],[367.0],[243.0],[27.0],[277.0],[395.0],[275.0],[364.0],[277.0],[103.0],[6.0],[95.0],[103.0],[361.0],[297.0],[131.0],[26.0],[211.0],[362.0],[209.0],[375.0],[44.0],[55.0],[332.0],[393.0],[211.0],[103.0],[362.0],[387.0],[275.0],[27.0],[394.0],[71.0],[59.0],[116.0],[372.0],[26.0],[198.0],[264.0],[328.0],[26.0],[19.0],[139.0],[6.0],[26.0],[203.0],[367.0],[243.0],[19.0],[394.0],[56.0],[380.0],[26.0],[359.0],[277.0],[364.0],[103.0],[12.0],[103.0],[242.0],[200.0],[8.0],[245.0],[8.0],[90.0],[211.0],[131.0],[103.0],[370.0],[277.0],[390.0],[154.0],[293.0],[49.0],[369.0],[55.0],[19.0],[103.0],[362.0],[53.0],[334.0],[196.0]
17,[56.0],[360.0],[49.0],[300.0],[369.0],[44.0],[18.0],[103.0],[95.0],[8.0],[277.0],[299.0],[328.0],[306.0],[8.0],[364.0],[391.0],[6.0],[364.0],[53.0],[200.0],[375.0],[333.0],[131.0],[49.0],[362.0],[300.0],[362.0],[46.0],[104.0],[388.0],[54.0],[360.0],[71.0],[360.0],[367.0],[375.0],[27.0],[275.0],[369.0],[360.0],[103.0],[328.0],[95.0],[362.0],[395.0],[203.0],[27.0],[17.0],[241.0],[362.0],[166.0],[11.0],[95.0],[243.0],[276.0],[19.0],[364.0],[71.0],[277.0],[46.0],[209.0],[243.0],[211.0],[6.0],[328.0],[12.0],[364.0],[116.0],[361.0],[328.0],[131.0],[12.0],[131.0],[95.0],[211.0],[131.0],[364.0],[275.0],[116.0],[394.0],[131.0],[277.0],[369.0],[59.0],[375.0],[6.0],[206.0],[8.0],[95.0],[211.0],[6.0],[94.0],[211.0],[8.0],[277.0],[360.0],[54.0],[12.0],[111.0]
18,[76.0],[334.0],[19.0],[206.0],[361.0],[23.0],[53.0],[394.0],[334.0],[390.0],[181.0],[71.0],[6.0],[343.0],[50.0],[206.0],[20.0],[8.0],[372.0],[12.0],[111.0],[344.0],[241.0],[358.0],[26.0],[19.0],[369.0],[53.0],[154.0],[49.0],[203.0],[71.0],[394.0],[49.0],[203.0],[165.0],[209.0],[113.0],[131.0],[7.0],[362.0],[6.0],[249.0],[58.0],[369.0],[360.0],[8.0],[277.0],[146.0],[364.0],[103.0],[395.0],[347.0],[56.0],[71.0],[71.0],[103.0],[49.0],[6.0],[211.0],[95.0],[341.0],[53.0],[54.0],[277.0],[364.0],[54.0],[211.0],[361.0],[243.0],[8.0],[44.0],[131.0],[362.0],[243.0],[23.0],[243.0],[52.0],[6.0],[328.0],[297.0],[375.0],[328.0],[394.0],[243.0],[264.0],[375.0],[375.0],[357.0],[59.0],[116.0],[306.0],[367.0],[6.0],[375.0],[375.0],[27.0],[139.0],[131.0],[275.0]
19,[8.0],[264.0],[165.0],[203.0],[165.0],[19.0],[95.0],[56.0],[56.0],[358.0],[203.0],[392.0],[19.0],[104.0],[264.0],[19.0],[275.0],[103.0],[275.0],[362.0],[56.0],[6.0],[6.0],[56.0],[203.0],[53.0],[42.0],[353.0],[306.0],[328.0],[211.0],[19.0],[367.0],[56.0],[116.0],[326.0],[7.0],[364.0],[360.0],[59.0],[361.0],[328.0],[95.0],[375.0],[55.0],[131.0],[165.0],[56.0],[360.0],[393.0],[60.0],[347.0],[54.0],[364.0],[54.0],[344.0],[341.0],[325.0],[59.0],[12.0],[207.0],[299.0],[211.0],[83.0],[71.0],[44.0],[275.0],[297.0],[54.0],[11.0],[131.0],[275.0],[6.0],[6.0],[394.0],[364.0],[23.0],[95.0],[209.0],[264.0],[103.0],[306.0],[139.0],[243.0],[362.0],[139.0],[359.0],[19.0],[23.0],[353.0],[334.0],[326.0],[394.0],[71.0],[4.0],[44.0],[25.0],[103.0],[375.0],[6.0]
20,[361.0],[390.0],[328.0],[333.0],[211.0],[328.0],[297.0],[7.0],[364.0],[36.0],[116.0],[361.0],[54.0],[11.0],[245.0],[131.0],[243.0],[394.0],[333.0],[241.0],[347.0],[95.0],[11.0],[6.0],[334.0],[300.0],[19.0],[389.0],[131.0],[376.0],[166.0],[359.0],[6.0],[360.0],[19.0],[328.0],[154.0],[56.0],[116.0],[360.0],[103.0],[19.0],[211.0],[28.0],[203.0],[44.0],[14.0],[4.0],[23.0],[71.0],[19.0],[364.0],[6.0],[139.0],[299.0],[209.0],[364.0],[91.0],[33.0],[300.0],[19.0],[218.0],[10.0],[49.0],[59.0],[116.0],[334.0],[139.0],[71.0],[12.0],[295.0],[48.0],[358.0],[171.0],[46.0],[203.0],[59.0],[344.0],[360.0],[358.0],[326.0],[360.0],[19.0],[196.0],[360.0],[8.0],[364.0],[131.0],[46.0],[123.0],[361.0],[11.0],[300.0],[263.0],[264.0],[53.0],[333.0],[390.0],[306.0],[277.0]
21,[241.0],[8.0],[71.0],[297.0],[360.0],[131.0],[375.0],[360.0],[103.0],[326.0],[53.0],[360.0],[364.0],[19.0],[46.0],[275.0],[360.0],[123.0],[325.0],[334.0],[139.0],[394.0],[144.0],[23.0],[11.0],[211.0],[328.0],[56.0],[368.0],[361.0],[364.0],[375.0],[306.0],[55.0],[6.0],[203.0],[299.0],[11.0],[333.0],[54.0],[364.0],[334.0],[243.0],[6.0],[71.0],[301.0],[277.0],[360.0],[171.0],[131.0],[111.0],[388.0],[19.0],[154.0],[44.0],[297.0],[116.0],[6.0],[277.0],[395.0],[243.0],[328.0],[165.0],[6.0],[19.0],[375.0],[131.0],[372.0],[333.0],[390.0],[165.0],[295.0],[249.0],[56.0],[334.0],[328.0],[200.0],[59.0],[277.0],[297.0],[364.0],[26.0],[48.0],[390.0],[139.0],[12.0],[334.0],[243.0],[54.0],[103.0],[56.0],[54.0],[71.0],[299.0],[341.0],[6.0],[19.0],[95.0],[10.0],[364.0]
22,[394.0],[131.0],[362.0],[6.0],[395.0],[27.0],[108.0],[328.0],[131.0],[131.0],[358.0],[328.0],[326.0],[300.0],[334.0],[375.0],[53.0],[347.0],[362.0],[325.0],[44.0],[347.0],[27.0],[306.0],[367.0],[133.0],[325.0],[23.0],[243.0],[116.0],[276.0],[56.0],[26.0],[103.0],[54.0],[139.0],[54.0],[179.0],[19.0],[333.0],[59.0],[395.0],[44.0],[200.0],[95.0],[243.0],[375.0],[362.0],[333.0],[19.0],[131.0],[306.0],[297.0],[26.0],[103.0],[139.0],[297.0],[375.0],[360.0],[333.0],[103.0],[263.0],[209.0],[27.0],[139.0],[103.0],[116.0],[23.0],[395.0],[358.0],[333.0],[95.0],[206.0],[395.0],[116.0],[8.0],[334.0],[241.0],[394.0],[203.0],[203.0],[71.0],[275.0],[44.0],[53.0],[334.0],[277.0],[6.0],[71.0],[6.0],[328.0],[56.0],[395.0],[375.0],[12.0],[299.0],[386.0],[175.0],[139.0],[19.0]
23,[375.0],[328.0],[7.0],[10.0],[358.0],[116.0],[56.0],[71.0],[264.0],[48.0],[375.0],[103.0],[297.0],[241.0],[367.0],[249.0],[144.0],[367.0],[26.0],[59.0],[362.0],[4.0],[243.0],[139.0],[56.0],[328.0],[116.0],[300.0],[395.0],[391.0],[59.0],[36.0],[211.0],[369.0],[361.0],[325.0],[27.0],[392.0],[362.0],[367.0],[19.0],[359.0],[116.0],[333.0],[328.0],[111.0],[243.0],[375.0],[6.0],[370.0],[264.0],[296.0],[53.0],[243.0],[49.0],[206.0],[59.0],[55.0],[211.0],[275.0],[27.0],[211.0],[334.0],[78.0],[390.0],[333.0],[139.0],[131.0],[139.0],[8.0],[71.0],[211.0],[27.0],[44.0],[375.0],[27.0],[71.0],[44.0],[12.0],[44.0],[206.0],[6.0],[375.0],[180.0],[328.0],[6.0],[360.0],[211.0],[116.0],[19.0],[103.0],[55.0],[249.0],[58.0],[6.0],[19.0],[6.0],[347.0],[372.0],[10.0]
24,[393.0],[326.0],[369.0],[360.0],[76.0],[300.0],[26.0],[264.0],[19.0],[71.0],[360.0],[352.0],[59.0],[326.0],[359.0],[328.0],[392.0],[297.0],[361.0],[364.0],[6.0],[123.0],[306.0],[243.0],[332.0],[95.0],[12.0],[394.0],[10.0],[7.0],[300.0],[55.0],[296.0],[364.0],[53.0],[300.0],[200.0],[25.0],[277.0],[361.0],[116.0],[23.0],[395.0],[33.0],[367.0],[6.0],[222.0],[211.0],[394.0],[6.0],[333.0],[244.0],[18.0],[46.0],[301.0],[55.0],[358.0],[116.0],[60.0],[95.0],[6.0],[7.0],[52.0],[297.0],[25.0],[347.0],[328.0],[59.0],[241.0],[392.0],[364.0],[334.0],[76.0],[7.0],[262.0],[394.0],[6.0],[131.0],[328.0],[277.0],[209.0],[111.0],[26.0],[95.0],[222.0],[297.0],[71.0],[8.0],[394.0],[299.0],[306.0],[375.0],[275.0],[83.0],[211.0],[362.0],[52.0],[375.0],[361.0],[387.0]
25,[326.0],[375.0],[163.0],[361.0],[277.0],[375.0],[11.0],[241.0],[46.0],[28.0],[297.0],[116.0],[263.0],[42.0],[387.0],[103.0],[94.0],[46.0],[328.0],[361.0],[12.0],[154.0],[211.0],[19.0],[328.0],[326.0],[154.0],[328.0],[59.0],[264.0],[27.0],[301.0],[44.0],[27.0],[211.0],[375.0],[333.0],[347.0],[54.0],[12.0],[341.0],[391.0],[315.0],[328.0],[131.0],[347.0],[392.0],[364.0],[203.0],[361.0],[12.0],[55.0],[243.0],[328.0],[342.0],[60.0],[360.0],[243.0],[7.0],[116.0],[49.0],[306.0],[95.0],[333.0],[328.0],[171.0],[4.0],[26.0],[209.0],[369.0],[19.0],[364.0],[139.0],[54.0],[19.0],[131.0],[91.0],[243.0],[19.0],[391.0],[44.0],[53.0],[59.0],[296.0],[369.0],[28.0],[395.0],[333.0],[211.0],[44.0],[195.0],[328.0],[23.0],[358.0],[131.0],[353.0],[327.0],[7.0],[359.0],[300.0]
26,[6.0],[359.0],[27.0],[49.0],[7.0],[26.0],[103.0],[131.0],[243.0],[359.0],[12.0],[390.0],[264.0],[277.0],[123.0],[296.0],[26.0],[375.0],[25.0],[387.0],[334.0],[56.0],[154.0],[44.0],[116.0],[59.0],[360.0],[27.0],[222.0],[334.0],[391.0],[28.0],[373.0],[123.0],[328.0],[277.0],[144.0],[6.0],[59.0],[76.0],[347.0],[71.0],[59.0],[364.0],[375.0],[391.0],[59.0],[306.0],[139.0],[222.0],[144.0],[328.0],[380.0],[334.0],[53.0],[298.0],[315.0],[102.0],[326.0],[325.0],[333.0],[359.0],[6.0],[375.0],[74.0],[54.0],[300.0],[300.0],[380.0],[56.0],[44.0],[299.0],[211.0],[334.0],[211.0],[56.0],[211.0],[19.0],[326.0],[95.0],[306.0],[31.0],[326.0],[139.0],[390.0],[54.0],[362.0],[328.0],[56.0],[139.0],[23.0],[297.0],[211.0],[8.0],[154.0],[196.0],[211.0],[209.0],[54.0],[372.0]
27,[243.0],[243.0],[333.0],[362.0],[59.0],[211.0],[23.0],[44.0],[244.0],[6.0],[11.0],[300.0],[7.0],[244.0],[366.0],[389.0],[333.0],[359.0],[12.0],[277.0],[299.0],[55.0],[71.0],[7.0],[326.0],[333.0],[387.0],[8.0],[347.0],[243.0],[334.0],[395.0],[264.0],[44.0],[364.0],[10.0],[95.0],[326.0],[306.0],[25.0],[131.0],[27.0],[7.0],[387.0],[10.0],[154.0],[19.0],[131.0],[334.0],[243.0],[375.0],[102.0],[360.0],[27.0],[131.0],[26.0],[131.0],[360.0],[19.0],[59.0],[241.0],[187.0],[359.0],[328.0],[195.0],[8.0],[376.0],[277.0],[364.0],[95.0],[375.0],[333.0],[10.0],[23.0],[373.0],[333.0],[360.0],[277.0],[395.0],[42.0],[277.0],[103.0],[36.0],[23.0],[395.0],[53.0],[171.0],[334.0],[131.0],[27.0],[12.0],[53.0],[116.0],[54.0],[361.0],[243.0],[328.0],[241.0],[200.0],[131.0]
28,[131.0],[6.0],[364.0],[275.0],[364.0],[21.0],[326.0],[326.0],[297.0],[54.0],[211.0],[27.0],[325.0],[76.0],[298.0],[71.0],[362.0],[44.0],[388.0],[44.0],[275.0],[395.0],[326.0],[59.0],[359.0],[42.0],[102.0],[25.0],[364.0],[131.0],[21.0],[341.0],[59.0],[6.0],[222.0],[333.0],[211.0],[203.0],[387.0],[53.0],[195.0],[364.0],[301.0],[131.0],[200.0],[90.0],[48.0],[328.0],[299.0],[103.0],[378.0],[165.0],[300.0],[196.0],[111.0],[211.0],[333.0],[8.0],[297.0],[123.0],[76.0],[111.0],[19.0],[300.0],[60.0],[334.0],[56.0],[375.0],[111.0],[7.0],[139.0],[306.0],[375.0],[275.0],[44.0],[395.0],[116.0],[46.0],[353.0],[243.0],[123.0],[362.0],[23.0],[42.0],[14.0],[60.0],[116.0],[103.0],[206.0],[360.0],[26.0],[203.0],[277.0],[23.0],[333.0],[95.0],[203.0],[59.0],[360.0],[360.0]
29,[295.0],[352.0],[300.0],[375.0],[60.0],[326.0],[395.0],[139.0],[104.0],[26.0],[276.0],[139.0],[71.0],[90.0],[19.0],[27.0],[334.0],[361.0],[359.0],[243.0],[364.0],[116.0],[298.0],[375.0],[306.0],[334.0],[391.0],[375.0],[44.0],[298.0],[11.0],[206.0],[56.0],[53.0],[395.0],[361.0],[36.0],[360.0],[364.0],[347.0],[275.0],[315.0],[163.0],[139.0],[300.0],[211.0],[367.0],[116.0],[95.0],[44.0],[14.0],[275.0],[8.0],[131.0],[23.0],[12.0],[42.0],[108.0],[111.0],[200.0],[12.0],[333.0],[364.0],[19.0],[54.0],[203.0],[359.0],[275.0],[6.0],[211.0],[211.0],[71.0],[275.0],[146.0],[301.0],[44.0],[160.0],[203.0],[42.0],[326.0],[367.0],[243.0],[306.0],[56.0],[116.0],[249.0],[102.0],[361.0],[299.0],[71.0],[25.0],[131.0],[203.0],[359.0],[395.0],[102.0],[380.0],[26.0],[243.0],[203.0]
30,[360.0],[10.0],[211.0],[111.0],[196.0],[171.0],[7.0],[364.0],[359.0],[12.0],[26.0],[54.0],[380.0],[26.0],[11.0],[8.0],[103.0],[159.0],[54.0],[23.0],[195.0],[358.0],[19.0],[36.0],[300.0],[375.0],[211.0],[54.0],[42.0],[71.0],[55.0],[181.0],[71.0],[7.0],[139.0],[296.0],[264.0],[328.0],[209.0],[19.0],[300.0],[131.0],[54.0],[59.0],[264.0],[264.0],[6.0],[333.0],[364.0],[373.0],[211.0],[12.0],[211.0],[347.0],[123.0],[367.0],[12.0],[275.0],[263.0],[44.0],[389.0],[395.0],[275.0],[71.0],[391.0],[362.0],[242.0],[326.0],[103.0],[277.0],[277.0],[375.0],[54.0],[392.0],[359.0],[6.0],[375.0],[139.0],[76.0],[333.0],[362.0],[275.0],[298.0],[131.0],[277.0],[25.0],[56.0],[360.0],[103.0],[52.0],[364.0],[59.0],[12.0],[380.0],[369.0],[367.0],[144.0],[116.0],[23.0],[375.0]
31,[21.0],[300.0],[139.0],[222.0],[54.0],[367.0],[209.0],[347.0],[154.0],[59.0],[6.0],[131.0],[102.0],[328.0],[395.0],[203.0],[211.0],[26.0],[360.0],[10.0],[116.0],[275.0],[390.0],[276.0],[19.0],[380.0],[375.0],[333.0],[353.0],[139.0],[378.0],[44.0],[111.0],[206.0],[243.0],[103.0],[71.0],[264.0],[361.0],[71.0],[325.0],[123.0],[387.0],[195.0],[154.0],[241.0],[36.0],[361.0],[48.0],[56.0],[139.0],[25.0],[44.0],[326.0],[359.0],[347.0],[146.0],[7.0],[367.0],[42.0],[329.0],[360.0],[244.0],[222.0],[301.0],[12.0],[222.0],[325.0],[27.0],[139.0],[116.0],[139.0],[333.0],[277.0],[131.0],[7.0],[357.0],[392.0],[364.0],[54.0],[59.0],[165.0],[293.0],[298.0],[352.0],[71.0],[275.0],[394.0],[53.0],[347.0],[113.0],[358.0],[362.0],[341.0],[364.0],[139.0],[375.0],[18.0],[116.0],[48.0]
32,[36.0],[19.0],[218.0],[380.0],[263.0],[275.0],[78.0],[95.0],[163.0],[56.0],[395.0],[277.0],[275.0],[368.0],[49.0],[244.0],[116.0],[95.0],[46.0],[359.0],[395.0],[18.0],[297.0],[334.0],[12.0],[343.0],[200.0],[366.0],[295.0],[306.0],[102.0],[391.0],[347.0],[165.0],[56.0],[25.0],[166.0],[103.0],[25.0],[23.0],[26.0],[263.0],[207.0],[8.0],[395.0],[298.0],[334.0],[196.0],[390.0],[154.0],[165.0],[353.0],[103.0],[375.0],[203.0],[83.0],[4.0],[59.0],[249.0],[360.0],[334.0],[139.0],[362.0],[359.0],[36.0],[291.0],[55.0],[83.0],[381.0],[386.0],[361.0],[360.0],[56.0],[27.0],[306.0],[123.0],[244.0],[209.0],[206.0],[154.0],[7.0],[361.0],[42.0],[19.0],[275.0],[11.0],[231.0],[54.0],[165.0],[334.0],[139.0],[362.0],[364.0],[362.0],[347.0],[59.0],[387.0],[211.0],[241.0],[198.0]
33,[59.0],[111.0],[12.0],[395.0],[95.0],[6.0],[116.0],[203.0],[195.0],[325.0],[243.0],[375.0],[53.0],[275.0],[44.0],[241.0],[59.0],[211.0],[116.0],[103.0],[326.0],[48.0],[334.0],[10.0],[23.0],[315.0],[23.0],[274.0],[360.0],[387.0],[297.0],[59.0],[300.0],[390.0],[44.0],[242.0],[131.0],[327.0],[347.0],[334.0],[54.0],[44.0],[334.0],[275.0],[195.0],[277.0],[325.0],[315.0],[91.0],[264.0],[104.0],[360.0],[299.0],[360.0],[76.0],[196.0],[325.0],[18.0],[54.0],[375.0],[380.0],[131.0],[358.0],[358.0],[241.0],[358.0],[362.0],[341.0],[14.0],[71.0],[123.0],[19.0],[103.0],[360.0],[392.0],[116.0],[362.0],[8.0],[333.0],[18.0],[264.0],[195.0],[116.0],[300.0],[380.0],[333.0],[328.0],[222.0],[358.0],[298.0],[360.0],[139.0],[19.0],[111.0],[380.0],[241.0],[181.0],[326.0],[364.0],[297.0]
34,[306.0],[315.0],[59.0],[95.0],[19.0],[52.0],[19.0],[59.0],[300.0],[139.0],[328.0],[95.0],[367.0],[102.0],[243.0],[78.0],[139.0],[139.0],[10.0],[55.0],[333.0],[103.0],[12.0],[12.0],[360.0],[14.0],[155.0],[206.0],[376.0],[59.0],[7.0],[6.0],[171.0],[154.0],[380.0],[116.0],[46.0],[306.0],[102.0],[326.0],[21.0],[276.0],[154.0],[179.0],[207.0],[144.0],[25.0],[395.0],[83.0],[116.0],[360.0],[387.0],[42.0],[60.0],[394.0],[334.0],[71.0],[56.0],[333.0],[390.0],[26.0],[334.0],[300.0],[376.0],[347.0],[200.0],[52.0],[76.0],[0.0],[26.0],[209.0],[196.0],[123.0],[243.0],[362.0],[71.0],[179.0],[6.0],[244.0],[145.0],[26.0],[364.0],[55.0],[4.0],[11.0],[361.0],[52.0],[46.0],[361.0],[163.0],[397.0],[333.0],[103.0],[144.0],[332.0],[206.0],[326.0],[55.0],[53.0],[95.0]
35,[325.0],[56.0],[360.0],[131.0],[326.0],[264.0],[12.0],[54.0],[7.0],[300.0],[361.0],[12.0],[46.0],[25.0],[103.0],[55.0],[111.0],[376.0],[44.0],[390.0],[42.0],[131.0],[59.0],[54.0],[131.0],[139.0],[378.0],[71.0],[209.0],[390.0],[344.0],[53.0],[95.0],[362.0],[375.0],[59.0],[165.0],[26.0],[243.0],[241.0],[334.0],[26.0],[326.0],[55.0],[116.0],[23.0],[55.0],[23.0],[291.0],[181.0],[364.0],[49.0],[325.0],[23.0],[362.0],[59.0],[102.0],[71.0],[36.0],[328.0],[123.0],[123.0],[44.0],[60.0],[275.0],[277.0],[11.0],[133.0],[44.0],[179.0],[367.0],[56.0],[360.0],[111.0],[395.0],[4.0],[207.0],[359.0],[131.0],[334.0],[139.0],[203.0],[387.0],[391.0],[326.0],[154.0],[95.0],[353.0],[373.0],[263.0],[243.0],[209.0],[154.0],[296.0],[116.0],[46.0],[249.0],[144.0],[60.0],[27.0]
36,[211.0],[44.0],[361.0],[116.0],[111.0],[56.0],[139.0],[19.0],[344.0],[53.0],[131.0],[56.0],[359.0],[6.0],[362.0],[297.0],[358.0],[36.0],[53.0],[52.0],[375.0],[243.0],[54.0],[211.0],[362.0],[306.0],[358.0],[116.0],[301.0],[54.0],[165.0],[364.0],[395.0],[25.0],[111.0],[54.0],[326.0],[123.0],[44.0],[344.0],[139.0],[341.0],[378.0],[297.0],[275.0],[326.0],[366.0],[206.0],[94.0],[108.0],[116.0],[211.0],[375.0],[310.0],[375.0],[362.0],[20.0],[306.0],[133.0],[10.0],[53.0],[361.0],[146.0],[53.0],[325.0],[155.0],[297.0],[18.0],[243.0],[391.0],[103.0],[116.0],[341.0],[380.0],[277.0],[368.0],[27.0],[387.0],[159.0],[362.0],[275.0],[54.0],[54.0],[367.0],[27.0],[179.0],[209.0],[326.0],[27.0],[55.0],[341.0],[241.0],[111.0],[242.0],[59.0],[306.0],[395.0],[297.0],[6.0],[358.0]
37,[387.0],[301.0],[243.0],[368.0],[275.0],[361.0],[360.0],[387.0],[325.0],[206.0],[71.0],[326.0],[222.0],[211.0],[10.0],[222.0],[277.0],[209.0],[139.0],[206.0],[328.0],[44.0],[387.0],[71.0],[244.0],[131.0],[209.0],[7.0],[49.0],[124.0],[360.0],[297.0],[50.0],[275.0],[154.0],[48.0],[360.0],[275.0],[146.0],[55.0],[203.0],[59.0],[53.0],[369.0],[277.0],[328.0],[27.0],[111.0],[211.0],[55.0],[361.0],[325.0],[277.0],[366.0],[392.0],[358.0],[243.0],[12.0],[395.0],[341.0],[111.0],[344.0],[387.0],[55.0],[326.0],[326.0],[8.0],[299.0],[375.0],[27.0],[25.0],[36.0],[361.0],[48.0],[364.0],[264.0],[94.0],[26.0],[203.0],[361.0],[36.0],[301.0],[362.0],[116.0],[12.0],[376.0],[139.0],[116.0],[375.0],[315.0],[333.0],[243.0],[44.0],[10.0],[297.0],[347.0],[103.0],[325.0],[196.0],[26.0]
38,[139.0],[181.0],[108.0],[277.0],[367.0],[315.0],[195.0],[116.0],[139.0],[83.0],[19.0],[18.0],[44.0],[163.0],[6.0],[54.0],[361.0],[23.0],[315.0],[395.0],[242.0],[315.0],[222.0],[326.0],[211.0],[11.0],[60.0],[44.0],[18.0],[392.0],[25.0],[129.0],[333.0],[315.0],[359.0],[56.0],[139.0],[55.0],[298.0],[306.0],[10.0],[111.0],[222.0],[277.0],[211.0],[19.0],[71.0],[59.0],[361.0],[275.0],[295.0],[222.0],[377.0],[42.0],[8.0],[111.0],[17.0],[332.0],[362.0],[224.0],[268.0],[56.0],[56.0],[386.0],[103.0],[233.0],[6.0],[48.0],[165.0],[326.0],[210.0],[243.0],[395.0],[60.0],[7.0],[298.0],[139.0],[360.0],[325.0],[27.0],[298.0],[297.0],[358.0],[360.0],[60.0],[19.0],[390.0],[196.0],[241.0],[131.0],[46.0],[108.0],[142.0],[364.0],[11.0],[154.0],[359.0],[10.0],[297.0],[276.0]
39,[367.0],[297.0],[103.0],[54.0],[12.0],[209.0],[10.0],[209.0],[146.0],[46.0],[264.0],[359.0],[111.0],[4.0],[375.0],[53.0],[300.0],[19.0],[19.0],[210.0],[241.0],[387.0],[375.0],[325.0],[60.0],[104.0],[264.0],[372.0],[391.0],[55.0],[375.0],[222.0],[244.0],[380.0],[334.0],[49.0],[359.0],[71.0],[241.0],[103.0],[211.0],[372.0],[325.0],[362.0],[59.0],[12.0],[380.0],[6.0],[328.0],[27.0],[95.0],[378.0],[131.0],[392.0],[241.0],[389.0],[362.0],[395.0],[116.0],[370.0],[326.0],[27.0],[27.0],[95.0],[263.0],[206.0],[358.0],[91.0],[7.0],[23.0],[59.0],[209.0],[71.0],[26.0],[71.0],[362.0],[7.0],[27.0],[27.0],[11.0],[328.0],[14.0],[71.0],[206.0],[315.0],[243.0],[329.0],[295.0],[36.0],[222.0],[241.0],[8.0],[391.0],[210.0],[49.0],[71.0],[131.0],[108.0],[71.0],[23.0]
40,[19.0],[362.0],[203.0],[18.0],[171.0],[306.0],[380.0],[353.0],[306.0],[378.0],[46.0],[391.0],[360.0],[203.0],[372.0],[95.0],[104.0],[7.0],[243.0],[377.0],[54.0],[111.0],[362.0],[18.0],[139.0],[60.0],[301.0],[49.0],[116.0],[241.0],[244.0],[326.0],[139.0],[222.0],[12.0],[243.0],[390.0],[295.0],[154.0],[341.0],[392.0],[171.0],[11.0],[243.0],[7.0],[200.0],[7.0],[231.0],[275.0],[48.0],[56.0],[203.0],[332.0],[6.0],[36.0],[8.0],[334.0],[14.0],[53.0],[18.0],[328.0],[44.0],[54.0],[361.0],[342.0],[14.0],[78.0],[333.0],[55.0],[144.0],[14.0],[6.0],[53.0],[21.0],[111.0],[60.0],[76.0],[263.0],[95.0],[131.0],[94.0],[206.0],[53.0],[26.0],[6.0],[362.0],[26.0],[372.0],[264.0],[18.0],[59.0],[116.0],[59.0],[27.0],[277.0],[210.0],[244.0],[333.0],[206.0],[391.0]
41,[7.0],[95.0],[56.0],[25.0],[46.0],[55.0],[364.0],[12.0],[71.0],[55.0],[139.0],[333.0],[5.0],[131.0],[347.0],[10.0],[23.0],[206.0],[378.0],[83.0],[155.0],[203.0],[139.0],[53.0],[333.0],[387.0],[244.0],[209.0],[334.0],[332.0],[54.0],[104.0],[345.0],[104.0],[131.0],[306.0],[297.0],[333.0],[53.0],[108.0],[36.0],[55.0],[333.0],[54.0],[44.0],[361.0],[244.0],[210.0],[306.0],[52.0],[195.0],[333.0],[146.0],[306.0],[6.0],[144.0],[275.0],[165.0],[78.0],[209.0],[102.0],[325.0],[71.0],[163.0],[131.0],[26.0],[361.0],[360.0],[328.0],[359.0],[276.0],[203.0],[26.0],[83.0],[5.0],[361.0],[325.0],[222.0],[155.0],[56.0],[200.0],[154.0],[241.0],[59.0],[325.0],[315.0],[181.0],[59.0],[139.0],[328.0],[36.0],[369.0],[360.0],[131.0],[275.0],[203.0],[7.0],[71.0],[113.0],[7.0]
42,[222.0],[380.0],[10.0],[139.0],[21.0],[7.0],[123.0],[359.0],[116.0],[209.0],[60.0],[342.0],[333.0],[377.0],[295.0],[361.0],[46.0],[326.0],[222.0],[111.0],[123.0],[295.0],[275.0],[297.0],[390.0],[361.0],[165.0],[334.0],[54.0],[12.0],[144.0],[52.0],[165.0],[54.0],[155.0],[241.0],[12.0],[241.0],[211.0],[209.0],[14.0],[389.0],[277.0],[10.0],[333.0],[166.0],[42.0],[139.0],[375.0],[155.0],[133.0],[358.0],[36.0],[108.0],[160.0],[387.0],[301.0],[123.0],[10.0],[154.0],[376.0],[12.0],[59.0],[231.0],[360.0],[315.0],[341.0],[146.0],[131.0],[113.0],[325.0],[94.0],[241.0],[12.0],[328.0],[14.0],[347.0],[195.0],[139.0],[139.0],[195.0],[334.0],[46.0],[27.0],[391.0],[76.0],[333.0],[12.0],[328.0],[369.0],[95.0],[51.0],[7.0],[21.0],[200.0],[211.0],[315.0],[306.0],[277.0],[301.0]
43,[51.0],[206.0],[264.0],[23.0],[55.0],[325.0],[301.0],[315.0],[387.0],[375.0],[108.0],[393.0],[131.0],[195.0],[108.0],[325.0],[52.0],[325.0],[42.0],[222.0],[59.0],[222.0],[4.0],[362.0],[42.0],[71.0],[91.0],[293.0],[36.0],[341.0],[131.0],[334.0],[19.0],[328.0],[326.0],[207.0],[171.0],[315.0],[325.0],[10.0],[306.0],[95.0],[358.0],[359.0],[325.0],[59.0],[361.0],[19.0],[387.0],[333.0],[387.0],[375.0],[293.0],[245.0],[12.0],[326.0],[329.0],[359.0],[14.0],[326.0],[211.0],[364.0],[154.0],[154.0],[297.0],[359.0],[203.0],[11.0],[144.0],[275.0],[389.0],[390.0],[36.0],[4.0],[94.0],[380.0],[264.0],[391.0],[334.0],[55.0],[17.0],[209.0],[111.0],[12.0],[333.0],[7.0],[159.0],[367.0],[325.0],[23.0],[209.0],[325.0],[390.0],[116.0],[360.0],[26.0],[44.0],[395.0],[55.0],[367.0]
44,[123.0],[154.0],[387.0],[386.0],[146.0],[222.0],[207.0],[334.0],[36.0],[333.0],[0.0],[325.0],[361.0],[387.0],[154.0],[154.0],[200.0],[12.0],[263.0],[360.0],[389.0],[277.0],[328.0],[111.0],[249.0],[264.0],[342.0],[131.0],[7.0],[108.0],[95.0],[369.0],[144.0],[144.0],[42.0],[231.0],[275.0],[334.0],[359.0],[95.0],[328.0],[397.0],[83.0],[361.0],[155.0],[171.0],[297.0],[195.0],[353.0],[42.0],[344.0],[361.0],[276.0],[59.0],[206.0],[395.0],[108.0],[95.0],[139.0],[25.0],[297.0],[160.0],[389.0],[224.0],[111.0],[390.0],[14.0],[244.0],[264.0],[206.0],[359.0],[54.0],[23.0],[264.0],[341.0],[344.0],[306.0],[397.0],[249.0],[71.0],[49.0],[277.0],[366.0],[347.0],[26.0],[166.0],[12.0],[387.0],[108.0],[243.0],[362.0],[347.0],[209.0],[209.0],[244.0],[7.0],[264.0],[17.0],[275.0],[154.0]
45,[275.0],[14.0],[277.0],[347.0],[353.0],[51.0],[277.0],[218.0],[375.0],[360.0],[347.0],[19.0],[334.0],[341.0],[27.0],[359.0],[387.0],[298.0],[206.0],[7.0],[7.0],[76.0],[360.0],[319.0],[325.0],[391.0],[71.0],[78.0],[315.0],[56.0],[243.0],[390.0],[222.0],[277.0],[36.0],[155.0],[155.0],[44.0],[395.0],[200.0],[241.0],[360.0],[60.0],[42.0],[341.0],[306.0],[275.0],[264.0],[60.0],[277.0],[275.0],[362.0],[139.0],[14.0],[242.0],[25.0],[7.0],[203.0],[328.0],[23.0],[375.0],[295.0],[375.0],[325.0],[306.0],[139.0],[369.0],[328.0],[18.0],[375.0],[264.0],[218.0],[146.0],[25.0],[23.0],[95.0],[5.0],[25.0],[274.0],[390.0],[42.0],[200.0],[131.0],[54.0],[55.0],[131.0],[210.0],[14.0],[95.0],[211.0],[332.0],[103.0],[206.0],[297.0],[391.0],[55.0],[123.0],[275.0],[389.0],[102.0]
46,[171.0],[379.0],[181.0],[52.0],[18.0],[71.0],[306.0],[376.0],[52.0],[297.0],[342.0],[111.0],[241.0],[334.0],[262.0],[326.0],[344.0],[20.0],[211.0],[18.0],[298.0],[46.0],[392.0],[264.0],[327.0],[325.0],[263.0],[361.0],[299.0],[11.0],[380.0],[23.0],[10.0],[139.0],[264.0],[222.0],[94.0],[8.0],[103.0],[389.0],[102.0],[358.0],[264.0],[334.0],[359.0],[210.0],[296.0],[104.0],[222.0],[23.0],[306.0],[206.0],[171.0],[209.0],[224.0],[325.0],[244.0],[27.0],[306.0],[91.0],[7.0],[103.0],[155.0],[367.0],[53.0],[11.0],[171.0],[362.0],[206.0],[315.0],[21.0],[181.0],[113.0],[9.0],[295.0],[347.0],[19.0],[377.0],[59.0],[298.0],[325.0],[59.0],[243.0],[53.0],[10.0],[341.0],[60.0],[154.0],[7.0],[42.0],[297.0],[361.0],[54.0],[361.0],[71.0],[14.0],[275.0],[94.0],[18.0],[315.0]
47,[209.0],[23.0],[46.0],[123.0],[328.0],[307.0],[102.0],[298.0],[362.0],[391.0],[23.0],[14.0],[123.0],[362.0],[56.0],[315.0],[241.0],[360.0],[341.0],[298.0],[344.0],[391.0],[7.0],[341.0],[380.0],[46.0],[243.0],[306.0],[200.0],[26.0],[12.0],[200.0],[24.0],[42.0],[298.0],[53.0],[361.0],[345.0],[36.0],[211.0],[181.0],[49.0],[361.0],[9.0],[12.0],[359.0],[154.0],[42.0],[315.0],[91.0],[328.0],[359.0],[241.0],[76.0],[315.0],[27.0],[375.0],[83.0],[123.0],[334.0],[341.0],[375.0],[395.0],[21.0],[222.0],[27.0],[333.0],[389.0],[200.0],[59.0],[6.0],[7.0],[78.0],[59.0],[326.0],[112.0],[341.0],[54.0],[102.0],[59.0],[54.0],[55.0],[144.0],[51.0],[196.0],[222.0],[243.0],[203.0],[19.0],[181.0],[298.0],[12.0],[375.0],[295.0],[27.0],[54.0],[209.0],[27.0],[59.0],[368.0]
48,[154.0],[242.0],[306.0],[102.0],[334.0],[103.0],[263.0],[104.0],[368.0],[334.0],[334.0],[264.0],[42.0],[18.0],[388.0],[301.0],[264.0],[78.0],[369.0],[295.0],[53.0],[36.0],[23.0],[195.0],[361.0],[209.0],[341.0],[231.0],[375.0],[210.0],[111.0],[10.0],[361.0],[395.0],[344.0],[327.0],[53.0],[395.0],[276.0],[325.0],[196.0],[347.0],[347.0],[224.0],[60.0],[189.0],[306.0],[49.0],[7.0],[359.0],[291.0],[390.0],[46.0],[222.0],[341.0],[103.0],[353.0],[111.0],[334.0],[264.0],[358.0],[206.0],[36.0],[298.0],[23.0],[276.0],[53.0],[55.0],[326.0],[48.0],[395.0],[9.0],[46.0],[108.0],[139.0],[318.0],[133.0],[383.0],[359.0],[369.0],[133.0],[23.0],[369.0],[264.0],[342.0],[55.0],[347.0],[133.0],[60.0],[388.0],[375.0],[377.0],[297.0],[366.0],[209.0],[387.0],[116.0],[359.0],[244.0],[146.0]
49,[200.0],[207.0],[347.0],[241.0],[123.0],[53.0],[211.0],[165.0],[55.0],[200.0],[357.0],[380.0],[389.0],[376.0],[55.0],[369.0],[55.0],[328.0],[55.0],[209.0],[171.0],[360.0],[18.0],[116.0],[102.0],[116.0],[276.0],[359.0],[277.0],[154.0],[275.0],[139.0],[325.0],[244.0],[95.0],[144.0],[123.0],[297.0],[6.0],[5.0],[95.0],[139.0],[275.0],[22.0],[241.0],[297.0],[347.0],[25.0],[59.0],[347.0],[48.0],[6.0],[231.0],[390.0],[108.0],[388.0],[347.0],[386.0],[387.0],[206.0],[195.0],[94.0],[276.0],[275.0],[368.0],[327.0],[392.0],[361.0],[298.0],[10.0],[390.0],[328.0],[264.0],[222.0],[146.0],[94.0],[241.0],[366.0],[7.0],[7.0],[211.0],[376.0],[249.0],[222.0],[387.0],[59.0],[51.0],[155.0],[387.0],[20.0],[42.0],[276.0],[306.0],[60.0],[195.0],[209.0],[390.0],[362.0],[395.0],[206.0]
50,[277.0],[222.0],[298.0],[53.0],[25.0],[203.0],[358.0],[159.0],[14.0],[222.0],[25.0],[104.0],[181.0],[347.0],[358.0],[14.0],[42.0],[59.0],[306.0],[42.0],[387.0],[196.0],[383.0],[369.0],[297.0],[26.0],[104.0],[367.0],[206.0],[14.0],[53.0],[26.0],[378.0],[26.0],[343.0],[210.0],[343.0],[325.0],[249.0],[375.0],[209.0],[333.0],[102.0],[123.0],[361.0],[83.0],[12.0],[358.0],[367.0],[46.0],[367.0],[116.0],[306.0],[341.0],[297.0],[301.0],[328.0],[23.0],[372.0],[222.0],[391.0],[10.0],[131.0],[26.0],[274.0],[395.0],[277.0],[94.0],[275.0],[154.0],[78.0],[10.0],[48.0],[326.0],[195.0],[55.0],[54.0],[21.0],[297.0],[241.0],[55.0],[298.0],[333.0],[359.0],[123.0],[332.0],[4.0],[315.0],[111.0],[104.0],[0.0],[359.0],[139.0],[206.0],[362.0],[94.0],[76.0],[277.0],[145.0],[14.0]
51,[293.0],[209.0],[222.0],[195.0],[206.0],[102.0],[71.0],[163.0],[393.0],[25.0],[367.0],[367.0],[48.0],[56.0],[59.0],[60.0],[165.0],[264.0],[171.0],[60.0],[249.0],[171.0],[359.0],[5.0],[195.0],[144.0],[78.0],[241.0],[23.0],[206.0],[42.0],[18.0],[326.0],[274.0],[301.0],[166.0],[59.0],[12.0],[310.0],[390.0],[389.0],[352.0],[353.0],[347.0],[165.0],[209.0],[301.0],[108.0],[55.0],[229.0],[326.0],[195.0],[328.0],[397.0],[171.0],[171.0],[395.0],[209.0],[76.0],[244.0],[325.0],[11.0],[341.0],[360.0],[206.0],[332.0],[389.0],[390.0],[334.0],[102.0],[52.0],[195.0],[14.0],[95.0],[73.0],[111.0],[224.0],[154.0],[5.0],[21.0],[341.0],[341.0],[390.0],[297.0],[209.0],[42.0],[25.0],[7.0],[25.0],[375.0],[165.0],[60.0],[332.0],[262.0],[102.0],[360.0],[53.0],[397.0],[42.0],[54.0]
52,[46.0],[263.0],[154.0],[334.0],[325.0],[297.0],[325.0],[277.0],[25.0],[264.0],[206.0],[10.0],[395.0],[116.0],[369.0],[25.0],[36.0],[53.0],[291.0],[36.0],[376.0],[200.0],[14.0],[55.0],[55.0],[203.0],[353.0],[390.0],[275.0],[277.0],[306.0],[332.0],[49.0],[295.0],[369.0],[263.0],[222.0],[361.0],[206.0],[195.0],[380.0],[7.0],[10.0],[206.0],[9.0],[7.0],[11.0],[181.0],[52.0],[360.0],[209.0],[54.0],[390.0],[298.0],[233.0],[376.0],[203.0],[196.0],[95.0],[359.0],[55.0],[59.0],[175.0],[155.0],[160.0],[36.0],[195.0],[165.0],[277.0],[297.0],[358.0],[297.0],[55.0],[249.0],[275.0],[171.0],[171.0],[206.0],[181.0],[332.0],[359.0],[116.0],[359.0],[306.0],[76.0],[298.0],[111.0],[102.0],[123.0],[297.0],[206.0],[380.0],[18.0],[139.0],[165.0],[395.0],[277.0],[244.0],[378.0],[241.0]
53,[341.0],[171.0],[50.0],[55.0],[56.0],[344.0],[144.0],[293.0],[10.0],[296.0],[244.0],[55.0],[242.0],[243.0],[231.0],[362.0],[375.0],[390.0],[340.0],[165.0],[373.0],[376.0],[301.0],[102.0],[366.0],[10.0],[54.0],[12.0],[53.0],[307.0],[139.0],[146.0],[359.0],[21.0],[325.0],[51.0],[327.0],[329.0],[10.0],[94.0],[359.0],[12.0],[195.0],[264.0],[206.0],[276.0],[26.0],[241.0],[123.0],[20.0],[277.0],[18.0],[17.0],[211.0],[82.0],[369.0],[139.0],[315.0],[30.0],[203.0],[154.0],[300.0],[372.0],[245.0],[333.0],[56.0],[377.0],[245.0],[196.0],[200.0],[241.0],[200.0],[52.0],[76.0],[196.0],[59.0],[361.0],[297.0],[54.0],[36.0],[276.0],[7.0],[389.0],[10.0],[23.0],[392.0],[7.0],[341.0],[9.0],[11.0],[131.0],[242.0],[376.0],[44.0],[7.0],[91.0],[306.0],[361.0],[203.0],[209.0]
54,[297.0],[295.0],[275.0],[159.0],[187.0],[243.0],[333.0],[25.0],[78.0],[102.0],[218.0],[209.0],[26.0],[12.0],[277.0],[277.0],[123.0],[154.0],[154.0],[27.0],[222.0],[245.0],[358.0],[361.0],[46.0],[241.0],[131.0],[392.0],[56.0],[73.0],[353.0],[246.0],[154.0],[306.0],[241.0],[154.0],[10.0],[196.0],[48.0],[359.0],[25.0],[377.0],[26.0],[306.0],[297.0],[22.0],[52.0],[319.0],[277.0],[10.0],[298.0],[95.0],[395.0],[113.0],[369.0],[359.0],[54.0],[53.0],[298.0],[392.0],[116.0],[367.0],[390.0],[113.0],[200.0],[209.0],[7.0],[116.0],[297.0],[159.0],[326.0],[12.0],[334.0],[296.0],[54.0],[76.0],[231.0],[155.0],[362.0],[393.0],[71.0],[139.0],[334.0],[315.0],[297.0],[395.0],[241.0],[298.0],[154.0],[26.0],[11.0],[102.0],[195.0],[276.0],[262.0],[4.0],[154.0],[264.0],[154.0],[51.0]
55,[94.0],[139.0],[18.0],[108.0],[341.0],[380.0],[55.0],[380.0],[12.0],[315.0],[209.0],[275.0],[298.0],[139.0],[222.0],[209.0],[102.0],[11.0],[59.0],[102.0],[36.0],[359.0],[264.0],[123.0],[76.0],[359.0],[53.0],[14.0],[276.0],[296.0],[222.0],[7.0],[375.0],[59.0],[7.0],[209.0],[19.0],[54.0],[274.0],[48.0],[94.0],[375.0],[341.0],[53.0],[36.0],[49.0],[155.0],[242.0],[380.0],[36.0],[59.0],[341.0],[7.0],[25.0],[264.0],[95.0],[367.0],[206.0],[144.0],[362.0],[18.0],[369.0],[102.0],[44.0],[361.0],[222.0],[390.0],[42.0],[108.0],[53.0],[154.0],[325.0],[7.0],[333.0],[55.0],[297.0],[102.0],[275.0],[55.0],[360.0],[389.0],[113.0],[103.0],[71.0],[7.0],[196.0],[325.0],[53.0],[51.0],[7.0],[325.0],[353.0],[171.0],[49.0],[44.0],[23.0],[10.0],[73.0],[102.0],[116.0]
56,[315.0],[76.0],[109.0],[7.0],[390.0],[94.0],[49.0],[362.0],[341.0],[277.0],[4.0],[222.0],[55.0],[53.0],[196.0],[59.0],[7.0],[222.0],[209.0],[21.0],[315.0],[91.0],[380.0],[222.0],[387.0],[25.0],[20.0],[233.0],[113.0],[200.0],[298.0],[380.0],[390.0],[94.0],[23.0],[12.0],[262.0],[332.0],[83.0],[18.0],[123.0],[46.0],[42.0],[7.0],[347.0],[53.0],[353.0],[155.0],[14.0],[334.0],[241.0],[154.0],[102.0],[353.0],[95.0],[264.0],[277.0],[276.0],[46.0],[297.0],[390.0],[389.0],[264.0],[395.0],[18.0],[53.0],[326.0],[51.0],[25.0],[244.0],[301.0],[241.0],[154.0],[144.0],[244.0],[103.0],[359.0],[333.0],[218.0],[341.0],[155.0],[387.0],[360.0],[133.0],[154.0],[360.0],[244.0],[306.0],[295.0],[36.0],[78.0],[263.0],[387.0],[222.0],[392.0],[163.0],[36.0],[291.0],[264.0],[139.0]
57,[102.0],[329.0],[390.0],[327.0],[244.0],[83.0],[44.0],[10.0],[333.0],[14.0],[295.0],[347.0],[189.0],[263.0],[14.0],[306.0],[378.0],[200.0],[83.0],[139.0],[392.0],[14.0],[21.0],[241.0],[133.0],[297.0],[43.0],[55.0],[241.0],[144.0],[369.0],[264.0],[200.0],[376.0],[387.0],[334.0],[44.0],[376.0],[195.0],[315.0],[71.0],[222.0],[23.0],[113.0],[53.0],[46.0],[18.0],[7.0],[84.0],[7.0],[10.0],[298.0],[298.0],[377.0],[353.0],[14.0],[391.0],[297.0],[207.0],[36.0],[206.0],[90.0],[12.0],[123.0],[76.0],[46.0],[206.0],[73.0],[171.0],[222.0],[46.0],[27.0],[44.0],[36.0],[274.0],[345.0],[163.0],[264.0],[94.0],[83.0],[395.0],[94.0],[347.0],[329.0],[244.0],[369.0],[55.0],[94.0],[146.0],[275.0],[244.0],[222.0],[196.0],[326.0],[103.0],[179.0],[83.0],[83.0],[27.0],[36.0]
58,[53.0],[332.0],[241.0],[264.0],[116.0],[334.0],[76.0],[171.0],[111.0],[275.0],[378.0],[26.0],[139.0],[375.0],[48.0],[378.0],[154.0],[155.0],[11.0],[14.0],[264.0],[343.0],[56.0],[209.0],[222.0],[123.0],[111.0],[95.0],[12.0],[326.0],[209.0],[275.0],[301.0],[76.0],[159.0],[71.0],[48.0],[163.0],[104.0],[244.0],[244.0],[326.0],[244.0],[218.0],[94.0],[207.0],[94.0],[325.0],[206.0],[389.0],[154.0],[209.0],[386.0],[73.0],[56.0],[11.0],[332.0],[341.0],[275.0],[113.0],[222.0],[53.0],[20.0],[200.0],[95.0],[298.0],[375.0],[387.0],[389.0],[94.0],[387.0],[358.0],[104.0],[298.0],[53.0],[210.0],[55.0],[171.0],[113.0],[111.0],[25.0],[56.0],[10.0],[334.0],[386.0],[241.0],[366.0],[359.0],[155.0],[53.0],[242.0],[244.0],[163.0],[59.0],[298.0],[372.0],[301.0],[353.0],[380.0],[60.0]
59,[392.0],[48.0],[344.0],[76.0],[102.0],[10.0],[387.0],[263.0],[277.0],[380.0],[54.0],[78.0],[154.0],[359.0],[276.0],[276.0],[181.0],[171.0],[245.0],[146.0],[206.0],[102.0],[55.0],[380.0],[154.0],[171.0],[195.0],[210.0],[274.0],[293.0],[367.0],[207.0],[341.0],[392.0],[277.0],[23.0],[55.0],[139.0],[7.0],[29.0],[206.0],[54.0],[94.0],[25.0],[48.0],[76.0],[209.0],[359.0],[376.0],[159.0],[222.0],[71.0],[155.0],[391.0],[298.0],[54.0],[262.0],[301.0],[375.0],[53.0],[361.0],[54.0],[206.0],[12.0],[123.0],[102.0],[209.0],[179.0],[362.0],[60.0],[245.0],[293.0],[263.0],[206.0],[325.0],[108.0],[206.0],[375.0],[369.0],[359.0],[332.0],[60.0],[361.0],[9.0],[206.0],[94.0],[200.0],[264.0],[83.0],[76.0],[104.0],[7.0],[56.0],[154.0],[139.0],[10.0],[12.0],[360.0],[332.0],[12.0]
60,[390.0],[49.0],[124.0],[5.0],[375.0],[46.0],[111.0],[102.0],[347.0],[262.0],[154.0],[7.0],[286.0],[222.0],[241.0],[44.0],[179.0],[18.0],[4.0],[154.0],[383.0],[26.0],[163.0],[155.0],[209.0],[291.0],[224.0],[347.0],[139.0],[27.0],[377.0],[20.0],[113.0],[46.0],[10.0],[46.0],[276.0],[7.0],[334.0],[20.0],[264.0],[249.0],[48.0],[27.0],[387.0],[139.0],[242.0],[74.0],[26.0],[366.0],[200.0],[139.0],[358.0],[277.0],[59.0],[222.0],[144.0],[60.0],[55.0],[7.0],[275.0],[25.0],[380.0],[241.0],[4.0],[6.0],[332.0],[117.0],[94.0],[325.0],[275.0],[264.0],[144.0],[352.0],[123.0],[83.0],[370.0],[276.0],[264.0],[14.0],[315.0],[353.0],[222.0],[60.0],[71.0],[329.0],[78.0],[395.0],[18.0],[206.0],[222.0],[78.0],[353.0],[12.0],[46.0],[389.0],[95.0],[298.0],[386.0],[326.0]
61,[4.0],[165.0],[359.0],[326.0],[222.0],[36.0],[94.0],[5.0],[31.0],[249.0],[7.0],[315.0],[60.0],[325.0],[326.0],[23.0],[328.0],[54.0],[375.0],[392.0],[296.0],[297.0],[171.0],[277.0],[48.0],[94.0],[4.0],[133.0],[389.0],[359.0],[195.0],[342.0],[42.0],[133.0],[297.0],[372.0],[347.0],[53.0],[367.0],[165.0],[378.0],[342.0],[231.0],[163.0],[90.0],[275.0],[102.0],[327.0],[249.0],[326.0],[123.0],[200.0],[195.0],[244.0],[14.0],[18.0],[241.0],[241.0],[264.0],[315.0],[23.0],[14.0],[123.0],[229.0],[375.0],[361.0],[324.0],[27.0],[155.0],[160.0],[109.0],[387.0],[387.0],[387.0],[297.0],[26.0],[48.0],[7.0],[368.0],[91.0],[104.0],[350.0],[7.0],[318.0],[4.0],[10.0],[54.0],[358.0],[14.0],[341.0],[390.0],[111.0],[326.0],[387.0],[42.0],[326.0],[21.0],[345.0],[159.0],[123.0]
62,[26.0],[325.0],[392.0],[306.0],[376.0],[73.0],[275.0],[53.0],[275.0],[7.0],[94.0],[159.0],[276.0],[111.0],[111.0],[393.0],[306.0],[144.0],[297.0],[155.0],[102.0],[94.0],[95.0],[91.0],[95.0],[276.0],[362.0],[296.0],[21.0],[222.0],[171.0],[277.0],[102.0],[332.0],[306.0],[42.0],[109.0],[102.0],[372.0],[277.0],[154.0],[297.0],[262.0],[242.0],[123.0],[380.0],[206.0],[165.0],[49.0],[139.0],[388.0],[53.0],[222.0],[297.0],[27.0],[360.0],[113.0],[378.0],[325.0],[347.0],[277.0],[159.0],[139.0],[25.0],[358.0],[372.0],[18.0],[264.0],[301.0],[155.0],[352.0],[59.0],[20.0],[123.0],[241.0],[369.0],[60.0],[388.0],[14.0],[200.0],[382.0],[367.0],[159.0],[244.0],[56.0],[387.0],[361.0],[325.0],[347.0],[249.0],[155.0],[334.0],[276.0],[155.0],[276.0],[315.0],[55.0],[376.0],[393.0],[359.0]
63,[334.0],[78.0],[174.0],[144.0],[241.0],[154.0],[222.0],[389.0],[59.0],[347.0],[377.0],[154.0],[108.0],[7.0],[263.0],[200.0],[390.0],[244.0],[71.0],[326.0],[263.0],[155.0],[276.0],[179.0],[341.0],[369.0],[361.0],[298.0],[14.0],[155.0],[116.0],[102.0],[55.0],[293.0],[91.0],[113.0],[76.0],[301.0],[159.0],[395.0],[367.0],[10.0],[241.0],[390.0],[22.0],[165.0],[389.0],[244.0],[3.0],[102.0],[83.0],[10.0],[104.0],[7.0],[326.0],[306.0],[56.0],[154.0],[390.0],[139.0],[233.0],[376.0],[361.0],[345.0],[334.0],[94.0],[276.0],[395.0],[372.0],[146.0],[60.0],[60.0],[181.0],[78.0],[104.0],[165.0],[10.0],[350.0],[73.0],[206.0],[163.0],[10.0],[76.0],[325.0],[200.0],[91.0],[327.0],[73.0],[104.0],[242.0],[123.0],[181.0],[46.0],[123.0],[315.0],[56.0],[195.0],[206.0],[94.0],[353.0]
64,[276.0],[347.0],[20.0],[359.0],[306.0],[327.0],[298.0],[361.0],[361.0],[108.0],[144.0],[165.0],[95.0],[154.0],[22.0],[76.0],[298.0],[48.0],[386.0],[276.0],[391.0],[241.0],[166.0],[275.0],[375.0],[30.0],[7.0],[123.0],[104.0],[10.0],[206.0],[262.0],[12.0],[209.0],[275.0],[200.0],[387.0],[391.0],[317.0],[11.0],[144.0],[329.0],[206.0],[155.0],[243.0],[27.0],[359.0],[367.0],[298.0],[395.0],[380.0],[372.0],[144.0],[380.0],[325.0],[275.0],[376.0],[25.0],[42.0],[196.0],[387.0],[91.0],[318.0],[244.0],[27.0],[108.0],[46.0],[274.0],[244.0],[306.0],[187.0],[344.0],[21.0],[347.0],[51.0],[181.0],[298.0],[53.0],[376.0],[171.0],[165.0],[390.0],[209.0],[224.0],[54.0],[377.0],[42.0],[209.0],[377.0],[102.0],[378.0],[25.0],[51.0],[200.0],[52.0],[328.0],[49.0],[218.0],[242.0],[298.0]
65,[264.0],[26.0],[94.0],[376.0],[347.0],[5.0],[389.0],[391.0],[222.0],[323.0],[262.0],[76.0],[387.0],[264.0],[207.0],[94.0],[341.0],[94.0],[293.0],[95.0],[360.0],[7.0],[341.0],[244.0],[54.0],[195.0],[163.0],[326.0],[361.0],[123.0],[18.0],[376.0],[14.0],[108.0],[195.0],[11.0],[378.0],[23.0],[139.0],[323.0],[332.0],[14.0],[76.0],[71.0],[249.0],[14.0],[360.0],[14.0],[209.0],[276.0],[7.0],[131.0],[264.0],[19.0],[379.0],[244.0],[155.0],[44.0],[94.0],[102.0],[163.0],[388.0],[18.0],[7.0],[7.0],[210.0],[0.0],[295.0],[36.0],[181.0],[274.0],[380.0],[297.0],[14.0],[10.0],[11.0],[263.0],[138.0],[10.0],[180.0],[181.0],[343.0],[60.0],[102.0],[332.0],[160.0],[387.0],[297.0],[222.0],[325.0],[387.0],[332.0],[352.0],[42.0],[14.0],[263.0],[71.0],[14.0],[48.0],[18.0]
66,[71.0],[102.0],[36.0],[301.0],[48.0],[241.0],[163.0],[386.0],[206.0],[207.0],[332.0],[381.0],[76.0],[209.0],[52.0],[123.0],[27.0],[378.0],[301.0],[108.0],[229.0],[274.0],[102.0],[154.0],[298.0],[36.0],[14.0],[370.0],[108.0],[263.0],[48.0],[241.0],[181.0],[91.0],[94.0],[298.0],[306.0],[341.0],[46.0],[102.0],[353.0],[325.0],[55.0],[222.0],[19.0],[10.0],[100.0],[293.0],[231.0],[111.0],[25.0],[332.0],[372.0],[325.0],[390.0],[154.0],[123.0],[286.0],[376.0],[380.0],[200.0],[102.0],[263.0],[206.0],[389.0],[387.0],[102.0],[14.0],[102.0],[264.0],[297.0],[155.0],[359.0],[242.0],[397.0],[207.0],[366.0],[367.0],[46.0],[94.0],[52.0],[366.0],[102.0],[375.0],[301.0],[382.0],[389.0],[83.0],[12.0],[381.0],[352.0],[395.0],[327.0],[306.0],[144.0],[165.0],[139.0],[332.0],[341.0],[263.0]
67,[378.0],[323.0],[391.0],[325.0],[207.0],[60.0],[359.0],[123.0],[358.0],[23.0],[91.0],[20.0],[390.0],[298.0],[78.0],[195.0],[78.0],[245.0],[23.0],[113.0],[359.0],[206.0],[196.0],[42.0],[187.0],[90.0],[222.0],[154.0],[297.0],[53.0],[154.0],[377.0],[25.0],[326.0],[244.0],[102.0],[196.0],[359.0],[264.0],[275.0],[292.0],[209.0],[359.0],[380.0],[368.0],[367.0],[395.0],[276.0],[326.0],[301.0],[276.0],[301.0],[295.0],[274.0],[244.0],[293.0],[154.0],[4.0],[222.0],[301.0],[179.0],[196.0],[325.0],[329.0],[44.0],[7.0],[387.0],[195.0],[104.0],[196.0],[11.0],[341.0],[166.0],[129.0],[249.0],[391.0],[377.0],[315.0],[222.0],[293.0],[333.0],[196.0],[21.0],[333.0],[276.0],[347.0],[263.0],[11.0],[376.0],[200.0],[71.0],[46.0],[50.0],[207.0],[48.0],[244.0],[378.0],[46.0],[14.0],[361.0]
68,[262.0],[277.0],[26.0],[59.0],[210.0],[359.0],[264.0],[195.0],[224.0],[11.0],[397.0],[244.0],[36.0],[391.0],[389.0],[7.0],[207.0],[113.0],[18.0],[84.0],[60.0],[298.0],[209.0],[378.0],[5.0],[342.0],[25.0],[244.0],[171.0],[36.0],[387.0],[14.0],[387.0],[359.0],[200.0],[388.0],[78.0],[307.0],[145.0],[263.0],[222.0],[307.0],[90.0],[83.0],[163.0],[42.0],[179.0],[387.0],[18.0],[376.0],[91.0],[357.0],[387.0],[206.0],[60.0],[53.0],[380.0],[94.0],[155.0],[296.0],[369.0],[249.0],[42.0],[10.0],[10.0],[163.0],[94.0],[222.0],[391.0],[209.0],[344.0],[20.0],[222.0],[306.0],[387.0],[277.0],[117.0],[361.0],[53.0],[389.0],[22.0],[25.0],[395.0],[241.0],[42.0],[359.0],[306.0],[163.0],[296.0],[244.0],[7.0],[94.0],[102.0],[196.0],[26.0],[111.0],[332.0],[5.0],[49.0],[195.0]
69,[391.0],[341.0],[327.0],[9.0],[53.0],[200.0],[4.0],[111.0],[23.0],[123.0],[165.0],[231.0],[306.0],[171.0],[275.0],[139.0],[315.0],[104.0],[0.0],[347.0],[23.0],[386.0],[10.0],[200.0],[301.0],[111.0],[10.0],[325.0],[129.0],[275.0],[117.0],[111.0],[163.0],[210.0],[14.0],[44.0],[298.0],[58.0],[76.0],[104.0],[293.0],[293.0],[200.0],[187.0],[244.0],[102.0],[333.0],[36.0],[20.0],[171.0],[210.0],[367.0],[108.0],[123.0],[34.0],[102.0],[307.0],[264.0],[163.0],[60.0],[244.0],[18.0],[327.0],[17.0],[102.0],[376.0],[327.0],[298.0],[166.0],[332.0],[347.0],[11.0],[195.0],[94.0],[207.0],[209.0],[144.0],[60.0],[67.0],[82.0],[387.0],[36.0],[367.0],[387.0],[25.0],[325.0],[367.0],[362.0],[55.0],[207.0],[94.0],[293.0],[298.0],[367.0],[274.0],[383.0],[366.0],[25.0],[209.0],[334.0]
70,[327.0],[298.0],[376.0],[377.0],[380.0],[231.0],[241.0],[275.0],[293.0],[293.0],[222.0],[332.0],[341.0],[54.0],[352.0],[104.0],[332.0],[389.0],[102.0],[76.0],[27.0],[368.0],[244.0],[206.0],[123.0],[244.0],[249.0],[171.0],[326.0],[18.0],[10.0],[76.0],[78.0],[9.0],[224.0],[244.0],[195.0],[154.0],[55.0],[116.0],[295.0],[206.0],[71.0],[46.0],[56.0],[388.0],[245.0],[55.0],[154.0],[369.0],[21.0],[276.0],[23.0],[359.0],[181.0],[155.0],[387.0],[334.0],[244.0],[361.0],[10.0],[277.0],[7.0],[102.0],[154.0],[274.0],[298.0],[7.0],[332.0],[55.0],[306.0],[78.0],[390.0],[325.0],[242.0],[36.0],[196.0],[325.0],[36.0],[373.0],[347.0],[155.0],[319.0],[378.0],[155.0],[48.0],[301.0],[291.0],[353.0],[166.0],[43.0],[44.0],[301.0],[378.0],[388.0],[18.0],[200.0],[249.0],[78.0],[76.0]
71,[195.0],[387.0],[145.0],[390.0],[264.0],[293.0],[347.0],[327.0],[298.0],[329.0],[55.0],[206.0],[347.0],[242.0],[25.0],[11.0],[379.0],[102.0],[159.0],[4.0],[209.0],[21.0],[206.0],[25.0],[94.0],[200.0],[366.0],[139.0],[207.0],[347.0],[200.0],[21.0],[46.0],[11.0],[50.0],[76.0],[203.0],[390.0],[94.0],[111.0],[391.0],[207.0],[133.0],[207.0],[139.0],[392.0],[264.0],[373.0],[113.0],[274.0],[30.0],[43.0],[196.0],[10.0],[179.0],[159.0],[163.0],[393.0],[242.0],[55.0],[60.0],[391.0],[245.0],[18.0],[171.0],[244.0],[367.0],[124.0],[11.0],[49.0],[341.0],[49.0],[165.0],[20.0],[9.0],[249.0],[369.0],[200.0],[25.0],[195.0],[317.0],[276.0],[386.0],[155.0],[334.0],[216.0],[10.0],[244.0],[326.0],[389.0],[347.0],[171.0],[76.0],[390.0],[196.0],[298.0],[293.0],[102.0],[195.0],[94.0]
72,[22.0],[293.0],[353.0],[26.0],[50.0],[347.0],[46.0],[146.0],[5.0],[287.0],[241.0],[387.0],[244.0],[373.0],[353.0],[367.0],[218.0],[25.0],[200.0],[306.0],[108.0],[139.0],[263.0],[332.0],[10.0],[344.0],[55.0],[332.0],[378.0],[389.0],[393.0],[306.0],[11.0],[333.0],[163.0],[18.0],[25.0],[155.0],[111.0],[327.0],[262.0],[67.0],[14.0],[18.0],[391.0],[325.0],[104.0],[263.0],[10.0],[195.0],[301.0],[23.0],[244.0],[9.0],[222.0],[94.0],[359.0],[195.0],[301.0],[376.0],[5.0],[60.0],[144.0],[274.0],[108.0],[55.0],[123.0],[10.0],[163.0],[276.0],[380.0],[347.0],[298.0],[297.0],[378.0],[9.0],[165.0],[111.0],[165.0],[53.0],[10.0],[224.0],[94.0],[7.0],[361.0],[73.0],[46.0],[241.0],[195.0],[21.0],[53.0],[387.0],[388.0],[325.0],[383.0],[332.0],[218.0],[20.0],[347.0],[306.0]
73,[55.0],[196.0],[274.0],[27.0],[11.0],[117.0],[315.0],[295.0],[102.0],[49.0],[196.0],[200.0],[209.0],[179.0],[200.0],[48.0],[76.0],[310.0],[334.0],[244.0],[361.0],[264.0],[78.0],[245.0],[179.0],[277.0],[388.0],[264.0],[325.0],[224.0],[23.0],[108.0],[94.0],[102.0],[51.0],[7.0],[358.0],[206.0],[297.0],[298.0],[155.0],[18.0],[376.0],[298.0],[306.0],[342.0],[31.0],[10.0],[241.0],[332.0],[196.0],[123.0],[55.0],[36.0],[94.0],[76.0],[95.0],[353.0],[29.0],[306.0],[25.0],[9.0],[200.0],[387.0],[244.0],[23.0],[352.0],[343.0],[347.0],[36.0],[195.0],[145.0],[42.0],[276.0],[222.0],[376.0],[297.0],[390.0],[358.0],[379.0],[368.0],[123.0],[51.0],[179.0],[179.0],[353.0],[218.0],[332.0],[277.0],[262.0],[83.0],[129.0],[55.0],[7.0],[94.0],[359.0],[397.0],[196.0],[117.0],[53.0]
74,[207.0],[7.0],[325.0],[244.0],[291.0],[262.0],[310.0],[113.0],[241.0],[276.0],[359.0],[358.0],[14.0],[155.0],[244.0],[51.0],[372.0],[392.0],[7.0],[376.0],[367.0],[326.0],[195.0],[14.0],[108.0],[22.0],[76.0],[10.0],[195.0],[46.0],[332.0],[381.0],[203.0],[10.0],[4.0],[108.0],[325.0],[200.0],[383.0],[276.0],[44.0],[51.0],[4.0],[376.0],[30.0],[332.0],[241.0],[54.0],[46.0],[206.0],[181.0],[376.0],[22.0],[224.0],[9.0],[10.0],[133.0],[5.0],[12.0],[112.0],[155.0],[222.0],[55.0],[11.0],[303.0],[48.0],[117.0],[159.0],[378.0],[334.0],[102.0],[166.0],[200.0],[18.0],[25.0],[358.0],[138.0],[341.0],[298.0],[327.0],[5.0],[48.0],[123.0],[277.0],[345.0],[390.0],[368.0],[55.0],[298.0],[90.0],[102.0],[154.0],[373.0],[244.0],[55.0],[325.0],[163.0],[165.0],[329.0],[222.0]
75,[111.0],[123.0],[200.0],[231.0],[42.0],[395.0],[244.0],[393.0],[181.0],[361.0],[14.0],[123.0],[104.0],[10.0],[94.0],[102.0],[326.0],[145.0],[347.0],[200.0],[244.0],[246.0],[60.0],[27.0],[218.0],[154.0],[18.0],[104.0],[244.0],[9.0],[163.0],[386.0],[207.0],[310.0],[46.0],[332.0],[332.0],[343.0],[224.0],[123.0],[218.0],[388.0],[287.0],[209.0],[42.0],[327.0],[60.0],[203.0],[377.0],[133.0],[341.0],[91.0],[12.0],[358.0],[296.0],[4.0],[327.0],[298.0],[353.0],[155.0],[224.0],[390.0],[91.0],[94.0],[370.0],[297.0],[231.0],[166.0],[203.0],[387.0],[104.0],[25.0],[171.0],[102.0],[347.0],[222.0],[111.0],[18.0],[241.0],[301.0],[262.0],[325.0],[391.0],[380.0],[366.0],[111.0],[353.0],[388.0],[102.0],[218.0],[55.0],[22.0],[155.0],[94.0],[342.0],[293.0],[263.0],[195.0],[376.0],[200.0]
76,[50.0],[391.0],[14.0],[42.0],[166.0],[376.0],[367.0],[244.0],[51.0],[124.0],[102.0],[102.0],[9.0],[55.0],[129.0],[108.0],[301.0],[306.0],[332.0],[11.0],[94.0],[334.0],[146.0],[342.0],[4.0],[67.0],[306.0],[60.0],[263.0],[209.0],[241.0],[296.0],[51.0],[5.0],[377.0],[189.0],[370.0],[274.0],[341.0],[310.0],[317.0],[298.0],[196.0],[5.0],[397.0],[36.0],[111.0],[94.0],[159.0],[14.0],[353.0],[263.0],[25.0],[104.0],[51.0],[51.0],[195.0],[36.0],[241.0],[241.0],[14.0],[368.0],[160.0],[381.0],[11.0],[181.0],[108.0],[25.0],[359.0],[76.0],[222.0],[298.0],[94.0],[293.0],[245.0],[82.0],[195.0],[102.0],[306.0],[325.0],[296.0],[76.0],[210.0],[111.0],[246.0],[307.0],[154.0],[123.0],[275.0],[25.0],[276.0],[200.0],[166.0],[25.0],[76.0],[166.0],[94.0],[52.0],[218.0],[108.0]
77,[48.0],[55.0],[48.0],[36.0],[295.0],[276.0],[390.0],[94.0],[94.0],[42.0],[387.0],[276.0],[18.0],[200.0],[206.0],[345.0],[171.0],[327.0],[231.0],[29.0],[181.0],[367.0],[388.0],[94.0],[389.0],[163.0],[298.0],[102.0],[78.0],[249.0],[296.0],[42.0],[5.0],[327.0],[25.0],[359.0],[180.0],[94.0],[78.0],[207.0],[12.0],[262.0],[293.0],[292.0],[332.0],[109.0],[10.0],[391.0],[329.0],[358.0],[113.0],[196.0],[359.0],[333.0],[388.0],[21.0],[111.0],[155.0],[341.0],[137.0],[48.0],[144.0],[117.0],[369.0],[120.0],[241.0],[165.0],[391.0],[367.0],[5.0],[343.0],[231.0],[388.0],[244.0],[367.0],[332.0],[358.0],[137.0],[48.0],[380.0],[361.0],[102.0],[325.0],[94.0],[368.0],[3.0],[198.0],[111.0],[10.0],[14.0],[200.0],[104.0],[264.0],[133.0],[218.0],[74.0],[180.0],[387.0],[29.0],[42.0]
78,[42.0],[210.0],[44.0],[378.0],[343.0],[298.0],[36.0],[370.0],[262.0],[154.0],[42.0],[306.0],[163.0],[392.0],[345.0],[46.0],[249.0],[387.0],[78.0],[332.0],[43.0],[306.0],[124.0],[293.0],[342.0],[155.0],[344.0],[155.0],[123.0],[315.0],[315.0],[155.0],[298.0],[361.0],[347.0],[94.0],[11.0],[308.0],[315.0],[27.0],[307.0],[25.0],[306.0],[203.0],[159.0],[244.0],[249.0],[146.0],[391.0],[146.0],[245.0],[104.0],[353.0],[249.0],[308.0],[200.0],[53.0],[144.0],[203.0],[78.0],[94.0],[387.0],[48.0],[23.0],[14.0],[242.0],[286.0],[174.0],[327.0],[388.0],[262.0],[307.0],[224.0],[357.0],[48.0],[154.0],[222.0],[36.0],[387.0],[353.0],[12.0],[91.0],[179.0],[55.0],[353.0],[163.0],[160.0],[5.0],[393.0],[333.0],[358.0],[155.0],[293.0],[315.0],[328.0],[307.0],[102.0],[21.0],[171.0],[332.0]
79,[5.0],[358.0],[25.0],[353.0],[24.0],[123.0],[218.0],[60.0],[42.0],[113.0],[200.0],[241.0],[200.0],[117.0],[84.0],[353.0],[91.0],[52.0],[36.0],[275.0],[163.0],[42.0],[332.0],[166.0],[264.0],[102.0],[297.0],[51.0],[358.0],[297.0],[108.0],[387.0],[108.0],[171.0],[341.0],[181.0],[388.0],[189.0],[378.0],[210.0],[327.0],[361.0],[111.0],[244.0],[21.0],[222.0],[315.0],[52.0],[263.0],[306.0],[357.0],[48.0],[341.0],[189.0],[366.0],[44.0],[206.0],[124.0],[102.0],[298.0],[306.0],[275.0],[298.0],[5.0],[327.0],[76.0],[84.0],[334.0],[249.0],[163.0],[94.0],[206.0],[159.0],[50.0],[380.0],[25.0],[123.0],[55.0],[379.0],[26.0],[53.0],[179.0],[291.0],[275.0],[298.0],[244.0],[297.0],[347.0],[59.0],[94.0],[163.0],[123.0],[200.0],[328.0],[367.0],[29.0],[367.0],[44.0],[124.0],[378.0]
80,[166.0],[377.0],[67.0],[341.0],[109.0],[48.0],[14.0],[332.0],[67.0],[94.0],[195.0],[48.0],[25.0],[91.0],[386.0],[42.0],[366.0],[195.0],[242.0],[263.0],[144.0],[29.0],[108.0],[263.0],[315.0],[165.0],[370.0],[317.0],[387.0],[203.0],[14.0],[11.0],[187.0],[203.0],[376.0],[206.0],[42.0],[76.0],[155.0],[353.0],[224.0],[82.0],[327.0],[108.0],[334.0],[206.0],[91.0],[209.0],[82.0],[53.0],[26.0],[155.0],[344.0],[160.0],[343.0],[391.0],[200.0],[82.0],[245.0],[4.0],[366.0],[51.0],[306.0],[276.0],[165.0],[293.0],[42.0],[241.0],[78.0],[383.0],[263.0],[123.0],[347.0],[10.0],[391.0],[10.0],[327.0],[298.0],[293.0],[276.0],[14.0],[342.0],[108.0],[113.0],[146.0],[345.0],[76.0],[42.0],[380.0],[378.0],[366.0],[298.0],[104.0],[14.0],[387.0],[67.0],[391.0],[123.0],[233.0],[46.0]
81,[244.0],[53.0],[55.0],[94.0],[195.0],[242.0],[166.0],[325.0],[76.0],[111.0],[171.0],[301.0],[51.0],[262.0],[391.0],[298.0],[367.0],[51.0],[380.0],[195.0],[11.0],[301.0],[343.0],[347.0],[347.0],[55.0],[36.0],[297.0],[264.0],[372.0],[5.0],[195.0],[36.0],[218.0],[329.0],[124.0],[244.0],[10.0],[108.0],[332.0],[387.0],[163.0],[46.0],[276.0],[352.0],[123.0],[46.0],[76.0],[357.0],[198.0],[179.0],[36.0],[179.0],[292.0],[318.0],[22.0],[55.0],[11.0],[218.0],[195.0],[383.0],[22.0],[335.0],[353.0],[388.0],[196.0],[395.0],[293.0],[53.0],[54.0],[22.0],[332.0],[380.0],[196.0],[206.0],[359.0],[332.0],[14.0],[18.0],[347.0],[244.0],[264.0],[376.0],[301.0],[48.0],[203.0],[18.0],[52.0],[200.0],[160.0],[301.0],[389.0],[241.0],[275.0],[67.0],[357.0],[222.0],[276.0],[222.0],[166.0]
82,[25.0],[60.0],[102.0],[117.0],[276.0],[139.0],[332.0],[73.0],[20.0],[376.0],[298.0],[94.0],[124.0],[0.0],[297.0],[387.0],[138.0],[292.0],[358.0],[117.0],[180.0],[296.0],[366.0],[165.0],[53.0],[308.0],[108.0],[195.0],[298.0],[102.0],[327.0],[325.0],[218.0],[22.0],[178.0],[60.0],[389.0],[207.0],[14.0],[352.0],[372.0],[76.0],[276.0],[291.0],[54.0],[94.0],[23.0],[326.0],[381.0],[207.0],[94.0],[245.0],[181.0],[386.0],[154.0],[131.0],[18.0],[146.0],[200.0],[48.0],[160.0],[307.0],[249.0],[195.0],[387.0],[25.0],[111.0],[160.0],[42.0],[166.0],[7.0],[369.0],[295.0],[139.0],[60.0],[275.0],[53.0],[91.0],[262.0],[155.0],[111.0],[359.0],[154.0],[154.0],[73.0],[195.0],[155.0],[392.0],[209.0],[231.0],[5.0],[218.0],[117.0],[91.0],[327.0],[49.0],[297.0],[197.0],[387.0],[21.0]
83,[163.0],[36.0],[224.0],[129.0],[209.0],[14.0],[368.0],[42.0],[30.0],[343.0],[210.0],[49.0],[249.0],[390.0],[102.0],[332.0],[307.0],[117.0],[155.0],[231.0],[292.0],[12.0],[155.0],[389.0],[378.0],[275.0],[333.0],[229.0],[102.0],[262.0],[155.0],[25.0],[196.0],[264.0],[146.0],[123.0],[287.0],[171.0],[244.0],[231.0],[390.0],[102.0],[5.0],[102.0],[196.0],[224.0],[344.0],[78.0],[242.0],[327.0],[146.0],[391.0],[218.0],[109.0],[104.0],[361.0],[222.0],[222.0],[160.0],[367.0],[117.0],[195.0],[297.0],[76.0],[5.0],[159.0],[244.0],[359.0],[207.0],[389.0],[327.0],[222.0],[5.0],[210.0],[163.0],[326.0],[30.0],[376.0],[327.0],[367.0],[27.0],[244.0],[166.0],[5.0],[231.0],[165.0],[211.0],[104.0],[82.0],[392.0],[48.0],[378.0],[78.0],[76.0],[353.0],[391.0],[393.0],[231.0],[82.0],[31.0]
84,[155.0],[159.0],[209.0],[171.0],[108.0],[42.0],[113.0],[392.0],[171.0],[210.0],[117.0],[179.0],[375.0],[315.0],[301.0],[262.0],[231.0],[224.0],[295.0],[94.0],[160.0],[276.0],[165.0],[144.0],[293.0],[179.0],[166.0],[18.0],[350.0],[325.0],[31.0],[315.0],[91.0],[389.0],[102.0],[111.0],[319.0],[42.0],[376.0],[379.0],[124.0],[197.0],[297.0],[303.0],[318.0],[104.0],[22.0],[9.0],[102.0],[341.0],[18.0],[111.0],[51.0],[102.0],[117.0],[231.0],[390.0],[307.0],[196.0],[276.0],[54.0],[155.0],[22.0],[327.0],[264.0],[325.0],[264.0],[296.0],[67.0],[301.0],[244.0],[175.0],[102.0],[51.0],[102.0],[245.0],[245.0],[23.0],[332.0],[222.0],[102.0],[262.0],[207.0],[200.0],[102.0],[123.0],[203.0],[108.0],[327.0],[271.0],[295.0],[206.0],[123.0],[277.0],[104.0],[376.0],[78.0],[76.0],[160.0],[244.0]
85,[358.0],[249.0],[111.0],[249.0],[386.0],[155.0],[2.0],[154.0],[123.0],[18.0],[327.0],[108.0],[109.0],[210.0],[350.0],[144.0],[198.0],[187.0],[109.0],[301.0],[49.0],[293.0],[327.0],[242.0],[206.0],[222.0],[94.0],[48.0],[367.0],[94.0],[29.0],[298.0],[9.0],[195.0],[133.0],[301.0],[18.0],[17.0],[392.0],[206.0],[179.0],[387.0],[389.0],[301.0],[210.0],[295.0],[137.0],[154.0],[67.0],[209.0],[244.0],[342.0],[200.0],[210.0],[380.0],[327.0],[293.0],[293.0],[161.0],[108.0],[343.0],[377.0],[241.0],[391.0],[293.0],[111.0],[224.0],[43.0],[392.0],[4.0],[73.0],[58.0],[25.0],[181.0],[124.0],[241.0],[203.0],[295.0],[133.0],[233.0],[327.0],[144.0],[200.0],[171.0],[263.0],[90.0],[298.0],[57.0],[144.0],[301.0],[359.0],[42.0],[11.0],[389.0],[317.0],[378.0],[347.0],[91.0],[390.0],[344.0]
86,[78.0],[25.0],[196.0],[387.0],[359.0],[263.0],[120.0],[155.0],[124.0],[133.0],[242.0],[263.0],[78.0],[100.0],[155.0],[327.0],[359.0],[332.0],[244.0],[174.0],[274.0],[327.0],[307.0],[249.0],[376.0],[298.0],[117.0],[46.0],[26.0],[23.0],[113.0],[94.0],[391.0],[325.0],[310.0],[187.0],[249.0],[90.0],[200.0],[139.0],[117.0],[31.0],[329.0],[73.0],[25.0],[262.0],[291.0],[392.0],[25.0],[94.0],[163.0],[198.0],[159.0],[11.0],[209.0],[249.0],[51.0],[139.0],[389.0],[5.0],[196.0],[42.0],[262.0],[160.0],[329.0],[306.0],[25.0],[20.0],[366.0],[91.0],[196.0],[4.0],[325.0],[390.0],[78.0],[124.0],[155.0],[332.0],[390.0],[249.0],[231.0],[249.0],[14.0],[392.0],[111.0],[218.0],[392.0],[78.0],[297.0],[367.0],[30.0],[341.0],[25.0],[203.0],[390.0],[31.0],[155.0],[12.0],[25.0],[189.0]
87,[246.0],[376.0],[171.0],[218.0],[245.0],[195.0],[82.0],[18.0],[29.0],[181.0],[353.0],[378.0],[310.0],[297.0],[36.0],[366.0],[60.0],[42.0],[218.0],[366.0],[91.0],[382.0],[200.0],[298.0],[388.0],[390.0],[156.0],[344.0],[218.0],[207.0],[146.0],[48.0],[329.0],[391.0],[246.0],[195.0],[102.0],[4.0],[196.0],[343.0],[48.0],[22.0],[36.0],[325.0],[372.0],[341.0],[108.0],[198.0],[325.0],[165.0],[206.0],[11.0],[246.0],[203.0],[124.0],[133.0],[318.0],[231.0],[195.0],[94.0],[291.0],[76.0],[207.0],[181.0],[229.0],[81.0],[306.0],[22.0],[262.0],[378.0],[111.0],[386.0],[301.0],[155.0],[166.0],[206.0],[42.0],[73.0],[207.0],[244.0],[11.0],[42.0],[263.0],[361.0],[372.0],[262.0],[242.0],[91.0],[384.0],[179.0],[317.0],[327.0],[0.0],[22.0],[249.0],[392.0],[171.0],[389.0],[315.0],[163.0]
88,[165.0],[291.0],[29.0],[60.0],[91.0],[166.0],[165.0],[200.0],[218.0],[327.0],[231.0],[36.0],[117.0],[207.0],[274.0],[341.0],[196.0],[108.0],[229.0],[218.0],[210.0],[369.0],[210.0],[296.0],[307.0],[332.0],[48.0],[91.0],[196.0],[377.0],[123.0],[209.0],[369.0],[4.0],[171.0],[218.0],[386.0],[146.0],[18.0],[78.0],[200.0],[327.0],[209.0],[124.0],[298.0],[9.0],[327.0],[222.0],[355.0],[117.0],[55.0],[291.0],[113.0],[200.0],[200.0],[368.0],[36.0],[29.0],[23.0],[218.0],[17.0],[332.0],[347.0],[67.0],[51.0],[113.0],[21.0],[315.0],[48.0],[292.0],[200.0],[171.0],[378.0],[42.0],[109.0],[377.0],[387.0],[327.0],[292.0],[51.0],[222.0],[332.0],[344.0],[343.0],[357.0],[46.0],[138.0],[200.0],[196.0],[165.0],[138.0],[10.0],[274.0],[102.0],[301.0],[181.0],[5.0],[160.0],[83.0],[333.0]
89,[218.0],[200.0],[120.0],[298.0],[10.0],[165.0],[242.0],[366.0],[319.0],[43.0],[51.0],[42.0],[155.0],[14.0],[181.0],[224.0],[369.0],[329.0],[224.0],[391.0],[325.0],[390.0],[181.0],[224.0],[129.0],[347.0],[334.0],[52.0],[377.0],[353.0],[376.0],[249.0],[76.0],[78.0],[263.0],[291.0],[296.0],[372.0],[31.0],[357.0],[9.0],[376.0],[218.0],[231.0],[137.0],[249.0],[298.0],[390.0],[372.0],[210.0],[216.0],[241.0],[392.0],[332.0],[327.0],[48.0],[298.0],[327.0],[206.0],[156.0],[352.0],[49.0],[344.0],[296.0],[295.0],[129.0],[154.0],[5.0],[383.0],[372.0],[48.0],[310.0],[155.0],[154.0],[218.0],[324.0],[246.0],[342.0],[51.0],[10.0],[76.0],[327.0],[104.0],[341.0],[36.0],[120.0],[187.0],[301.0],[262.0],[359.0],[10.0],[9.0],[36.0],[3.0],[307.0],[276.0],[111.0],[180.0],[327.0],[390.0]
90,[160.0],[372.0],[388.0],[303.0],[51.0],[310.0],[341.0],[222.0],[209.0],[9.0],[10.0],[189.0],[195.0],[123.0],[117.0],[344.0],[10.0],[14.0],[51.0],[342.0],[104.0],[195.0],[203.0],[146.0],[9.0],[5.0],[310.0],[352.0],[48.0],[342.0],[262.0],[123.0],[276.0],[52.0],[181.0],[0.0],[242.0],[244.0],[291.0],[144.0],[366.0],[244.0],[165.0],[78.0],[133.0],[55.0],[73.0],[357.0],[301.0],[377.0],[52.0],[113.0],[10.0],[54.0],[368.0],[82.0],[196.0],[263.0],[231.0],[159.0],[350.0],[20.0],[274.0],[378.0],[31.0],[179.0],[36.0],[54.0],[377.0],[249.0],[3.0],[120.0],[276.0],[381.0],[11.0],[310.0],[242.0],[249.0],[242.0],[133.0],[369.0],[51.0],[353.0],[381.0],[166.0],[293.0],[310.0],[242.0],[94.0],[10.0],[307.0],[91.0],[49.0],[327.0],[78.0],[36.0],[104.0],[113.0],[5.0],[129.0]
91,[124.0],[9.0],[78.0],[51.0],[224.0],[109.0],[383.0],[46.0],[9.0],[179.0],[104.0],[298.0],[262.0],[5.0],[325.0],[347.0],[209.0],[91.0],[249.0],[161.0],[51.0],[319.0],[117.0],[327.0],[36.0],[48.0],[0.0],[222.0],[332.0],[111.0],[129.0],[78.0],[380.0],[48.0],[187.0],[390.0],[17.0],[353.0],[160.0],[218.0],[145.0],[154.0],[298.0],[397.0],[111.0],[387.0],[53.0],[144.0],[50.0],[21.0],[5.0],[46.0],[389.0],[241.0],[378.0],[342.0],[181.0],[207.0],[317.0],[327.0],[332.0],[83.0],[378.0],[104.0],[78.0],[52.0],[81.0],[344.0],[91.0],[123.0],[249.0],[55.0],[84.0],[46.0],[165.0],[353.0],[67.0],[180.0],[91.0],[296.0],[218.0],[11.0],[78.0],[67.0],[249.0],[276.0],[36.0],[124.0],[207.0],[51.0],[60.0],[391.0],[48.0],[347.0],[241.0],[200.0],[173.0],[369.0],[367.0],[379.0]
92,[9.0],[155.0],[42.0],[274.0],[163.0],[206.0],[118.0],[90.0],[60.0],[224.0],[380.0],[155.0],[113.0],[9.0],[74.0],[159.0],[25.0],[353.0],[17.0],[327.0],[76.0],[332.0],[42.0],[46.0],[91.0],[187.0],[241.0],[144.0],[25.0],[48.0],[218.0],[360.0],[174.0],[109.0],[123.0],[145.0],[91.0],[224.0],[332.0],[196.0],[309.0],[120.0],[144.0],[332.0],[231.0],[155.0],[231.0],[200.0],[56.0],[49.0],[36.0],[293.0],[309.0],[18.0],[207.0],[20.0],[5.0],[347.0],[391.0],[51.0],[367.0],[154.0],[315.0],[91.0],[353.0],[262.0],[274.0],[307.0],[31.0],[25.0],[218.0],[73.0],[369.0],[57.0],[187.0],[31.0],[78.0],[30.0],[78.0],[22.0],[366.0],[181.0],[18.0],[74.0],[327.0],[263.0],[369.0],[9.0],[392.0],[108.0],[380.0],[90.0],[10.0],[48.0],[263.0],[386.0],[241.0],[366.0],[179.0],[9.0]
93,[301.0],[244.0],[123.0],[352.0],[4.0],[329.0],[344.0],[287.0],[378.0],[171.0],[301.0],[350.0],[301.0],[386.0],[42.0],[263.0],[327.0],[391.0],[91.0],[104.0],[166.0],[325.0],[76.0],[218.0],[138.0],[76.0],[11.0],[174.0],[4.0],[29.0],[233.0],[293.0],[81.0],[196.0],[372.0],[341.0],[241.0],[387.0],[109.0],[203.0],[78.0],[50.0],[18.0],[263.0],[108.0],[368.0],[274.0],[48.0],[200.0],[4.0],[124.0],[171.0],[60.0],[94.0],[42.0],[9.0],[308.0],[372.0],[25.0],[372.0],[171.0],[117.0],[111.0],[315.0],[298.0],[50.0],[10.0],[263.0],[29.0],[171.0],[181.0],[102.0],[137.0],[359.0],[332.0],[78.0],[36.0],[49.0],[352.0],[46.0],[224.0],[344.0],[341.0],[160.0],[378.0],[206.0],[53.0],[159.0],[274.0],[4.0],[264.0],[388.0],[310.0],[301.0],[222.0],[138.0],[46.0],[233.0],[276.0],[171.0]
94,[332.0],[353.0],[5.0],[48.0],[49.0],[111.0],[51.0],[48.0],[352.0],[295.0],[163.0],[84.0],[378.0],[181.0],[104.0],[317.0],[222.0],[377.0],[124.0],[372.0],[113.0],[209.0],[391.0],[196.0],[155.0],[83.0],[380.0],[376.0],[203.0],[42.0],[249.0],[357.0],[358.0],[263.0],[48.0],[307.0],[111.0],[9.0],[180.0],[301.0],[357.0],[60.0],[91.0],[117.0],[18.0],[263.0],[43.0],[372.0],[42.0],[391.0],[171.0],[14.0],[160.0],[171.0],[139.0],[263.0],[171.0],[333.0],[159.0],[310.0],[378.0],[200.0],[391.0],[36.0],[155.0],[60.0],[200.0],[345.0],[353.0],[46.0],[163.0],[179.0],[326.0],[263.0],[276.0],[263.0],[166.0],[244.0],[276.0],[73.0],[344.0],[117.0],[5.0],[276.0],[203.0],[159.0],[249.0],[263.0],[22.0],[357.0],[54.0],[43.0],[358.0],[245.0],[111.0],[274.0],[196.0],[111.0],[358.0],[245.0]
95,[54.0],[262.0],[343.0],[315.0],[387.0],[76.0],[249.0],[144.0],[196.0],[244.0],[111.0],[353.0],[391.0],[342.0],[7.0],[303.0],[353.0],[366.0],[298.0],[129.0],[276.0],[207.0],[347.0],[31.0],[111.0],[377.0],[291.0],[200.0],[155.0],[159.0],[263.0],[329.0],[206.0],[224.0],[233.0],[180.0],[352.0],[91.0],[210.0],[386.0],[198.0],[42.0],[383.0],[315.0],[218.0],[358.0],[17.0],[274.0],[155.0],[218.0],[100.0],[327.0],[48.0],[293.0],[387.0],[366.0],[82.0],[244.0],[357.0],[109.0],[298.0],[29.0],[222.0],[209.0],[42.0],[42.0],[287.0],[378.0],[315.0],[9.0],[51.0],[373.0],[4.0],[179.0],[210.0],[129.0],[262.0],[108.0],[366.0],[104.0],[196.0],[241.0],[245.0],[25.0],[210.0],[23.0],[206.0],[171.0],[306.0],[380.0],[389.0],[376.0],[108.0],[165.0],[33.0],[104.0],[11.0],[377.0],[9.0],[91.0]
96,[263.0],[388.0],[0.0],[22.0],[154.0],[31.0],[296.0],[11.0],[276.0],[10.0],[179.0],[46.0],[376.0],[231.0],[133.0],[274.0],[49.0],[196.0],[43.0],[297.0],[203.0],[353.0],[372.0],[359.0],[224.0],[196.0],[210.0],[397.0],[342.0],[244.0],[231.0],[244.0],[179.0],[207.0],[104.0],[117.0],[206.0],[195.0],[344.0],[175.0],[51.0],[200.0],[108.0],[293.0],[262.0],[48.0],[390.0],[18.0],[36.0],[179.0],[159.0],[180.0],[14.0],[55.0],[22.0],[42.0],[74.0],[291.0],[137.0],[179.0],[359.0],[146.0],[9.0],[264.0],[249.0],[341.0],[180.0],[78.0],[51.0],[17.0],[224.0],[303.0],[296.0],[5.0],[389.0],[327.0],[293.0],[207.0],[0.0],[387.0],[171.0],[210.0],[83.0],[189.0],[165.0],[296.0],[377.0],[60.0],[332.0],[187.0],[22.0],[83.0],[296.0],[202.0],[54.0],[344.0],[341.0],[391.0],[366.0],[104.0]
97,[206.0],[100.0],[315.0],[209.0],[389.0],[218.0],[391.0],[316.0],[155.0],[241.0],[390.0],[171.0],[81.0],[78.0],[210.0],[36.0],[347.0],[231.0],[94.0],[187.0],[358.0],[366.0],[224.0],[352.0],[21.0],[341.0],[49.0],[50.0],[372.0],[51.0],[36.0],[378.0],[241.0],[179.0],[373.0],[369.0],[357.0],[181.0],[342.0],[0.0],[249.0],[357.0],[295.0],[48.0],[353.0],[195.0],[224.0],[67.0],[327.0],[163.0],[325.0],[60.0],[180.0],[155.0],[262.0],[242.0],[22.0],[352.0],[315.0],[274.0],[264.0],[366.0],[109.0],[198.0],[48.0],[160.0],[133.0],[249.0],[222.0],[218.0],[120.0],[104.0],[383.0],[218.0],[18.0],[196.0],[109.0],[196.0],[393.0],[306.0],[263.0],[109.0],[196.0],[332.0],[94.0],[14.0],[48.0],[370.0],[21.0],[78.0],[111.0],[179.0],[165.0],[43.0],[291.0],[295.0],[368.0],[341.0],[298.0],[329.0]
98,[335.0],[42.0],[9.0],[14.0],[298.0],[133.0],[196.0],[297.0],[200.0],[263.0],[109.0],[120.0],[74.0],[30.0],[218.0],[67.0],[163.0],[129.0],[367.0],[317.0],[196.0],[231.0],[342.0],[160.0],[173.0],[49.0],[327.0],[181.0],[343.0],[78.0],[301.0],[31.0],[379.0],[200.0],[327.0],[91.0],[301.0],[108.0],[293.0],[160.0],[104.0],[48.0],[109.0],[36.0],[181.0],[181.0],[20.0],[224.0],[297.0],[298.0],[203.0],[5.0],[91.0],[327.0],[289.0],[165.0],[43.0],[129.0],[180.0],[353.0],[327.0],[78.0],[342.0],[50.0],[310.0],[329.0],[48.0],[171.0],[388.0],[347.0],[10.0],[263.0],[17.0],[332.0],[49.0],[49.0],[353.0],[389.0],[391.0],[25.0],[241.0],[78.0],[327.0],[117.0],[22.0],[327.0],[180.0],[18.0],[276.0],[155.0],[18.0],[301.0],[366.0],[129.0],[206.0],[129.0],[335.0],[210.0],[369.0],[310.0]
99,[58.0],[91.0],[60.0],[83.0],[58.0],[366.0],[262.0],[166.0],[327.0],[173.0],[58.0],[138.0],[179.0],[94.0],[332.0],[380.0],[14.0],[60.0],[111.0],[196.0],[329.0],[244.0],[345.0],[317.0],[393.0],[100.0],[392.0],[76.0],[91.0],[231.0],[333.0],[263.0],[159.0],[296.0],[22.0],[274.0],[117.0],[388.0],[52.0],[14.0],[160.0],[166.0],[332.0],[262.0],[389.0],[218.0],[386.0],[291.0],[244.0],[26.0],[315.0],[108.0],[206.0],[207.0],[332.0],[218.0],[218.0],[387.0],[327.0],[287.0],[218.0],[342.0],[163.0],[46.0],[43.0],[218.0],[76.0],[17.0],[22.0],[341.0],[90.0],[377.0],[100.0],[166.0],[42.0],[352.0],[391.0],[104.0],[124.0],[67.0],[67.0],[245.0],[206.0],[14.0],[50.0],[380.0],[332.0],[293.0],[315.0],[361.0],[196.0],[210.0],[9.0],[171.0],[51.0],[369.0],[113.0],[129.0],[21.0],[389.0]
100,[108.0],[50.0],[76.0],[109.0],[332.0],[196.0],[353.0],[36.0],[242.0],[104.0],[366.0],[388.0],[23.0],[366.0],[113.0],[179.0],[51.0],[4.0],[175.0],[91.0],[18.0],[160.0],[34.0],[108.0],[104.0],[392.0],[206.0],[90.0],[31.0],[369.0],[341.0],[350.0],[67.0],[387.0],[391.0],[378.0],[383.0],[46.0],[11.0],[166.0],[23.0],[165.0],[25.0],[14.0],[102.0],[389.0],[133.0],[123.0],[76.0],[100.0],[31.0],[144.0],[94.0],[276.0],[210.0],[352.0],[357.0],[179.0],[20.0],[14.0],[22.0],[318.0],[83.0],[56.0],[378.0],[5.0],[391.0],[108.0],[218.0],[224.0],[388.0],[42.0],[332.0],[200.0],[263.0],[231.0],[367.0],[10.0],[329.0],[160.0],[48.0],[49.0],[171.0],[48.0],[359.0],[145.0],[342.0],[117.0],[31.0],[111.0],[17.0],[249.0],[22.0],[146.0],[53.0],[173.0],[109.0],[393.0],[11.0],[376.0]
101,[380.0],[163.0],[373.0],[262.0],[301.0],[11.0],[0.0],[224.0],[274.0],[195.0],[18.0],[344.0],[119.0],[218.0],[293.0],[352.0],[206.0],[10.0],[31.0],[112.0],[189.0],[380.0],[36.0],[387.0],[52.0],[91.0],[124.0],[380.0],[67.0],[292.0],[293.0],[196.0],[123.0],[388.0],[229.0],[293.0],[207.0],[144.0],[353.0],[391.0],[344.0],[218.0],[263.0],[104.0],[50.0],[47.0],[82.0],[246.0],[274.0],[353.0],[22.0],[159.0],[307.0],[246.0],[287.0],[46.0],[263.0],[361.0],[380.0],[391.0],[124.0],[82.0],[108.0],[108.0],[196.0],[263.0],[196.0],[102.0],[113.0],[111.0],[298.0],[296.0],[357.0],[301.0],[108.0],[52.0],[388.0],[117.0],[49.0],[60.0],[391.0],[307.0],[160.0],[124.0],[5.0],[171.0],[123.0],[377.0],[263.0],[48.0],[292.0],[18.0],[91.0],[376.0],[171.0],[3.0],[381.0],[133.0],[155.0],[181.0]
102,[117.0],[342.0],[377.0],[276.0],[104.0],[159.0],[74.0],[17.0],[391.0],[4.0],[36.0],[144.0],[133.0],[292.0],[83.0],[391.0],[146.0],[242.0],[100.0],[5.0],[332.0],[342.0],[48.0],[51.0],[241.0],[368.0],[196.0],[341.0],[83.0],[218.0],[207.0],[67.0],[342.0],[344.0],[210.0],[262.0],[380.0],[218.0],[77.0],[372.0],[42.0],[345.0],[123.0],[357.0],[288.0],[163.0],[144.0],[376.0],[224.0],[109.0],[11.0],[137.0],[301.0],[378.0],[306.0],[241.0],[166.0],[48.0],[359.0],[111.0],[83.0],[379.0],[210.0],[111.0],[94.0],[231.0],[9.0],[231.0],[210.0],[263.0],[353.0],[353.0],[376.0],[327.0],[390.0],[48.0],[390.0],[48.0],[160.0],[263.0],[301.0],[207.0],[231.0],[163.0],[181.0],[292.0],[22.0],[22.0],[91.0],[146.0],[210.0],[48.0],[17.0],[189.0],[108.0],[51.0],[323.0],[301.0],[133.0],[335.0]
103,[342.0],[104.0],[310.0],[179.0],[377.0],[25.0],[154.0],[160.0],[2.0],[78.0],[155.0],[377.0],[369.0],[295.0],[327.0],[171.0],[73.0],[43.0],[123.0],[242.0],[14.0],[53.0],[249.0],[180.0],[242.0],[327.0],[181.0],[276.0],[20.0],[160.0],[179.0],[90.0],[155.0],[155.0],[60.0],[179.0],[224.0],[18.0],[380.0],[117.0],[301.0],[21.0],[117.0],[196.0],[301.0],[78.0],[307.0],[21.0],[293.0],[166.0],[308.0],[163.0],[137.0],[159.0],[291.0],[117.0],[378.0],[43.0],[378.0],[332.0],[132.0],[301.0],[376.0],[30.0],[307.0],[389.0],[207.0],[53.0],[390.0],[293.0],[207.0],[52.0],[91.0],[358.0],[58.0],[50.0],[46.0],[122.0],[90.0],[163.0],[4.0],[380.0],[195.0],[353.0],[163.0],[102.0],[148.0],[389.0],[367.0],[91.0],[350.0],[274.0],[389.0],[381.0],[231.0],[327.0],[206.0],[263.0],[345.0],[207.0]
104,[298.0],[378.0],[263.0],[388.0],[200.0],[387.0],[203.0],[390.0],[160.0],[166.0],[73.0],[166.0],[388.0],[358.0],[376.0],[117.0],[180.0],[109.0],[343.0],[51.0],[117.0],[163.0],[291.0],[391.0],[200.0],[9.0],[5.0],[378.0],[340.0],[373.0],[347.0],[60.0],[249.0],[51.0],[55.0],[4.0],[24.0],[36.0],[123.0],[42.0],[3.0],[210.0],[51.0],[392.0],[51.0],[25.0],[171.0],[397.0],[310.0],[263.0],[160.0],[317.0],[334.0],[218.0],[165.0],[224.0],[309.0],[22.0],[31.0],[52.0],[109.0],[31.0],[60.0],[332.0],[46.0],[124.0],[303.0],[31.0],[233.0],[24.0],[155.0],[111.0],[50.0],[295.0],[91.0],[91.0],[389.0],[5.0],[23.0],[196.0],[117.0],[246.0],[155.0],[46.0],[344.0],[78.0],[144.0],[43.0],[49.0],[9.0],[124.0],[224.0],[58.0],[388.0],[181.0],[117.0],[90.0],[155.0],[388.0],[180.0]
105,[60.0],[218.0],[179.0],[224.0],[94.0],[78.0],[91.0],[22.0],[48.0],[318.0],[306.0],[310.0],[353.0],[276.0],[171.0],[342.0],[67.0],[342.0],[292.0],[46.0],[82.0],[5.0],[376.0],[373.0],[292.0],[262.0],[296.0],[42.0],[293.0],[343.0],[51.0],[73.0],[293.0],[67.0],[293.0],[171.0],[14.0],[60.0],[181.0],[154.0],[358.0],[36.0],[171.0],[67.0],[276.0],[124.0],[76.0],[46.0],[77.0],[310.0],[50.0],[51.0],[327.0],[263.0],[144.0],[381.0],[198.0],[200.0],[392.0],[292.0],[242.0],[380.0],[78.0],[249.0],[144.0],[10.0],[20.0],[332.0],[24.0],[339.0],[171.0],[274.0],[244.0],[159.0],[343.0],[146.0],[276.0],[380.0],[175.0],[262.0],[378.0],[187.0],[381.0],[307.0],[218.0],[386.0],[122.0],[67.0],[389.0],[368.0],[296.0],[195.0],[179.0],[36.0],[83.0],[42.0],[224.0],[327.0],[166.0],[78.0]
106,[179.0],[31.0],[341.0],[20.0],[133.0],[316.0],[388.0],[301.0],[263.0],[306.0],[78.0],[218.0],[137.0],[307.0],[9.0],[109.0],[83.0],[301.0],[195.0],[31.0],[34.0],[179.0],[111.0],[353.0],[276.0],[329.0],[207.0],[124.0],[60.0],[5.0],[229.0],[82.0],[30.0],[393.0],[202.0],[315.0],[124.0],[389.0],[117.0],[380.0],[113.0],[104.0],[155.0],[100.0],[171.0],[296.0],[195.0],[82.0],[195.0],[83.0],[17.0],[210.0],[123.0],[5.0],[293.0],[393.0],[287.0],[31.0],[51.0],[358.0],[231.0],[353.0],[166.0],[171.0],[350.0],[51.0],[146.0],[327.0],[180.0],[195.0],[138.0],[51.0],[242.0],[165.0],[90.0],[102.0],[51.0],[159.0],[179.0],[242.0],[380.0],[171.0],[9.0],[82.0],[91.0],[352.0],[224.0],[146.0],[244.0],[372.0],[74.0],[264.0],[14.0],[344.0],[210.0],[0.0],[91.0],[117.0],[67.0],[327.0]
107,[113.0],[327.0],[30.0],[104.0],[113.0],[391.0],[276.0],[23.0],[109.0],[291.0],[198.0],[195.0],[196.0],[49.0],[195.0],[231.0],[108.0],[343.0],[198.0],[291.0],[293.0],[60.0],[160.0],[390.0],[295.0],[78.0],[274.0],[263.0],[138.0],[109.0],[82.0],[179.0],[263.0],[353.0],[5.0],[391.0],[160.0],[303.0],[307.0],[293.0],[318.0],[353.0],[391.0],[389.0],[148.0],[317.0],[282.0],[366.0],[5.0],[343.0],[43.0],[377.0],[263.0],[179.0],[218.0],[160.0],[224.0],[117.0],[292.0],[343.0],[42.0],[181.0],[332.0],[366.0],[233.0],[78.0],[310.0],[46.0],[117.0],[376.0],[166.0],[224.0],[47.0],[353.0],[291.0],[155.0],[73.0],[307.0],[111.0],[245.0],[342.0],[46.0],[287.0],[218.0],[347.0],[383.0],[49.0],[262.0],[343.0],[180.0],[224.0],[233.0],[198.0],[332.0],[372.0],[144.0],[353.0],[380.0],[263.0],[11.0]
108,[100.0],[11.0],[195.0],[154.0],[307.0],[4.0],[42.0],[206.0],[332.0],[155.0],[113.0],[203.0],[342.0],[31.0],[18.0],[163.0],[210.0],[100.0],[48.0],[179.0],[343.0],[263.0],[5.0],[83.0],[310.0],[381.0],[307.0],[196.0],[29.0],[81.0],[196.0],[397.0],[60.0],[318.0],[160.0],[90.0],[120.0],[174.0],[369.0],[4.0],[310.0],[390.0],[229.0],[233.0],[376.0],[196.0],[4.0],[298.0],[9.0],[104.0],[51.0],[224.0],[210.0],[229.0],[18.0],[378.0],[245.0],[210.0],[295.0],[175.0],[51.0],[198.0],[367.0],[218.0],[345.0],[187.0],[325.0],[367.0],[46.0],[295.0],[206.0],[46.0],[11.0],[207.0],[224.0],[5.0],[52.0],[123.0],[341.0],[207.0],[307.0],[335.0],[307.0],[31.0],[224.0],[391.0],[222.0],[218.0],[50.0],[195.0],[391.0],[367.0],[181.0],[46.0],[166.0],[108.0],[210.0],[342.0],[163.0],[165.0]
109,[287.0],[120.0],[291.0],[155.0],[218.0],[104.0],[198.0],[51.0],[113.0],[332.0],[5.0],[233.0],[11.0],[274.0],[82.0],[293.0],[11.0],[160.0],[274.0],[293.0],[381.0],[379.0],[94.0],[308.0],[231.0],[353.0],[202.0],[327.0],[393.0],[352.0],[160.0],[12.0],[383.0],[323.0],[196.0],[104.0],[341.0],[111.0],[30.0],[17.0],[388.0],[241.0],[203.0],[91.0],[104.0],[11.0],[391.0],[30.0],[11.0],[350.0],[102.0],[262.0],[67.0],[53.0],[11.0],[78.0],[388.0],[274.0],[358.0],[22.0],[315.0],[165.0],[301.0],[180.0],[344.0],[109.0],[380.0],[353.0],[160.0],[377.0],[303.0],[189.0],[293.0],[198.0],[357.0],[242.0],[113.0],[109.0],[82.0],[307.0],[180.0],[74.0],[4.0],[76.0],[350.0],[49.0],[293.0],[296.0],[29.0],[196.0],[146.0],[144.0],[129.0],[342.0],[180.0],[249.0],[120.0],[357.0],[46.0],[117.0]
110,[11.0],[296.0],[244.0],[160.0],[350.0],[304.0],[376.0],[76.0],[83.0],[344.0],[389.0],[51.0],[12.0],[51.0],[51.0],[5.0],[30.0],[293.0],[327.0],[22.0],[5.0],[357.0],[246.0],[67.0],[117.0],[4.0],[52.0],[36.0],[327.0],[378.0],[60.0],[133.0],[145.0],[111.0],[166.0],[342.0],[263.0],[78.0],[301.0],[90.0],[291.0],[291.0],[78.0],[161.0],[46.0],[117.0],[109.0],[296.0],[117.0],[78.0],[383.0],[308.0],[304.0],[163.0],[133.0],[77.0],[60.0],[262.0],[109.0],[317.0],[181.0],[316.0],[181.0],[233.0],[77.0],[100.0],[178.0],[104.0],[306.0],[165.0],[132.0],[14.0],[90.0],[104.0],[315.0],[325.0],[342.0],[347.0],[100.0],[17.0],[179.0],[160.0],[91.0],[81.0],[207.0],[224.0],[262.0],[343.0],[74.0],[122.0],[76.0],[366.0],[244.0],[218.0],[5.0],[159.0],[48.0],[378.0],[287.0],[49.0]
111,[249.0],[179.0],[249.0],[295.0],[144.0],[30.0],[22.0],[196.0],[376.0],[91.0],[224.0],[4.0],[327.0],[160.0],[380.0],[307.0],[5.0],[388.0],[14.0],[144.0],[29.0],[218.0],[31.0],[133.0],[263.0],[109.0],[218.0],[335.0],[51.0],[171.0],[78.0],[165.0],[392.0],[262.0],[76.0],[30.0],[218.0],[178.0],[90.0],[295.0],[22.0],[344.0],[380.0],[60.0],[179.0],[274.0],[343.0],[377.0],[342.0],[231.0],[9.0],[218.0],[109.0],[51.0],[119.0],[390.0],[276.0],[391.0],[344.0],[133.0],[353.0],[274.0],[246.0],[51.0],[309.0],[391.0],[368.0],[144.0],[5.0],[83.0],[242.0],[249.0],[109.0],[291.0],[154.0],[293.0],[21.0],[358.0],[316.0],[352.0],[124.0],[140.0],[262.0],[100.0],[309.0],[51.0],[381.0],[49.0],[113.0],[343.0],[117.0],[187.0],[372.0],[195.0],[309.0],[148.0],[165.0],[49.0],[377.0],[381.0]
112,[82.0],[81.0],[91.0],[196.0],[293.0],[357.0],[77.0],[14.0],[49.0],[301.0],[22.0],[11.0],[82.0],[20.0],[21.0],[120.0],[389.0],[210.0],[22.0],[350.0],[159.0],[165.0],[29.0],[9.0],[22.0],[18.0],[73.0],[218.0],[291.0],[166.0],[49.0],[318.0],[22.0],[36.0],[100.0],[347.0],[353.0],[263.0],[81.0],[274.0],[393.0],[5.0],[160.0],[183.0],[209.0],[146.0],[163.0],[378.0],[344.0],[29.0],[263.0],[124.0],[52.0],[48.0],[307.0],[341.0],[81.0],[10.0],[352.0],[49.0],[144.0],[293.0],[14.0],[20.0],[124.0],[381.0],[138.0],[392.0],[310.0],[238.0],[76.0],[5.0],[51.0],[373.0],[76.0],[42.0],[249.0],[317.0],[383.0],[291.0],[353.0],[352.0],[181.0],[358.0],[46.0],[367.0],[11.0],[129.0],[202.0],[327.0],[263.0],[390.0],[315.0],[20.0],[133.0],[218.0],[262.0],[171.0],[20.0],[325.0]
113,[35.0],[286.0],[112.0],[17.0],[14.0],[49.0],[200.0],[9.0],[53.0],[180.0],[133.0],[376.0],[377.0],[206.0],[91.0],[100.0],[160.0],[315.0],[113.0],[329.0],[129.0],[54.0],[53.0],[78.0],[81.0],[3.0],[120.0],[34.0],[181.0],[327.0],[335.0],[327.0],[129.0],[319.0],[9.0],[350.0],[315.0],[318.0],[366.0],[124.0],[263.0],[155.0],[377.0],[241.0],[129.0],[4.0],[123.0],[332.0],[163.0],[3.0],[4.0],[181.0],[376.0],[202.0],[78.0],[33.0],[10.0],[42.0],[224.0],[82.0],[379.0],[327.0],[350.0],[318.0],[91.0],[380.0],[263.0],[276.0],[60.0],[31.0],[318.0],[372.0],[0.0],[317.0],[307.0],[133.0],[25.0],[378.0],[4.0],[76.0],[108.0],[67.0],[332.0],[138.0],[17.0],[210.0],[276.0],[195.0],[378.0],[175.0],[171.0],[20.0],[20.0],[198.0],[358.0],[233.0],[376.0],[274.0],[31.0],[30.0]
114,[196.0],[345.0],[51.0],[263.0],[368.0],[392.0],[155.0],[189.0],[350.0],[30.0],[229.0],[31.0],[296.0],[332.0],[317.0],[124.0],[109.0],[218.0],[180.0],[207.0],[4.0],[181.0],[9.0],[262.0],[109.0],[376.0],[347.0],[22.0],[82.0],[117.0],[361.0],[218.0],[82.0],[35.0],[295.0],[133.0],[29.0],[310.0],[296.0],[376.0],[60.0],[301.0],[386.0],[43.0],[124.0],[137.0],[358.0],[343.0],[332.0],[296.0],[347.0],[295.0],[274.0],[111.0],[46.0],[353.0],[209.0],[78.0],[9.0],[377.0],[165.0],[36.0],[11.0],[48.0],[159.0],[83.0],[155.0],[67.0],[295.0],[207.0],[332.0],[316.0],[18.0],[231.0],[310.0],[18.0],[210.0],[210.0],[388.0],[368.0],[91.0],[393.0],[382.0],[342.0],[274.0],[18.0],[104.0],[307.0],[318.0],[241.0],[376.0],[58.0],[146.0],[293.0],[203.0],[155.0],[14.0],[23.0],[109.0],[380.0]
115,[20.0],[276.0],[117.0],[74.0],[82.0],[91.0],[48.0],[342.0],[390.0],[242.0],[248.0],[335.0],[343.0],[180.0],[342.0],[229.0],[189.0],[380.0],[120.0],[180.0],[390.0],[109.0],[161.0],[113.0],[159.0],[272.0],[113.0],[304.0],[341.0],[301.0],[91.0],[187.0],[368.0],[82.0],[276.0],[78.0],[31.0],[22.0],[165.0],[296.0],[46.0],[174.0],[67.0],[82.0],[83.0],[18.0],[34.0],[73.0],[4.0],[175.0],[46.0],[83.0],[165.0],[329.0],[48.0],[90.0],[31.0],[335.0],[67.0],[20.0],[289.0],[48.0],[133.0],[301.0],[21.0],[353.0],[218.0],[388.0],[224.0],[14.0],[5.0],[389.0],[82.0],[91.0],[229.0],[22.0],[368.0],[82.0],[342.0],[309.0],[46.0],[287.0],[25.0],[286.0],[296.0],[389.0],[196.0],[246.0],[4.0],[31.0],[14.0],[342.0],[42.0],[100.0],[81.0],[195.0],[160.0],[109.0],[140.0],[55.0]
116,[146.0],[381.0],[342.0],[166.0],[315.0],[160.0],[378.0],[378.0],[22.0],[367.0],[180.0],[327.0],[160.0],[389.0],[315.0],[17.0],[159.0],[274.0],[183.0],[358.0],[262.0],[133.0],[49.0],[229.0],[171.0],[249.0],[146.0],[84.0],[124.0],[0.0],[151.0],[117.0],[112.0],[276.0],[113.0],[196.0],[43.0],[276.0],[377.0],[46.0],[138.0],[117.0],[49.0],[366.0],[246.0],[315.0],[51.0],[91.0],[181.0],[357.0],[287.0],[146.0],[120.0],[342.0],[350.0],[5.0],[9.0],[73.0],[350.0],[345.0],[67.0],[120.0],[343.0],[263.0],[323.0],[229.0],[160.0],[206.0],[376.0],[51.0],[159.0],[159.0],[306.0],[389.0],[388.0],[366.0],[318.0],[329.0],[198.0],[287.0],[376.0],[388.0],[224.0],[109.0],[293.0],[304.0],[397.0],[317.0],[180.0],[100.0],[51.0],[295.0],[100.0],[9.0],[10.0],[137.0],[122.0],[295.0],[343.0],[179.0]
117,[159.0],[393.0],[31.0],[113.0],[382.0],[146.0],[60.0],[296.0],[91.0],[203.0],[310.0],[67.0],[381.0],[82.0],[4.0],[4.0],[18.0],[76.0],[179.0],[123.0],[303.0],[10.0],[100.0],[376.0],[82.0],[166.0],[83.0],[109.0],[249.0],[245.0],[133.0],[276.0],[366.0],[60.0],[49.0],[14.0],[30.0],[183.0],[120.0],[377.0],[381.0],[393.0],[112.0],[202.0],[78.0],[366.0],[146.0],[249.0],[276.0],[307.0],[138.0],[307.0],[207.0],[22.0],[195.0],[45.0],[138.0],[20.0],[5.0],[291.0],[82.0],[276.0],[145.0],[350.0],[82.0],[307.0],[31.0],[218.0],[4.0],[203.0],[293.0],[379.0],[262.0],[119.0],[231.0],[104.0],[352.0],[43.0],[60.0],[175.0],[113.0],[21.0],[50.0],[108.0],[373.0],[231.0],[31.0],[29.0],[218.0],[306.0],[108.0],[76.0],[207.0],[291.0],[377.0],[373.0],[307.0],[154.0],[4.0],[218.0]
118,[291.0],[373.0],[160.0],[146.0],[52.0],[9.0],[373.0],[369.0],[397.0],[160.0],[376.0],[82.0],[210.0],[310.0],[163.0],[160.0],[120.0],[181.0],[241.0],[352.0],[301.0],[100.0],[22.0],[370.0],[373.0],[117.0],[367.0],[120.0],[307.0],[357.0],[124.0],[229.0],[286.0],[233.0],[318.0],[353.0],[79.0],[319.0],[304.0],[222.0],[274.0],[83.0],[179.0],[21.0],[49.0],[21.0],[376.0],[341.0],[187.0],[5.0],[397.0],[389.0],[317.0],[52.0],[274.0],[30.0],[368.0],[189.0],[181.0],[11.0],[372.0],[324.0],[31.0],[81.0],[343.0],[340.0],[373.0],[80.0],[373.0],[291.0],[36.0],[388.0],[60.0],[391.0],[155.0],[244.0],[308.0],[166.0],[287.0],[117.0],[352.0],[293.0],[276.0],[327.0],[241.0],[36.0],[94.0],[224.0],[117.0],[291.0],[367.0],[315.0],[242.0],[78.0],[159.0],[22.0],[9.0],[200.0],[181.0],[397.0]
119,[202.0],[285.0],[295.0],[58.0],[155.0],[249.0],[67.0],[0.0],[180.0],[117.0],[17.0],[323.0],[112.0],[369.0],[249.0],[291.0],[383.0],[303.0],[108.0],[160.0],[327.0],[82.0],[91.0],[33.0],[3.0],[108.0],[332.0],[242.0],[379.0],[33.0],[386.0],[84.0],[146.0],[181.0],[345.0],[183.0],[392.0],[382.0],[179.0],[378.0],[386.0],[242.0],[43.0],[34.0],[5.0],[178.0],[210.0],[133.0],[33.0],[31.0],[389.0],[292.0],[310.0],[264.0],[263.0],[146.0],[180.0],[163.0],[11.0],[33.0],[344.0],[343.0],[161.0],[159.0],[49.0],[310.0],[291.0],[113.0],[342.0],[327.0],[18.0],[210.0],[196.0],[246.0],[327.0],[274.0],[291.0],[156.0],[347.0],[4.0],[397.0],[58.0],[29.0],[231.0],[262.0],[155.0],[264.0],[34.0],[76.0],[224.0],[20.0],[202.0],[145.0],[224.0],[74.0],[113.0],[166.0],[262.0],[296.0],[229.0]
120,[144.0],[124.0],[332.0],[29.0],[78.0],[353.0],[171.0],[108.0],[159.0],[274.0],[291.0],[196.0],[94.0],[196.0],[5.0],[129.0],[308.0],[341.0],[163.0],[49.0],[342.0],[47.0],[293.0],[329.0],[67.0],[43.0],[74.0],[198.0],[166.0],[60.0],[22.0],[91.0],[18.0],[267.0],[165.0],[129.0],[231.0],[124.0],[262.0],[317.0],[33.0],[224.0],[181.0],[249.0],[222.0],[353.0],[129.0],[262.0],[309.0],[196.0],[343.0],[324.0],[391.0],[195.0],[155.0],[262.0],[304.0],[133.0],[49.0],[303.0],[310.0],[5.0],[156.0],[42.0],[90.0],[377.0],[91.0],[342.0],[323.0],[104.0],[49.0],[378.0],[49.0],[145.0],[200.0],[291.0],[344.0],[165.0],[296.0],[48.0],[216.0],[5.0],[165.0],[146.0],[133.0],[22.0],[29.0],[109.0],[198.0],[5.0],[343.0],[207.0],[82.0],[345.0],[352.0],[5.0],[358.0],[67.0],[2.0],[249.0]
121,[30.0],[29.0],[210.0],[332.0],[36.0],[358.0],[386.0],[180.0],[203.0],[392.0],[350.0],[207.0],[159.0],[344.0],[90.0],[22.0],[124.0],[49.0],[353.0],[73.0],[246.0],[117.0],[123.0],[207.0],[274.0],[124.0],[180.0],[58.0],[144.0],[303.0],[83.0],[138.0],[382.0],[18.0],[296.0],[84.0],[246.0],[210.0],[82.0],[31.0],[304.0],[9.0],[308.0],[30.0],[52.0],[393.0],[378.0],[109.0],[341.0],[315.0],[207.0],[117.0],[74.0],[388.0],[29.0],[138.0],[48.0],[342.0],[179.0],[293.0],[249.0],[46.0],[291.0],[210.0],[29.0],[148.0],[104.0],[397.0],[159.0],[210.0],[368.0],[357.0],[366.0],[262.0],[344.0],[137.0],[108.0],[160.0],[389.0],[179.0],[144.0],[82.0],[113.0],[91.0],[108.0],[174.0],[291.0],[180.0],[11.0],[183.0],[82.0],[33.0],[180.0],[187.0],[381.0],[76.0],[298.0],[159.0],[353.0],[293.0]
122,[245.0],[148.0],[178.0],[366.0],[170.0],[274.0],[342.0],[207.0],[100.0],[82.0],[274.0],[178.0],[29.0],[189.0],[340.0],[122.0],[342.0],[22.0],[389.0],[369.0],[306.0],[104.0],[129.0],[81.0],[353.0],[82.0],[50.0],[307.0],[242.0],[113.0],[358.0],[51.0],[160.0],[73.0],[43.0],[9.0],[113.0],[104.0],[242.0],[83.0],[163.0],[113.0],[166.0],[109.0],[388.0],[0.0],[181.0],[353.0],[207.0],[60.0],[67.0],[118.0],[291.0],[91.0],[373.0],[357.0],[83.0],[113.0],[291.0],[249.0],[287.0],[109.0],[195.0],[138.0],[381.0],[138.0],[129.0],[90.0],[245.0],[262.0],[202.0],[163.0],[120.0],[315.0],[393.0],[218.0],[187.0],[31.0],[263.0],[122.0],[377.0],[17.0],[218.0],[308.0],[317.0],[21.0],[5.0],[357.0],[42.0],[287.0],[179.0],[4.0],[5.0],[67.0],[293.0],[262.0],[51.0],[4.0],[178.0],[392.0]
123,[33.0],[224.0],[317.0],[198.0],[183.0],[179.0],[231.0],[4.0],[198.0],[267.0],[392.0],[60.0],[291.0],[124.0],[306.0],[309.0],[117.0],[381.0],[276.0],[353.0],[73.0],[81.0],[231.0],[210.0],[20.0],[307.0],[171.0],[166.0],[386.0],[91.0],[30.0],[343.0],[48.0],[386.0],[353.0],[386.0],[82.0],[231.0],[231.0],[67.0],[5.0],[124.0],[390.0],[61.0],[386.0],[292.0],[196.0],[207.0],[317.0],[160.0],[262.0],[90.0],[133.0],[296.0],[231.0],[113.0],[344.0],[296.0],[178.0],[386.0],[166.0],[104.0],[287.0],[306.0],[308.0],[301.0],[113.0],[380.0],[138.0],[109.0],[308.0],[207.0],[202.0],[378.0],[181.0],[262.0],[145.0],[368.0],[163.0],[78.0],[249.0],[90.0],[117.0],[377.0],[189.0],[366.0],[307.0],[84.0],[78.0],[117.0],[49.0],[146.0],[357.0],[180.0],[340.0],[388.0],[342.0],[81.0],[301.0],[67.0]
124,[347.0],[309.0],[11.0],[11.0],[262.0],[181.0],[274.0],[231.0],[249.0],[76.0],[263.0],[113.0],[144.0],[109.0],[310.0],[111.0],[233.0],[352.0],[90.0],[318.0],[341.0],[388.0],[350.0],[181.0],[14.0],[189.0],[138.0],[207.0],[178.0],[291.0],[224.0],[355.0],[274.0],[50.0],[218.0],[379.0],[9.0],[293.0],[50.0],[9.0],[91.0],[1.0],[210.0],[391.0],[315.0],[67.0],[332.0],[295.0],[133.0],[17.0],[224.0],[340.0],[29.0],[361.0],[377.0],[233.0],[386.0],[171.0],[310.0],[90.0],[183.0],[317.0],[224.0],[262.0],[218.0],[198.0],[301.0],[148.0],[109.0],[296.0],[42.0],[50.0],[251.0],[274.0],[84.0],[67.0],[329.0],[81.0],[171.0],[342.0],[74.0],[104.0],[180.0],[292.0],[144.0],[343.0],[30.0],[187.0],[20.0],[210.0],[90.0],[397.0],[224.0],[357.0],[9.0],[133.0],[4.0],[287.0],[104.0],[155.0]
125,[352.0],[233.0],[293.0],[124.0],[5.0],[352.0],[224.0],[249.0],[318.0],[20.0],[138.0],[373.0],[206.0],[43.0],[198.0],[112.0],[187.0],[17.0],[307.0],[30.0],[138.0],[159.0],[262.0],[163.0],[113.0],[146.0],[343.0],[118.0],[112.0],[165.0],[291.0],[113.0],[109.0],[112.0],[342.0],[233.0],[366.0],[249.0],[42.0],[60.0],[43.0],[91.0],[22.0],[180.0],[161.0],[318.0],[9.0],[81.0],[352.0],[50.0],[108.0],[160.0],[4.0],[291.0],[196.0],[295.0],[210.0],[369.0],[318.0],[378.0],[31.0],[4.0],[4.0],[380.0],[9.0],[295.0],[5.0],[4.0],[30.0],[366.0],[315.0],[367.0],[316.0],[67.0],[180.0],[81.0],[310.0],[50.0],[117.0],[29.0],[78.0],[291.0],[31.0],[210.0],[3.0],[20.0],[137.0],[175.0],[307.0],[124.0],[198.0],[160.0],[291.0],[124.0],[124.0],[317.0],[117.0],[292.0],[51.0],[174.0]
126,[224.0],[46.0],[104.0],[307.0],[181.0],[296.0],[17.0],[262.0],[317.0],[146.0],[207.0],[9.0],[22.0],[178.0],[341.0],[357.0],[242.0],[207.0],[165.0],[67.0],[78.0],[129.0],[218.0],[29.0],[369.0],[17.0],[335.0],[74.0],[246.0],[20.0],[9.0],[366.0],[242.0],[145.0],[315.0],[310.0],[202.0],[48.0],[144.0],[387.0],[210.0],[29.0],[342.0],[372.0],[33.0],[60.0],[263.0],[171.0],[90.0],[291.0],[180.0],[78.0],[329.0],[357.0],[370.0],[180.0],[21.0],[120.0],[113.0],[183.0],[317.0],[23.0],[196.0],[377.0],[242.0],[202.0],[353.0],[120.0],[341.0],[148.0],[137.0],[30.0],[274.0],[161.0],[117.0],[329.0],[274.0],[100.0],[295.0],[231.0],[357.0],[198.0],[52.0],[22.0],[30.0],[29.0],[315.0],[165.0],[345.0],[15.0],[388.0],[370.0],[189.0],[377.0],[113.0],[335.0],[145.0],[51.0],[207.0],[178.0]
127,[67.0],[138.0],[61.0],[78.0],[366.0],[383.0],[245.0],[233.0],[74.0],[165.0],[249.0],[307.0],[91.0],[46.0],[76.0],[43.0],[155.0],[5.0],[342.0],[119.0],[318.0],[67.0],[377.0],[124.0],[372.0],[242.0],[386.0],[249.0],[380.0],[287.0],[148.0],[9.0],[307.0],[160.0],[90.0],[83.0],[189.0],[20.0],[292.0],[381.0],[231.0],[392.0],[317.0],[342.0],[67.0],[108.0],[113.0],[51.0],[58.0],[82.0],[218.0],[335.0],[82.0],[144.0],[310.0],[315.0],[159.0],[46.0],[383.0],[187.0],[11.0],[358.0],[357.0],[357.0],[0.0],[228.0],[249.0],[386.0],[231.0],[78.0],[397.0],[18.0],[9.0],[341.0],[120.0],[315.0],[17.0],[11.0],[378.0],[318.0],[109.0],[178.0],[296.0],[345.0],[195.0],[100.0],[376.0],[390.0],[171.0],[49.0],[218.0],[109.0],[263.0],[393.0],[91.0],[278.0],[60.0],[48.0],[391.0],[274.0]
128,[18.0],[58.0],[366.0],[296.0],[117.0],[18.0],[117.0],[242.0],[366.0],[369.0],[83.0],[309.0],[198.0],[388.0],[166.0],[181.0],[29.0],[307.0],[166.0],[183.0],[46.0],[378.0],[285.0],[11.0],[368.0],[218.0],[67.0],[82.0],[73.0],[100.0],[390.0],[198.0],[332.0],[377.0],[124.0],[246.0],[57.0],[119.0],[9.0],[189.0],[111.0],[109.0],[274.0],[4.0],[350.0],[293.0],[83.0],[156.0],[294.0],[262.0],[386.0],[287.0],[366.0],[133.0],[21.0],[303.0],[345.0],[166.0],[171.0],[342.0],[78.0],[133.0],[242.0],[343.0],[17.0],[346.0],[67.0],[369.0],[9.0],[133.0],[381.0],[286.0],[119.0],[117.0],[17.0],[276.0],[120.0],[83.0],[31.0],[5.0],[318.0],[237.0],[233.0],[78.0],[242.0],[82.0],[274.0],[160.0],[81.0],[383.0],[233.0],[30.0],[229.0],[368.0],[376.0],[380.0],[43.0],[207.0],[100.0],[159.0]
129,[231.0],[144.0],[183.0],[228.0],[378.0],[207.0],[291.0],[335.0],[202.0],[202.0],[48.0],[29.0],[90.0],[165.0],[291.0],[210.0],[82.0],[383.0],[129.0],[181.0],[294.0],[113.0],[17.0],[291.0],[233.0],[358.0],[81.0],[301.0],[11.0],[146.0],[389.0],[224.0],[262.0],[303.0],[309.0],[138.0],[163.0],[100.0],[91.0],[22.0],[377.0],[4.0],[369.0],[146.0],[327.0],[29.0],[117.0],[310.0],[100.0],[187.0],[293.0],[109.0],[49.0],[383.0],[43.0],[382.0],[282.0],[357.0],[122.0],[207.0],[274.0],[43.0],[112.0],[117.0],[315.0],[90.0],[344.0],[82.0],[229.0],[67.0],[183.0],[119.0],[391.0],[195.0],[160.0],[178.0],[296.0],[0.0],[187.0],[229.0],[372.0],[242.0],[329.0],[293.0],[376.0],[0.0],[195.0],[352.0],[67.0],[391.0],[353.0],[166.0],[60.0],[231.0],[155.0],[271.0],[317.0],[373.0],[224.0],[33.0]
130,[203.0],[178.0],[276.0],[383.0],[231.0],[212.0],[246.0],[83.0],[353.0],[228.0],[9.0],[345.0],[308.0],[156.0],[109.0],[292.0],[345.0],[309.0],[9.0],[120.0],[90.0],[350.0],[353.0],[274.0],[262.0],[121.0],[9.0],[5.0],[344.0],[67.0],[379.0],[180.0],[389.0],[301.0],[307.0],[276.0],[146.0],[43.0],[218.0],[303.0],[207.0],[195.0],[98.0],[51.0],[109.0],[242.0],[112.0],[380.0],[165.0],[11.0],[358.0],[366.0],[117.0],[181.0],[249.0],[163.0],[3.0],[224.0],[83.0],[29.0],[91.0],[67.0],[2.0],[202.0],[245.0],[9.0],[163.0],[196.0],[33.0],[342.0],[82.0],[276.0],[315.0],[307.0],[358.0],[233.0],[146.0],[133.0],[3.0],[350.0],[293.0],[295.0],[120.0],[355.0],[180.0],[144.0],[341.0],[207.0],[344.0],[129.0],[231.0],[77.0],[341.0],[391.0],[304.0],[291.0],[42.0],[318.0],[231.0],[308.0]
131,[376.0],[350.0],[389.0],[304.0],[179.0],[332.0],[327.0],[350.0],[43.0],[17.0],[388.0],[366.0],[372.0],[372.0],[329.0],[218.0],[296.0],[386.0],[296.0],[309.0],[245.0],[180.0],[315.0],[171.0],[30.0],[309.0],[390.0],[315.0],[90.0],[380.0],[343.0],[35.0],[104.0],[357.0],[30.0],[22.0],[317.0],[51.0],[357.0],[345.0],[83.0],[108.0],[291.0],[307.0],[263.0],[309.0],[78.0],[138.0],[198.0],[113.0],[274.0],[94.0],[202.0],[31.0],[381.0],[91.0],[137.0],[249.0],[108.0],[30.0],[202.0],[352.0],[179.0],[52.0],[161.0],[166.0],[82.0],[210.0],[343.0],[343.0],[20.0],[109.0],[43.0],[90.0],[352.0],[46.0],[315.0],[373.0],[357.0],[9.0],[309.0],[29.0],[17.0],[104.0],[90.0],[295.0],[91.0],[391.0],[109.0],[189.0],[67.0],[335.0],[287.0],[353.0],[29.0],[198.0],[308.0],[42.0],[381.0],[29.0]
132,[31.0],[308.0],[233.0],[120.0],[159.0],[388.0],[160.0],[377.0],[292.0],[196.0],[318.0],[278.0],[73.0],[17.0],[189.0],[308.0],[119.0],[146.0],[393.0],[378.0],[9.0],[323.0],[33.0],[202.0],[146.0],[129.0],[315.0],[117.0],[309.0],[76.0],[104.0],[159.0],[29.0],[245.0],[287.0],[178.0],[274.0],[165.0],[346.0],[183.0],[296.0],[196.0],[156.0],[327.0],[242.0],[245.0],[293.0],[342.0],[31.0],[76.0],[366.0],[129.0],[83.0],[183.0],[276.0],[49.0],[165.0],[218.0],[335.0],[58.0],[295.0],[231.0],[94.0],[14.0],[397.0],[249.0],[189.0],[36.0],[146.0],[241.0],[146.0],[160.0],[367.0],[180.0],[159.0],[20.0],[14.0],[129.0],[183.0],[108.0],[138.0],[163.0],[133.0],[372.0],[233.0],[137.0],[108.0],[249.0],[120.0],[81.0],[9.0],[47.0],[109.0],[318.0],[207.0],[304.0],[274.0],[174.0],[382.0],[210.0]
133,[74.0],[137.0],[138.0],[242.0],[118.0],[0.0],[5.0],[78.0],[372.0],[138.0],[317.0],[249.0],[30.0],[293.0],[174.0],[198.0],[263.0],[317.0],[376.0],[393.0],[397.0],[78.0],[67.0],[109.0],[51.0],[346.0],[46.0],[393.0],[109.0],[308.0],[181.0],[383.0],[124.0],[30.0],[367.0],[352.0],[391.0],[233.0],[263.0],[171.0],[165.0],[43.0],[288.0],[20.0],[274.0],[307.0],[202.0],[345.0],[29.0],[30.0],[327.0],[21.0],[174.0],[81.0],[183.0],[207.0],[117.0],[242.0],[48.0],[104.0],[286.0],[296.0],[171.0],[368.0],[113.0],[357.0],[90.0],[60.0],[90.0],[340.0],[372.0],[391.0],[318.0],[160.0],[36.0],[389.0],[386.0],[51.0],[310.0],[218.0],[31.0],[108.0],[393.0],[77.0],[51.0],[368.0],[163.0],[148.0],[301.0],[83.0],[98.0],[368.0],[295.0],[274.0],[366.0],[78.0],[324.0],[82.0],[291.0],[291.0]
134,[83.0],[133.0],[83.0],[4.0],[308.0],[389.0],[307.0],[274.0],[233.0],[144.0],[373.0],[291.0],[17.0],[113.0],[43.0],[368.0],[137.0],[9.0],[196.0],[224.0],[81.0],[233.0],[317.0],[382.0],[17.0],[293.0],[133.0],[0.0],[76.0],[345.0],[81.0],[160.0],[117.0],[198.0],[108.0],[80.0],[5.0],[187.0],[5.0],[30.0],[171.0],[187.0],[120.0],[378.0],[14.0],[291.0],[335.0],[113.0],[74.0],[388.0],[350.0],[274.0],[33.0],[78.0],[202.0],[179.0],[381.0],[389.0],[386.0],[350.0],[104.0],[303.0],[353.0],[267.0],[166.0],[189.0],[262.0],[352.0],[145.0],[309.0],[391.0],[317.0],[218.0],[379.0],[353.0],[342.0],[174.0],[381.0],[20.0],[30.0],[51.0],[161.0],[242.0],[1.0],[67.0],[67.0],[391.0],[327.0],[379.0],[318.0],[73.0],[124.0],[113.0],[317.0],[100.0],[9.0],[304.0],[335.0],[144.0],[341.0]
135,[369.0],[108.0],[323.0],[286.0],[319.0],[120.0],[350.0],[229.0],[207.0],[366.0],[381.0],[146.0],[358.0],[301.0],[60.0],[18.0],[22.0],[372.0],[29.0],[323.0],[369.0],[307.0],[296.0],[84.0],[18.0],[198.0],[309.0],[295.0],[50.0],[233.0],[357.0],[248.0],[83.0],[14.0],[274.0],[366.0],[292.0],[344.0],[122.0],[366.0],[183.0],[179.0],[178.0],[11.0],[342.0],[329.0],[388.0],[163.0],[179.0],[90.0],[166.0],[380.0],[30.0],[83.0],[309.0],[340.0],[187.0],[392.0],[82.0],[76.0],[77.0],[171.0],[132.0],[29.0],[183.0],[318.0],[51.0],[301.0],[293.0],[22.0],[100.0],[108.0],[309.0],[49.0],[369.0],[33.0],[198.0],[57.0],[83.0],[181.0],[60.0],[369.0],[383.0],[21.0],[389.0],[133.0],[161.0],[58.0],[137.0],[274.0],[133.0],[14.0],[15.0],[117.0],[373.0],[33.0],[30.0],[30.0],[0.0],[84.0]
136,[210.0],[4.0],[155.0],[31.0],[391.0],[229.0],[100.0],[82.0],[82.0],[231.0],[368.0],[100.0],[397.0],[48.0],[137.0],[392.0],[79.0],[344.0],[82.0],[308.0],[22.0],[31.0],[233.0],[60.0],[160.0],[178.0],[198.0],[292.0],[179.0],[163.0],[52.0],[353.0],[377.0],[202.0],[262.0],[81.0],[377.0],[74.0],[202.0],[224.0],[109.0],[74.0],[73.0],[287.0],[113.0],[51.0],[276.0],[308.0],[389.0],[293.0],[109.0],[368.0],[5.0],[393.0],[5.0],[36.0],[274.0],[30.0],[129.0],[389.0],[301.0],[291.0],[218.0],[109.0],[181.0],[207.0],[381.0],[224.0],[73.0],[246.0],[31.0],[129.0],[342.0],[178.0],[100.0],[388.0],[18.0],[146.0],[231.0],[129.0],[242.0],[9.0],[163.0],[145.0],[121.0],[109.0],[179.0],[318.0],[112.0],[295.0],[31.0],[357.0],[343.0],[309.0],[335.0],[377.0],[350.0],[304.0],[52.0],[307.0]
137,[274.0],[67.0],[52.0],[43.0],[309.0],[108.0],[287.0],[276.0],[11.0],[148.0],[340.0],[129.0],[295.0],[316.0],[392.0],[29.0],[262.0],[276.0],[117.0],[124.0],[270.0],[224.0],[242.0],[187.0],[43.0],[304.0],[329.0],[11.0],[366.0],[323.0],[100.0],[83.0],[3.0],[246.0],[78.0],[159.0],[307.0],[342.0],[393.0],[155.0],[49.0],[58.0],[61.0],[245.0],[287.0],[369.0],[124.0],[350.0],[343.0],[80.0],[370.0],[288.0],[342.0],[231.0],[100.0],[31.0],[78.0],[0.0],[307.0],[263.0],[263.0],[262.0],[296.0],[341.0],[246.0],[33.0],[379.0],[100.0],[263.0],[82.0],[345.0],[335.0],[233.0],[47.0],[323.0],[110.0],[159.0],[353.0],[108.0],[329.0],[9.0],[221.0],[342.0],[389.0],[178.0],[138.0],[207.0],[233.0],[5.0],[67.0],[189.0],[318.0],[342.0],[11.0],[224.0],[342.0],[207.0],[370.0],[91.0],[5.0]
138,[133.0],[51.0],[146.0],[317.0],[124.0],[124.0],[366.0],[343.0],[389.0],[304.0],[307.0],[81.0],[350.0],[224.0],[202.0],[82.0],[17.0],[133.0],[146.0],[343.0],[388.0],[120.0],[251.0],[82.0],[296.0],[224.0],[293.0],[121.0],[245.0],[196.0],[76.0],[393.0],[138.0],[43.0],[117.0],[389.0],[397.0],[5.0],[343.0],[21.0],[350.0],[160.0],[366.0],[295.0],[0.0],[304.0],[319.0],[90.0],[196.0],[47.0],[187.0],[58.0],[166.0],[309.0],[335.0],[291.0],[207.0],[51.0],[3.0],[67.0],[351.0],[309.0],[317.0],[4.0],[291.0],[17.0],[202.0],[308.0],[345.0],[189.0],[291.0],[180.0],[33.0],[376.0],[350.0],[109.0],[307.0],[4.0],[291.0],[198.0],[291.0],[389.0],[379.0],[274.0],[377.0],[124.0],[117.0],[210.0],[43.0],[178.0],[160.0],[175.0],[29.0],[179.0],[17.0],[379.0],[129.0],[179.0],[50.0],[187.0]
139,[81.0],[5.0],[202.0],[293.0],[242.0],[29.0],[146.0],[307.0],[329.0],[218.0],[341.0],[23.0],[0.0],[187.0],[120.0],[20.0],[183.0],[74.0],[112.0],[48.0],[218.0],[308.0],[137.0],[74.0],[90.0],[286.0],[159.0],[287.0],[210.0],[187.0],[329.0],[307.0],[353.0],[117.0],[382.0],[2.0],[1.0],[248.0],[51.0],[120.0],[352.0],[296.0],[303.0],[344.0],[31.0],[174.0],[368.0],[31.0],[180.0],[390.0],[74.0],[81.0],[224.0],[248.0],[180.0],[372.0],[249.0],[9.0],[22.0],[344.0],[381.0],[203.0],[377.0],[187.0],[380.0],[246.0],[166.0],[350.0],[350.0],[100.0],[229.0],[304.0],[163.0],[372.0],[20.0],[341.0],[180.0],[78.0],[309.0],[109.0],[393.0],[159.0],[378.0],[368.0],[307.0],[9.0],[120.0],[274.0],[133.0],[132.0],[183.0],[133.0],[30.0],[31.0],[242.0],[242.0],[146.0],[181.0],[292.0],[173.0]
140,[357.0],[274.0],[372.0],[148.0],[357.0],[377.0],[9.0],[74.0],[17.0],[109.0],[67.0],[180.0],[161.0],[291.0],[377.0],[133.0],[229.0],[82.0],[350.0],[163.0],[161.0],[310.0],[74.0],[383.0],[29.0],[310.0],[84.0],[160.0],[58.0],[304.0],[318.0],[233.0],[198.0],[166.0],[357.0],[393.0],[67.0],[317.0],[73.0],[58.0],[120.0],[229.0],[224.0],[111.0],[70.0],[31.0],[304.0],[324.0],[22.0],[372.0],[372.0],[352.0],[262.0],[67.0],[329.0],[216.0],[310.0],[310.0],[309.0],[77.0],[120.0],[304.0],[29.0],[161.0],[146.0],[342.0],[181.0],[309.0],[23.0],[47.0],[376.0],[117.0],[180.0],[81.0],[138.0],[145.0],[309.0],[274.0],[129.0],[31.0],[50.0],[120.0],[67.0],[388.0],[83.0],[274.0],[74.0],[183.0],[242.0],[70.0],[178.0],[229.0],[368.0],[109.0],[117.0],[43.0],[124.0],[309.0],[304.0],[4.0]
141,[121.0],[317.0],[74.0],[397.0],[137.0],[82.0],[159.0],[310.0],[267.0],[229.0],[100.0],[187.0],[317.0],[36.0],[0.0],[77.0],[397.0],[249.0],[262.0],[80.0],[100.0],[35.0],[381.0],[307.0],[2.0],[301.0],[318.0],[163.0],[9.0],[324.0],[320.0],[210.0],[233.0],[367.0],[17.0],[397.0],[104.0],[180.0],[49.0],[262.0],[342.0],[202.0],[198.0],[370.0],[229.0],[246.0],[67.0],[29.0],[124.0],[137.0],[76.0],[73.0],[178.0],[350.0],[50.0],[43.0],[91.0],[160.0],[293.0],[233.0],[377.0],[308.0],[307.0],[31.0],[317.0],[29.0],[22.0],[181.0],[296.0],[74.0],[4.0],[74.0],[291.0],[355.0],[158.0],[301.0],[189.0],[22.0],[317.0],[146.0],[81.0],[22.0],[11.0],[49.0],[310.0],[301.0],[90.0],[161.0],[370.0],[307.0],[269.0],[31.0],[319.0],[104.0],[137.0],[329.0],[106.0],[350.0],[121.0],[22.0]
142,[91.0],[33.0],[33.0],[163.0],[381.0],[67.0],[138.0],[117.0],[61.0],[317.0],[323.0],[386.0],[357.0],[245.0],[100.0],[381.0],[77.0],[67.0],[67.0],[20.0],[30.0],[397.0],[145.0],[49.0],[229.0],[145.0],[129.0],[342.0],[5.0],[79.0],[366.0],[43.0],[137.0],[341.0],[388.0],[224.0],[20.0],[267.0],[57.0],[159.0],[369.0],[78.0],[9.0],[393.0],[202.0],[350.0],[218.0],[175.0],[210.0],[33.0],[82.0],[20.0],[287.0],[308.0],[161.0],[132.0],[268.0],[287.0],[43.0],[352.0],[342.0],[283.0],[295.0],[74.0],[148.0],[117.0],[29.0],[163.0],[317.0],[137.0],[29.0],[187.0],[132.0],[109.0],[368.0],[379.0],[317.0],[293.0],[340.0],[113.0],[34.0],[166.0],[295.0],[262.0],[81.0],[108.0],[372.0],[310.0],[15.0],[133.0],[369.0],[120.0],[382.0],[233.0],[120.0],[83.0],[296.0],[104.0],[112.0],[82.0]
143,[17.0],[109.0],[161.0],[82.0],[287.0],[183.0],[133.0],[30.0],[132.0],[384.0],[159.0],[5.0],[207.0],[380.0],[309.0],[287.0],[113.0],[368.0],[207.0],[381.0],[109.0],[34.0],[180.0],[233.0],[344.0],[274.0],[231.0],[33.0],[224.0],[310.0],[80.0],[347.0],[318.0],[183.0],[144.0],[160.0],[342.0],[175.0],[22.0],[50.0],[133.0],[310.0],[161.0],[159.0],[160.0],[302.0],[309.0],[100.0],[262.0],[380.0],[307.0],[9.0],[78.0],[307.0],[376.0],[383.0],[267.0],[388.0],[0.0],[366.0],[293.0],[210.0],[113.0],[142.0],[366.0],[323.0],[198.0],[187.0],[276.0],[303.0],[392.0],[91.0],[189.0],[329.0],[30.0],[2.0],[132.0],[308.0],[373.0],[210.0],[388.0],[173.0],[79.0],[309.0],[117.0],[207.0],[81.0],[231.0],[324.0],[342.0],[309.0],[117.0],[231.0],[50.0],[233.0],[171.0],[340.0],[358.0],[123.0],[17.0]
144,[377.0],[335.0],[288.0],[67.0],[29.0],[90.0],[129.0],[367.0],[73.0],[129.0],[290.0],[210.0],[180.0],[67.0],[304.0],[166.0],[388.0],[31.0],[210.0],[118.0],[307.0],[9.0],[83.0],[368.0],[196.0],[159.0],[33.0],[138.0],[30.0],[82.0],[73.0],[303.0],[317.0],[31.0],[317.0],[109.0],[350.0],[383.0],[133.0],[133.0],[119.0],[20.0],[29.0],[81.0],[357.0],[202.0],[379.0],[352.0],[202.0],[9.0],[296.0],[84.0],[9.0],[381.0],[189.0],[397.0],[231.0],[58.0],[146.0],[189.0],[276.0],[124.0],[304.0],[389.0],[276.0],[195.0],[179.0],[317.0],[20.0],[233.0],[160.0],[0.0],[207.0],[386.0],[171.0],[296.0],[380.0],[318.0],[109.0],[292.0],[386.0],[84.0],[0.0],[383.0],[388.0],[30.0],[119.0],[397.0],[308.0],[358.0],[245.0],[17.0],[202.0],[52.0],[114.0],[48.0],[290.0],[198.0],[309.0],[160.0]
145,[29.0],[43.0],[17.0],[73.0],[274.0],[233.0],[309.0],[187.0],[231.0],[159.0],[245.0],[90.0],[49.0],[229.0],[144.0],[242.0],[274.0],[163.0],[5.0],[74.0],[228.0],[202.0],[352.0],[178.0],[317.0],[137.0],[189.0],[20.0],[133.0],[276.0],[67.0],[231.0],[210.0],[146.0],[31.0],[304.0],[100.0],[49.0],[303.0],[249.0],[4.0],[33.0],[294.0],[181.0],[73.0],[233.0],[81.0],[233.0],[194.0],[346.0],[249.0],[316.0],[381.0],[166.0],[304.0],[109.0],[124.0],[309.0],[57.0],[129.0],[133.0],[166.0],[369.0],[146.0],[210.0],[4.0],[366.0],[79.0],[123.0],[344.0],[342.0],[133.0],[317.0],[120.0],[189.0],[195.0],[129.0],[113.0],[229.0],[20.0],[233.0],[129.0],[57.0],[357.0],[329.0],[233.0],[343.0],[82.0],[369.0],[288.0],[381.0],[159.0],[138.0],[159.0],[77.0],[160.0],[352.0],[344.0],[137.0],[90.0]
146,[178.0],[287.0],[309.0],[389.0],[22.0],[309.0],[317.0],[91.0],[301.0],[73.0],[137.0],[73.0],[171.0],[317.0],[179.0],[295.0],[310.0],[369.0],[81.0],[345.0],[309.0],[317.0],[189.0],[183.0],[377.0],[229.0],[109.0],[113.0],[303.0],[145.0],[4.0],[120.0],[79.0],[378.0],[83.0],[368.0],[293.0],[381.0],[388.0],[77.0],[29.0],[378.0],[79.0],[210.0],[189.0],[160.0],[342.0],[117.0],[245.0],[385.0],[393.0],[22.0],[383.0],[180.0],[345.0],[67.0],[52.0],[329.0],[274.0],[290.0],[316.0],[113.0],[293.0],[196.0],[392.0],[366.0],[342.0],[242.0],[120.0],[307.0],[203.0],[381.0],[145.0],[229.0],[4.0],[180.0],[29.0],[9.0],[315.0],[148.0],[295.0],[43.0],[43.0],[291.0],[187.0],[291.0],[193.0],[181.0],[58.0],[245.0],[386.0],[373.0],[160.0],[175.0],[109.0],[301.0],[231.0],[189.0],[278.0],[366.0]
147,[329.0],[90.0],[81.0],[391.0],[370.0],[210.0],[109.0],[121.0],[35.0],[5.0],[90.0],[52.0],[393.0],[357.0],[146.0],[376.0],[31.0],[58.0],[352.0],[386.0],[0.0],[187.0],[133.0],[90.0],[83.0],[317.0],[287.0],[379.0],[52.0],[366.0],[120.0],[308.0],[291.0],[81.0],[389.0],[43.0],[323.0],[29.0],[309.0],[358.0],[67.0],[343.0],[381.0],[353.0],[178.0],[121.0],[377.0],[158.0],[345.0],[378.0],[84.0],[30.0],[156.0],[30.0],[163.0],[156.0],[242.0],[233.0],[210.0],[79.0],[245.0],[79.0],[397.0],[388.0],[104.0],[31.0],[161.0],[358.0],[368.0],[229.0],[378.0],[292.0],[377.0],[366.0],[366.0],[160.0],[124.0],[189.0],[202.0],[343.0],[207.0],[286.0],[274.0],[386.0],[365.0],[202.0],[309.0],[48.0],[291.0],[109.0],[79.0],[113.0],[178.0],[18.0],[163.0],[140.0],[291.0],[386.0],[308.0],[350.0]
148,[161.0],[22.0],[340.0],[350.0],[352.0],[291.0],[104.0],[33.0],[245.0],[132.0],[183.0],[70.0],[224.0],[74.0],[140.0],[138.0],[371.0],[379.0],[189.0],[264.0],[67.0],[11.0],[397.0],[104.0],[79.0],[23.0],[246.0],[94.0],[137.0],[112.0],[383.0],[74.0],[309.0],[304.0],[378.0],[58.0],[229.0],[159.0],[171.0],[148.0],[287.0],[340.0],[352.0],[358.0],[29.0],[278.0],[180.0],[178.0],[386.0],[138.0],[242.0],[2.0],[90.0],[323.0],[31.0],[104.0],[158.0],[202.0],[138.0],[369.0],[138.0],[245.0],[51.0],[145.0],[278.0],[183.0],[388.0],[304.0],[174.0],[357.0],[122.0],[315.0],[392.0],[96.0],[113.0],[378.0],[22.0],[262.0],[344.0],[286.0],[310.0],[351.0],[49.0],[370.0],[303.0],[112.0],[296.0],[31.0],[287.0],[171.0],[29.0],[343.0],[378.0],[120.0],[179.0],[323.0],[369.0],[303.0],[352.0],[137.0]
149,[310.0],[346.0],[324.0],[91.0],[161.0],[112.0],[106.0],[210.0],[229.0],[29.0],[160.0],[124.0],[332.0],[22.0],[224.0],[335.0],[352.0],[304.0],[122.0],[315.0],[238.0],[377.0],[357.0],[77.0],[77.0],[355.0],[376.0],[179.0],[187.0],[137.0],[381.0],[317.0],[335.0],[61.0],[129.0],[20.0],[108.0],[133.0],[60.0],[91.0],[308.0],[77.0],[292.0],[175.0],[117.0],[113.0],[170.0],[20.0],[175.0],[112.0],[78.0],[271.0],[245.0],[132.0],[245.0],[148.0],[100.0],[112.0],[120.0],[21.0],[308.0],[224.0],[81.0],[246.0],[340.0],[67.0],[343.0],[198.0],[384.0],[50.0],[117.0],[82.0],[3.0],[318.0],[83.0],[343.0],[82.0],[33.0],[233.0],[357.0],[90.0],[392.0],[377.0],[317.0],[278.0],[180.0],[82.0],[166.0],[163.0],[98.0],[80.0],[245.0],[120.0],[287.0],[174.0],[145.0],[179.0],[382.0],[397.0],[242.0]
150,[120.0],[117.0],[133.0],[161.0],[329.0],[74.0],[20.0],[183.0],[174.0],[67.0],[122.0],[118.0],[158.0],[381.0],[228.0],[350.0],[303.0],[45.0],[121.0],[9.0],[48.0],[166.0],[82.0],[100.0],[207.0],[290.0],[295.0],[178.0],[202.0],[58.0],[109.0],[4.0],[304.0],[309.0],[20.0],[344.0],[179.0],[373.0],[100.0],[291.0],[17.0],[180.0],[74.0],[90.0],[310.0],[383.0],[262.0],[292.0],[388.0],[318.0],[340.0],[67.0],[73.0],[33.0],[278.0],[245.0],[229.0],[180.0],[90.0],[210.0],[158.0],[50.0],[231.0],[9.0],[372.0],[287.0],[340.0],[207.0],[161.0],[352.0],[133.0],[29.0],[350.0],[245.0],[372.0],[100.0],[104.0],[94.0],[377.0],[100.0],[0.0],[309.0],[315.0],[303.0],[251.0],[58.0],[110.0],[292.0],[310.0],[120.0],[392.0],[262.0],[183.0],[350.0],[343.0],[90.0],[137.0],[110.0],[43.0],[355.0]
151,[386.0],[231.0],[58.0],[189.0],[180.0],[20.0],[122.0],[272.0],[342.0],[357.0],[31.0],[57.0],[129.0],[329.0],[318.0],[173.0],[292.0],[198.0],[309.0],[233.0],[287.0],[352.0],[292.0],[20.0],[350.0],[31.0],[158.0],[159.0],[304.0],[180.0],[50.0],[163.0],[352.0],[20.0],[34.0],[119.0],[4.0],[378.0],[67.0],[82.0],[90.0],[100.0],[309.0],[166.0],[4.0],[231.0],[189.0],[316.0],[308.0],[180.0],[0.0],[216.0],[198.0],[317.0],[389.0],[355.0],[109.0],[90.0],[100.0],[308.0],[198.0],[77.0],[388.0],[82.0],[231.0],[79.0],[233.0],[347.0],[393.0],[231.0],[113.0],[376.0],[161.0],[112.0],[82.0],[307.0],[11.0],[335.0],[104.0],[144.0],[82.0],[377.0],[309.0],[246.0],[82.0],[379.0],[317.0],[137.0],[179.0],[73.0],[145.0],[309.0],[133.0],[108.0],[178.0],[183.0],[383.0],[310.0],[30.0],[377.0]
152,[79.0],[145.0],[158.0],[309.0],[216.0],[317.0],[285.0],[29.0],[377.0],[372.0],[82.0],[133.0],[386.0],[379.0],[124.0],[316.0],[357.0],[178.0],[317.0],[229.0],[352.0],[309.0],[286.0],[198.0],[216.0],[29.0],[82.0],[262.0],[229.0],[350.0],[352.0],[22.0],[343.0],[343.0],[81.0],[161.0],[83.0],[82.0],[335.0],[100.0],[233.0],[138.0],[392.0],[228.0],[358.0],[82.0],[372.0],[389.0],[296.0],[202.0],[73.0],[383.0],[100.0],[137.0],[120.0],[274.0],[67.0],[379.0],[47.0],[146.0],[262.0],[17.0],[379.0],[335.0],[3.0],[367.0],[357.0],[379.0],[181.0],[108.0],[67.0],[124.0],[187.0],[84.0],[318.0],[383.0],[122.0],[181.0],[224.0],[381.0],[304.0],[229.0],[352.0],[233.0],[202.0],[5.0],[100.0],[380.0],[372.0],[82.0],[187.0],[5.0],[262.0],[249.0],[145.0],[231.0],[22.0],[166.0],[175.0],[138.0]
153,[80.0],[187.0],[119.0],[210.0],[129.0],[369.0],[308.0],[358.0],[144.0],[80.0],[293.0],[3.0],[77.0],[162.0],[73.0],[388.0],[343.0],[112.0],[174.0],[109.0],[304.0],[249.0],[207.0],[159.0],[316.0],[335.0],[90.0],[148.0],[159.0],[70.0],[187.0],[372.0],[180.0],[173.0],[137.0],[35.0],[49.0],[81.0],[166.0],[202.0],[329.0],[383.0],[307.0],[0.0],[146.0],[81.0],[166.0],[50.0],[108.0],[295.0],[90.0],[29.0],[249.0],[120.0],[67.0],[108.0],[175.0],[74.0],[379.0],[170.0],[368.0],[229.0],[49.0],[310.0],[22.0],[317.0],[210.0],[366.0],[58.0],[183.0],[33.0],[342.0],[129.0],[3.0],[203.0],[84.0],[267.0],[149.0],[29.0],[124.0],[83.0],[4.0],[145.0],[249.0],[78.0],[187.0],[267.0],[276.0],[317.0],[276.0],[249.0],[67.0],[210.0],[372.0],[43.0],[2.0],[355.0],[163.0],[318.0],[357.0]
154,[229.0],[160.0],[113.0],[344.0],[33.0],[381.0],[369.0],[133.0],[80.0],[90.0],[304.0],[160.0],[202.0],[144.0],[343.0],[233.0],[368.0],[138.0],[377.0],[100.0],[308.0],[341.0],[58.0],[393.0],[137.0],[2.0],[308.0],[161.0],[278.0],[74.0],[20.0],[124.0],[166.0],[142.0],[29.0],[137.0],[290.0],[198.0],[4.0],[292.0],[229.0],[231.0],[31.0],[317.0],[392.0],[180.0],[120.0],[80.0],[369.0],[342.0],[292.0],[57.0],[335.0],[165.0],[303.0],[124.0],[58.0],[109.0],[117.0],[161.0],[323.0],[378.0],[82.0],[112.0],[179.0],[309.0],[124.0],[29.0],[309.0],[274.0],[179.0],[17.0],[174.0],[342.0],[221.0],[74.0],[251.0],[158.0],[180.0],[315.0],[198.0],[81.0],[229.0],[373.0],[160.0],[81.0],[20.0],[229.0],[319.0],[228.0],[271.0],[310.0],[318.0],[5.0],[122.0],[189.0],[345.0],[120.0],[285.0],[231.0]
155,[57.0],[389.0],[132.0],[24.0],[290.0],[145.0],[178.0],[357.0],[161.0],[163.0],[79.0],[317.0],[351.0],[159.0],[180.0],[83.0],[271.0],[47.0],[33.0],[78.0],[179.0],[229.0],[109.0],[231.0],[370.0],[148.0],[352.0],[212.0],[81.0],[274.0],[350.0],[267.0],[308.0],[34.0],[120.0],[329.0],[291.0],[117.0],[183.0],[382.0],[129.0],[11.0],[233.0],[386.0],[377.0],[149.0],[229.0],[174.0],[137.0],[81.0],[96.0],[82.0],[219.0],[315.0],[383.0],[81.0],[369.0],[161.0],[80.0],[31.0],[357.0],[372.0],[100.0],[58.0],[30.0],[352.0],[120.0],[229.0],[352.0],[30.0],[180.0],[22.0],[117.0],[350.0],[296.0],[381.0],[301.0],[20.0],[386.0],[383.0],[159.0],[180.0],[183.0],[11.0],[183.0],[4.0],[67.0],[179.0],[290.0],[292.0],[329.0],[287.0],[144.0],[178.0],[121.0],[358.0],[17.0],[379.0],[307.0],[20.0]
156,[285.0],[251.0],[303.0],[381.0],[342.0],[113.0],[210.0],[158.0],[357.0],[389.0],[50.0],[161.0],[118.0],[108.0],[233.0],[9.0],[276.0],[345.0],[286.0],[262.0],[224.0],[335.0],[179.0],[119.0],[291.0],[120.0],[30.0],[21.0],[160.0],[285.0],[310.0],[291.0],[178.0],[372.0],[79.0],[295.0],[21.0],[370.0],[352.0],[392.0],[276.0],[381.0],[388.0],[50.0],[100.0],[381.0],[2.0],[393.0],[47.0],[178.0],[269.0],[156.0],[132.0],[368.0],[81.0],[120.0],[120.0],[100.0],[81.0],[329.0],[210.0],[241.0],[124.0],[183.0],[207.0],[82.0],[228.0],[9.0],[124.0],[129.0],[0.0],[301.0],[228.0],[17.0],[43.0],[30.0],[229.0],[352.0],[271.0],[202.0],[210.0],[0.0],[380.0],[83.0],[358.0],[242.0],[162.0],[113.0],[249.0],[350.0],[372.0],[80.0],[335.0],[29.0],[344.0],[82.0],[229.0],[296.0],[90.0],[287.0]
157,[388.0],[307.0],[383.0],[229.0],[67.0],[386.0],[179.0],[318.0],[210.0],[289.0],[292.0],[285.0],[384.0],[133.0],[160.0],[329.0],[376.0],[29.0],[144.0],[304.0],[31.0],[132.0],[309.0],[303.0],[142.0],[33.0],[355.0],[30.0],[74.0],[379.0],[46.0],[309.0],[31.0],[329.0],[381.0],[57.0],[345.0],[368.0],[129.0],[233.0],[376.0],[309.0],[138.0],[31.0],[292.0],[17.0],[90.0],[129.0],[30.0],[309.0],[120.0],[35.0],[31.0],[82.0],[90.0],[317.0],[296.0],[292.0],[388.0],[346.0],[3.0],[189.0],[121.0],[304.0],[383.0],[162.0],[378.0],[33.0],[228.0],[84.0],[47.0],[267.0],[179.0],[43.0],[137.0],[121.0],[248.0],[323.0],[140.0],[237.0],[145.0],[175.0],[355.0],[43.0],[29.0],[119.0],[345.0],[342.0],[181.0],[308.0],[81.0],[324.0],[137.0],[163.0],[229.0],[245.0],[189.0],[74.0],[146.0],[113.0]
158,[112.0],[180.0],[378.0],[112.0],[120.0],[346.0],[324.0],[109.0],[96.0],[342.0],[43.0],[357.0],[120.0],[320.0],[216.0],[314.0],[133.0],[262.0],[370.0],[79.0],[120.0],[22.0],[386.0],[366.0],[61.0],[389.0],[389.0],[290.0],[120.0],[30.0],[245.0],[274.0],[381.0],[383.0],[189.0],[148.0],[381.0],[242.0],[368.0],[388.0],[112.0],[350.0],[296.0],[160.0],[317.0],[129.0],[84.0],[323.0],[378.0],[242.0],[81.0],[202.0],[315.0],[335.0],[372.0],[61.0],[377.0],[381.0],[304.0],[318.0],[159.0],[21.0],[189.0],[22.0],[34.0],[308.0],[245.0],[291.0],[386.0],[81.0],[309.0],[138.0],[372.0],[11.0],[198.0],[372.0],[287.0],[179.0],[304.0],[317.0],[3.0],[61.0],[73.0],[30.0],[20.0],[189.0],[113.0],[21.0],[160.0],[22.0],[120.0],[79.0],[377.0],[271.0],[39.0],[251.0],[384.0],[315.0],[183.0],[340.0]
159,[389.0],[278.0],[397.0],[318.0],[70.0],[161.0],[233.0],[388.0],[70.0],[84.0],[49.0],[295.0],[382.0],[81.0],[335.0],[146.0],[393.0],[202.0],[335.0],[344.0],[335.0],[291.0],[159.0],[189.0],[161.0],[397.0],[393.0],[180.0],[0.0],[83.0],[74.0],[112.0],[121.0],[373.0],[242.0],[198.0],[369.0],[296.0],[350.0],[268.0],[79.0],[216.0],[52.0],[320.0],[82.0],[91.0],[292.0],[346.0],[81.0],[367.0],[173.0],[207.0],[70.0],[187.0],[74.0],[210.0],[343.0],[67.0],[77.0],[17.0],[0.0],[345.0],[286.0],[319.0],[180.0],[319.0],[370.0],[145.0],[274.0],[0.0],[79.0],[318.0],[389.0],[80.0],[183.0],[393.0],[4.0],[77.0],[307.0],[120.0],[392.0],[218.0],[118.0],[144.0],[43.0],[267.0],[9.0],[45.0],[138.0],[229.0],[304.0],[73.0],[233.0],[343.0],[378.0],[366.0],[18.0],[161.0],[210.0],[233.0]
160,[383.0],[1.0],[357.0],[287.0],[303.0],[288.0],[137.0],[228.0],[120.0],[245.0],[158.0],[274.0],[231.0],[70.0],[30.0],[70.0],[269.0],[35.0],[304.0],[380.0],[175.0],[383.0],[187.0],[343.0],[245.0],[112.0],[303.0],[388.0],[390.0],[288.0],[372.0],[137.0],[386.0],[307.0],[161.0],[100.0],[96.0],[161.0],[124.0],[350.0],[146.0],[189.0],[124.0],[144.0],[380.0],[343.0],[49.0],[47.0],[183.0],[158.0],[317.0],[310.0],[21.0],[100.0],[229.0],[166.0],[145.0],[137.0],[187.0],[83.0],[292.0],[202.0],[329.0],[120.0],[262.0],[77.0],[96.0],[81.0],[100.0],[138.0],[396.0],[352.0],[229.0],[174.0],[396.0],[51.0],[119.0],[296.0],[45.0],[138.0],[18.0],[368.0],[343.0],[73.0],[287.0],[229.0],[323.0],[74.0],[293.0],[376.0],[174.0],[121.0],[380.0],[4.0],[129.0],[60.0],[309.0],[381.0],[383.0],[124.0]
161,[384.0],[119.0],[159.0],[369.0],[346.0],[224.0],[79.0],[79.0],[50.0],[0.0],[233.0],[181.0],[339.0],[303.0],[344.0],[207.0],[149.0],[161.0],[384.0],[385.0],[106.0],[304.0],[287.0],[310.0],[124.0],[383.0],[317.0],[31.0],[318.0],[57.0],[77.0],[358.0],[344.0],[342.0],[82.0],[309.0],[367.0],[67.0],[58.0],[84.0],[343.0],[274.0],[335.0],[122.0],[35.0],[376.0],[295.0],[187.0],[70.0],[98.0],[236.0],[80.0],[228.0],[122.0],[382.0],[386.0],[73.0],[370.0],[158.0],[309.0],[384.0],[392.0],[345.0],[278.0],[286.0],[133.0],[3.0],[323.0],[242.0],[317.0],[231.0],[83.0],[379.0],[122.0],[67.0],[197.0],[381.0],[340.0],[156.0],[149.0],[100.0],[317.0],[345.0],[207.0],[49.0],[178.0],[287.0],[368.0],[228.0],[293.0],[268.0],[278.0],[67.0],[355.0],[160.0],[109.0],[372.0],[224.0],[79.0],[183.0]
162,[381.0],[245.0],[335.0],[142.0],[74.0],[138.0],[29.0],[202.0],[148.0],[122.0],[386.0],[370.0],[100.0],[198.0],[33.0],[286.0],[112.0],[355.0],[178.0],[122.0],[231.0],[384.0],[245.0],[309.0],[308.0],[382.0],[193.0],[77.0],[323.0],[90.0],[292.0],[49.0],[231.0],[212.0],[383.0],[5.0],[309.0],[380.0],[33.0],[307.0],[278.0],[368.0],[21.0],[198.0],[346.0],[173.0],[207.0],[180.0],[229.0],[67.0],[49.0],[318.0],[240.0],[287.0],[122.0],[199.0],[29.0],[317.0],[58.0],[73.0],[108.0],[112.0],[180.0],[133.0],[189.0],[121.0],[293.0],[119.0],[82.0],[304.0],[58.0],[2.0],[231.0],[383.0],[178.0],[202.0],[100.0],[178.0],[380.0],[295.0],[30.0],[231.0],[384.0],[187.0],[318.0],[230.0],[129.0],[20.0],[342.0],[377.0],[274.0],[386.0],[187.0],[82.0],[323.0],[180.0],[319.0],[78.0],[357.0],[162.0]
163,[355.0],[113.0],[296.0],[100.0],[145.0],[61.0],[381.0],[291.0],[309.0],[269.0],[129.0],[372.0],[274.0],[367.0],[159.0],[278.0],[291.0],[335.0],[303.0],[77.0],[17.0],[49.0],[278.0],[344.0],[340.0],[366.0],[292.0],[4.0],[84.0],[175.0],[0.0],[183.0],[290.0],[249.0],[249.0],[47.0],[159.0],[352.0],[161.0],[109.0],[180.0],[317.0],[20.0],[383.0],[393.0],[74.0],[175.0],[120.0],[304.0],[281.0],[117.0],[229.0],[45.0],[77.0],[58.0],[350.0],[233.0],[104.0],[148.0],[119.0],[137.0],[357.0],[120.0],[397.0],[197.0],[224.0],[295.0],[21.0],[198.0],[379.0],[61.0],[229.0],[73.0],[345.0],[79.0],[350.0],[43.0],[310.0],[166.0],[189.0],[120.0],[251.0],[124.0],[70.0],[171.0],[121.0],[233.0],[350.0],[178.0],[233.0],[294.0],[163.0],[245.0],[335.0],[82.0],[240.0],[377.0],[343.0],[317.0],[43.0]
164,[233.0],[79.0],[43.0],[335.0],[175.0],[3.0],[124.0],[174.0],[166.0],[393.0],[267.0],[137.0],[43.0],[309.0],[67.0],[79.0],[156.0],[90.0],[49.0],[0.0],[378.0],[198.0],[197.0],[323.0],[183.0],[357.0],[397.0],[67.0],[100.0],[22.0],[323.0],[144.0],[246.0],[317.0],[384.0],[292.0],[382.0],[262.0],[207.0],[342.0],[197.0],[122.0],[373.0],[132.0],[272.0],[5.0],[29.0],[132.0],[173.0],[352.0],[368.0],[179.0],[149.0],[318.0],[187.0],[100.0],[122.0],[304.0],[166.0],[9.0],[187.0],[315.0],[202.0],[0.0],[304.0],[144.0],[49.0],[292.0],[304.0],[308.0],[317.0],[324.0],[83.0],[308.0],[144.0],[179.0],[0.0],[291.0],[335.0],[219.0],[58.0],[83.0],[246.0],[166.0],[219.0],[146.0],[278.0],[335.0],[166.0],[267.0],[58.0],[161.0],[31.0],[369.0],[345.0],[100.0],[183.0],[278.0],[189.0],[202.0]
165,[104.0],[83.0],[304.0],[70.0],[81.0],[295.0],[323.0],[317.0],[304.0],[292.0],[288.0],[343.0],[309.0],[129.0],[122.0],[377.0],[122.0],[278.0],[156.0],[166.0],[146.0],[124.0],[70.0],[397.0],[202.0],[151.0],[70.0],[278.0],[117.0],[181.0],[392.0],[81.0],[34.0],[379.0],[366.0],[146.0],[138.0],[291.0],[17.0],[181.0],[315.0],[335.0],[145.0],[350.0],[11.0],[198.0],[77.0],[304.0],[358.0],[173.0],[376.0],[183.0],[369.0],[112.0],[70.0],[343.0],[291.0],[81.0],[369.0],[388.0],[307.0],[149.0],[137.0],[355.0],[377.0],[57.0],[57.0],[74.0],[335.0],[29.0],[129.0],[370.0],[45.0],[113.0],[129.0],[0.0],[303.0],[285.0],[121.0],[278.0],[166.0],[274.0],[372.0],[350.0],[113.0],[310.0],[109.0],[149.0],[309.0],[177.0],[229.0],[196.0],[33.0],[307.0],[22.0],[289.0],[175.0],[124.0],[120.0],[109.0]
166,[180.0],[366.0],[4.0],[0.0],[173.0],[70.0],[251.0],[178.0],[122.0],[51.0],[35.0],[389.0],[229.0],[393.0],[229.0],[137.0],[43.0],[357.0],[366.0],[388.0],[267.0],[74.0],[30.0],[377.0],[309.0],[296.0],[242.0],[112.0],[228.0],[383.0],[303.0],[345.0],[84.0],[121.0],[281.0],[173.0],[90.0],[121.0],[233.0],[81.0],[397.0],[346.0],[304.0],[79.0],[293.0],[377.0],[159.0],[160.0],[166.0],[51.0],[318.0],[393.0],[373.0],[304.0],[110.0],[50.0],[50.0],[45.0],[287.0],[393.0],[30.0],[74.0],[233.0],[158.0],[379.0],[173.0],[304.0],[138.0],[285.0],[310.0],[307.0],[43.0],[368.0],[286.0],[379.0],[309.0],[383.0],[357.0],[9.0],[335.0],[77.0],[304.0],[121.0],[17.0],[295.0],[104.0],[189.0],[303.0],[124.0],[144.0],[340.0],[180.0],[124.0],[112.0],[0.0],[285.0],[318.0],[22.0],[3.0],[262.0]
167,[43.0],[57.0],[286.0],[240.0],[31.0],[278.0],[304.0],[162.0],[90.0],[198.0],[178.0],[262.0],[170.0],[166.0],[323.0],[121.0],[74.0],[295.0],[181.0],[245.0],[319.0],[3.0],[344.0],[388.0],[31.0],[294.0],[61.0],[288.0],[381.0],[84.0],[96.0],[389.0],[20.0],[148.0],[3.0],[82.0],[335.0],[285.0],[286.0],[47.0],[84.0],[373.0],[180.0],[310.0],[138.0],[162.0],[1.0],[183.0],[178.0],[61.0],[156.0],[329.0],[124.0],[43.0],[4.0],[129.0],[389.0],[17.0],[121.0],[242.0],[84.0],[287.0],[309.0],[100.0],[352.0],[378.0],[397.0],[149.0],[50.0],[187.0],[251.0],[90.0],[386.0],[29.0],[156.0],[138.0],[33.0],[183.0],[24.0],[77.0],[335.0],[189.0],[129.0],[178.0],[79.0],[98.0],[352.0],[79.0],[383.0],[159.0],[291.0],[304.0],[307.0],[138.0],[156.0],[34.0],[31.0],[43.0],[158.0],[369.0]
168,[308.0],[246.0],[180.0],[292.0],[344.0],[180.0],[229.0],[57.0],[315.0],[21.0],[187.0],[22.0],[57.0],[335.0],[357.0],[0.0],[224.0],[233.0],[20.0],[33.0],[119.0],[2.0],[43.0],[246.0],[165.0],[1.0],[51.0],[303.0],[335.0],[161.0],[178.0],[242.0],[229.0],[291.0],[245.0],[229.0],[178.0],[245.0],[229.0],[163.0],[303.0],[386.0],[382.0],[158.0],[296.0],[197.0],[318.0],[388.0],[80.0],[120.0],[309.0],[79.0],[63.0],[376.0],[397.0],[3.0],[30.0],[245.0],[202.0],[163.0],[271.0],[108.0],[170.0],[124.0],[109.0],[343.0],[142.0],[351.0],[340.0],[267.0],[144.0],[340.0],[108.0],[82.0],[81.0],[118.0],[340.0],[17.0],[343.0],[106.0],[84.0],[383.0],[357.0],[202.0],[381.0],[43.0],[0.0],[0.0],[161.0],[112.0],[383.0],[122.0],[370.0],[51.0],[350.0],[146.0],[82.0],[29.0],[108.0],[120.0]
169,[181.0],[304.0],[240.0],[170.0],[317.0],[58.0],[3.0],[267.0],[335.0],[52.0],[303.0],[175.0],[304.0],[146.0],[178.0],[372.0],[377.0],[365.0],[379.0],[274.0],[124.0],[345.0],[368.0],[79.0],[74.0],[161.0],[179.0],[286.0],[292.0],[381.0],[3.0],[340.0],[90.0],[58.0],[80.0],[74.0],[233.0],[50.0],[189.0],[33.0],[82.0],[144.0],[372.0],[309.0],[24.0],[335.0],[350.0],[197.0],[368.0],[86.0],[377.0],[173.0],[114.0],[74.0],[146.0],[392.0],[183.0],[318.0],[308.0],[295.0],[345.0],[340.0],[292.0],[173.0],[137.0],[30.0],[246.0],[137.0],[137.0],[245.0],[158.0],[142.0],[122.0],[268.0],[377.0],[267.0],[31.0],[202.0],[210.0],[304.0],[229.0],[397.0],[198.0],[57.0],[0.0],[74.0],[47.0],[47.0],[366.0],[303.0],[161.0],[114.0],[379.0],[113.0],[31.0],[17.0],[343.0],[242.0],[73.0],[144.0]
170,[3.0],[122.0],[246.0],[207.0],[340.0],[148.0],[31.0],[81.0],[345.0],[233.0],[148.0],[229.0],[344.0],[345.0],[20.0],[373.0],[178.0],[140.0],[381.0],[47.0],[20.0],[43.0],[335.0],[30.0],[0.0],[352.0],[304.0],[17.0],[262.0],[340.0],[58.0],[352.0],[132.0],[90.0],[292.0],[112.0],[267.0],[397.0],[21.0],[113.0],[242.0],[81.0],[84.0],[84.0],[278.0],[142.0],[160.0],[369.0],[295.0],[183.0],[381.0],[161.0],[43.0],[343.0],[166.0],[174.0],[295.0],[33.0],[262.0],[381.0],[229.0],[310.0],[119.0],[166.0],[384.0],[104.0],[156.0],[180.0],[183.0],[242.0],[112.0],[329.0],[156.0],[344.0],[121.0],[292.0],[178.0],[34.0],[120.0],[319.0],[122.0],[133.0],[82.0],[39.0],[335.0],[31.0],[202.0],[189.0],[170.0],[113.0],[77.0],[174.0],[350.0],[30.0],[161.0],[124.0],[50.0],[33.0],[342.0],[288.0]
171,[292.0],[310.0],[386.0],[373.0],[296.0],[301.0],[292.0],[352.0],[77.0],[397.0],[202.0],[351.0],[166.0],[278.0],[17.0],[90.0],[319.0],[267.0],[365.0],[90.0],[112.0],[90.0],[175.0],[120.0],[379.0],[58.0],[122.0],[100.0],[163.0],[367.0],[285.0],[166.0],[357.0],[189.0],[350.0],[343.0],[145.0],[83.0],[112.0],[187.0],[355.0],[119.0],[129.0],[165.0],[120.0],[308.0],[145.0],[307.0],[318.0],[22.0],[351.0],[158.0],[352.0],[197.0],[83.0],[58.0],[202.0],[24.0],[84.0],[47.0],[228.0],[242.0],[324.0],[207.0],[163.0],[175.0],[137.0],[233.0],[21.0],[118.0],[386.0],[309.0],[238.0],[183.0],[74.0],[229.0],[350.0],[90.0],[278.0],[159.0],[33.0],[202.0],[138.0],[161.0],[9.0],[50.0],[57.0],[81.0],[148.0],[329.0],[159.0],[29.0],[246.0],[379.0],[146.0],[202.0],[198.0],[79.0],[274.0],[81.0]
172,[379.0],[112.0],[80.0],[30.0],[233.0],[287.0],[183.0],[100.0],[137.0],[2.0],[29.0],[83.0],[4.0],[121.0],[307.0],[45.0],[58.0],[162.0],[187.0],[82.0],[149.0],[66.0],[81.0],[286.0],[35.0],[180.0],[233.0],[308.0],[370.0],[3.0],[212.0],[100.0],[21.0],[163.0],[74.0],[392.0],[162.0],[79.0],[308.0],[335.0],[31.0],[73.0],[357.0],[246.0],[307.0],[70.0],[106.0],[317.0],[335.0],[386.0],[202.0],[52.0],[378.0],[345.0],[178.0],[79.0],[174.0],[181.0],[156.0],[202.0],[156.0],[140.0],[383.0],[373.0],[287.0],[369.0],[307.0],[183.0],[288.0],[350.0],[281.0],[238.0],[67.0],[163.0],[202.0],[355.0],[372.0],[245.0],[381.0],[274.0],[212.0],[183.0],[22.0],[58.0],[308.0],[77.0],[146.0],[393.0],[391.0],[285.0],[166.0],[197.0],[292.0],[74.0],[79.0],[352.0],[133.0],[77.0],[384.0],[352.0]
173,[90.0],[271.0],[358.0],[3.0],[282.0],[393.0],[303.0],[148.0],[175.0],[309.0],[112.0],[224.0],[146.0],[83.0],[173.0],[245.0],[329.0],[373.0],[79.0],[189.0],[233.0],[51.0],[178.0],[21.0],[180.0],[295.0],[80.0],[351.0],[145.0],[386.0],[340.0],[251.0],[393.0],[350.0],[308.0],[318.0],[156.0],[270.0],[397.0],[285.0],[335.0],[129.0],[33.0],[238.0],[20.0],[248.0],[30.0],[61.0],[138.0],[340.0],[229.0],[76.0],[323.0],[20.0],[295.0],[175.0],[90.0],[187.0],[35.0],[120.0],[146.0],[180.0],[310.0],[342.0],[346.0],[245.0],[292.0],[329.0],[246.0],[124.0],[377.0],[308.0],[278.0],[288.0],[133.0],[29.0],[79.0],[246.0],[346.0],[96.0],[370.0],[310.0],[271.0],[294.0],[304.0],[373.0],[43.0],[278.0],[231.0],[202.0],[175.0],[296.0],[303.0],[351.0],[386.0],[224.0],[20.0],[388.0],[385.0],[145.0]
174,[158.0],[369.0],[21.0],[342.0],[83.0],[345.0],[377.0],[20.0],[34.0],[187.0],[369.0],[292.0],[324.0],[287.0],[31.0],[343.0],[129.0],[296.0],[119.0],[2.0],[77.0],[122.0],[370.0],[335.0],[210.0],[388.0],[383.0],[373.0],[357.0],[110.0],[183.0],[29.0],[285.0],[70.0],[45.0],[345.0],[187.0],[3.0],[278.0],[229.0],[175.0],[0.0],[104.0],[98.0],[303.0],[3.0],[50.0],[5.0],[122.0],[379.0],[212.0],[346.0],[79.0],[58.0],[0.0],[29.0],[342.0],[358.0],[228.0],[368.0],[129.0],[278.0],[5.0],[179.0],[318.0],[344.0],[83.0],[340.0],[307.0],[323.0],[350.0],[382.0],[124.0],[397.0],[228.0],[323.0],[378.0],[187.0],[245.0],[376.0],[161.0],[233.0],[292.0],[52.0],[132.0],[84.0],[335.0],[288.0],[350.0],[137.0],[345.0],[52.0],[2.0],[77.0],[30.0],[229.0],[392.0],[317.0],[198.0],[343.0]
175,[345.0],[318.0],[22.0],[316.0],[202.0],[251.0],[392.0],[308.0],[291.0],[341.0],[344.0],[77.0],[307.0],[77.0],[81.0],[283.0],[267.0],[3.0],[177.0],[368.0],[148.0],[57.0],[120.0],[52.0],[318.0],[34.0],[183.0],[129.0],[175.0],[17.0],[242.0],[156.0],[149.0],[77.0],[285.0],[73.0],[355.0],[323.0],[386.0],[397.0],[100.0],[57.0],[367.0],[343.0],[177.0],[179.0],[317.0],[229.0],[161.0],[308.0],[324.0],[382.0],[122.0],[129.0],[175.0],[0.0],[317.0],[366.0],[2.0],[100.0],[180.0],[3.0],[183.0],[140.0],[335.0],[304.0],[112.0],[109.0],[355.0],[335.0],[30.0],[245.0],[29.0],[368.0],[345.0],[346.0],[319.0],[351.0],[351.0],[246.0],[189.0],[316.0],[70.0],[245.0],[289.0],[335.0],[382.0],[138.0],[174.0],[386.0],[57.0],[381.0],[161.0],[160.0],[295.0],[286.0],[162.0],[308.0],[81.0],[133.0]
176,[309.0],[397.0],[198.0],[84.0],[316.0],[202.0],[397.0],[245.0],[343.0],[308.0],[379.0],[122.0],[366.0],[286.0],[29.0],[355.0],[166.0],[81.0],[246.0],[158.0],[278.0],[20.0],[118.0],[386.0],[351.0],[323.0],[323.0],[187.0],[329.0],[393.0],[287.0],[148.0],[350.0],[33.0],[174.0],[376.0],[15.0],[173.0],[289.0],[228.0],[106.0],[369.0],[197.0],[271.0],[1.0],[30.0],[119.0],[348.0],[39.0],[278.0],[384.0],[233.0],[50.0],[178.0],[198.0],[310.0],[112.0],[238.0],[343.0],[355.0],[251.0],[292.0],[67.0],[291.0],[129.0],[174.0],[315.0],[278.0],[202.0],[90.0],[174.0],[77.0],[335.0],[340.0],[316.0],[397.0],[142.0],[309.0],[178.0],[43.0],[47.0],[146.0],[149.0],[149.0],[45.0],[278.0],[292.0],[2.0],[187.0],[384.0],[382.0],[329.0],[344.0],[267.0],[57.0],[119.0],[119.0],[50.0],[129.0],[74.0]
177,[84.0],[156.0],[122.0],[393.0],[160.0],[1.0],[202.0],[124.0],[307.0],[79.0],[145.0],[110.0],[47.0],[29.0],[368.0],[175.0],[90.0],[397.0],[269.0],[3.0],[207.0],[70.0],[355.0],[148.0],[358.0],[96.0],[187.0],[183.0],[180.0],[309.0],[290.0],[109.0],[4.0],[231.0],[282.0],[317.0],[158.0],[216.0],[148.0],[24.0],[74.0],[150.0],[278.0],[212.0],[309.0],[120.0],[370.0],[179.0],[51.0],[245.0],[137.0],[120.0],[175.0],[283.0],[112.0],[158.0],[49.0],[159.0],[175.0],[166.0],[318.0],[121.0],[392.0],[57.0],[132.0],[278.0],[30.0],[70.0],[358.0],[77.0],[335.0],[371.0],[30.0],[323.0],[112.0],[120.0],[83.0],[386.0],[34.0],[49.0],[278.0],[34.0],[304.0],[340.0],[58.0],[33.0],[285.0],[50.0],[149.0],[3.0],[180.0],[383.0],[290.0],[81.0],[2.0],[310.0],[67.0],[229.0],[39.0],[292.0]
178,[96.0],[177.0],[307.0],[202.0],[345.0],[144.0],[43.0],[112.0],[108.0],[310.0],[319.0],[183.0],[84.0],[120.0],[118.0],[383.0],[245.0],[61.0],[160.0],[156.0],[366.0],[228.0],[156.0],[132.0],[343.0],[228.0],[174.0],[224.0],[271.0],[358.0],[368.0],[335.0],[1.0],[113.0],[393.0],[278.0],[278.0],[160.0],[187.0],[112.0],[324.0],[30.0],[202.0],[77.0],[335.0],[119.0],[197.0],[386.0],[79.0],[197.0],[3.0],[119.0],[138.0],[80.0],[84.0],[286.0],[161.0],[368.0],[272.0],[178.0],[29.0],[197.0],[58.0],[251.0],[393.0],[84.0],[159.0],[84.0],[251.0],[251.0],[271.0],[170.0],[292.0],[73.0],[292.0],[119.0],[58.0],[233.0],[138.0],[272.0],[112.0],[52.0],[146.0],[393.0],[2.0],[358.0],[84.0],[144.0],[267.0],[29.0],[323.0],[345.0],[21.0],[240.0],[84.0],[142.0],[174.0],[245.0],[142.0],[83.0]
179,[45.0],[73.0],[278.0],[137.0],[158.0],[319.0],[340.0],[122.0],[4.0],[3.0],[81.0],[17.0],[318.0],[119.0],[378.0],[304.0],[63.0],[179.0],[308.0],[302.0],[156.0],[385.0],[340.0],[197.0],[175.0],[138.0],[236.0],[339.0],[106.0],[133.0],[33.0],[368.0],[57.0],[242.0],[335.0],[67.0],[212.0],[129.0],[379.0],[138.0],[166.0],[110.0],[310.0],[174.0],[295.0],[112.0],[74.0],[318.0],[233.0],[303.0],[335.0],[309.0],[350.0],[369.0],[197.0],[145.0],[160.0],[119.0],[212.0],[304.0],[178.0],[271.0],[381.0],[303.0],[224.0],[197.0],[318.0],[3.0],[308.0],[290.0],[233.0],[100.0],[162.0],[138.0],[287.0],[161.0],[304.0],[314.0],[21.0],[183.0],[173.0],[288.0],[248.0],[376.0],[159.0],[316.0],[173.0],[202.0],[303.0],[317.0],[285.0],[292.0],[288.0],[229.0],[202.0],[212.0],[389.0],[121.0],[229.0],[158.0]
180,[288.0],[228.0],[82.0],[355.0],[73.0],[197.0],[372.0],[304.0],[145.0],[335.0],[309.0],[156.0],[245.0],[304.0],[397.0],[180.0],[81.0],[174.0],[287.0],[335.0],[323.0],[346.0],[121.0],[287.0],[120.0],[202.0],[377.0],[318.0],[61.0],[121.0],[308.0],[122.0],[73.0],[57.0],[358.0],[381.0],[3.0],[140.0],[324.0],[309.0],[81.0],[267.0],[47.0],[3.0],[91.0],[77.0],[251.0],[340.0],[149.0],[45.0],[20.0],[178.0],[296.0],[4.0],[386.0],[181.0],[350.0],[351.0],[177.0],[98.0],[79.0],[0.0],[386.0],[317.0],[292.0],[146.0],[309.0],[377.0],[17.0],[240.0],[287.0],[397.0],[340.0],[388.0],[335.0],[271.0],[74.0],[231.0],[146.0],[397.0],[248.0],[308.0],[109.0],[304.0],[343.0],[286.0],[229.0],[100.0],[33.0],[30.0],[308.0],[81.0],[4.0],[197.0],[3.0],[45.0],[142.0],[145.0],[295.0],[228.0]
181,[323.0],[229.0],[144.0],[138.0],[304.0],[43.0],[112.0],[52.0],[81.0],[31.0],[146.0],[197.0],[246.0],[173.0],[292.0],[310.0],[161.0],[351.0],[138.0],[58.0],[372.0],[396.0],[308.0],[98.0],[100.0],[370.0],[372.0],[1.0],[122.0],[318.0],[175.0],[145.0],[384.0],[345.0],[304.0],[33.0],[286.0],[120.0],[373.0],[242.0],[50.0],[251.0],[146.0],[388.0],[329.0],[110.0],[149.0],[106.0],[383.0],[73.0],[47.0],[4.0],[35.0],[124.0],[30.0],[318.0],[104.0],[50.0],[110.0],[319.0],[385.0],[335.0],[30.0],[285.0],[187.0],[397.0],[100.0],[357.0],[385.0],[318.0],[383.0],[113.0],[304.0],[137.0],[22.0],[122.0],[137.0],[393.0],[79.0],[270.0],[358.0],[340.0],[365.0],[310.0],[346.0],[318.0],[240.0],[158.0],[251.0],[145.0],[52.0],[384.0],[61.0],[246.0],[292.0],[30.0],[316.0],[146.0],[180.0],[77.0]
182,[372.0],[173.0],[308.0],[121.0],[286.0],[308.0],[58.0],[2.0],[310.0],[112.0],[287.0],[385.0],[352.0],[233.0],[278.0],[73.0],[61.0],[197.0],[133.0],[50.0],[355.0],[189.0],[90.0],[379.0],[269.0],[20.0],[31.0],[47.0],[231.0],[120.0],[173.0],[370.0],[148.0],[45.0],[392.0],[17.0],[22.0],[268.0],[318.0],[308.0],[161.0],[245.0],[290.0],[318.0],[343.0],[372.0],[287.0],[303.0],[346.0],[70.0],[329.0],[189.0],[20.0],[47.0],[357.0],[309.0],[129.0],[384.0],[290.0],[74.0],[304.0],[183.0],[138.0],[144.0],[100.0],[137.0],[33.0],[368.0],[178.0],[80.0],[366.0],[202.0],[74.0],[100.0],[31.0],[373.0],[335.0],[216.0],[397.0],[388.0],[178.0],[372.0],[119.0],[148.0],[47.0],[161.0],[378.0],[198.0],[245.0],[310.0],[45.0],[355.0],[43.0],[122.0],[368.0],[197.0],[278.0],[138.0],[202.0],[386.0]
183,[304.0],[158.0],[287.0],[21.0],[267.0],[79.0],[318.0],[138.0],[178.0],[283.0],[238.0],[245.0],[121.0],[174.0],[242.0],[346.0],[247.0],[308.0],[233.0],[292.0],[74.0],[340.0],[158.0],[350.0],[287.0],[372.0],[112.0],[79.0],[317.0],[317.0],[132.0],[47.0],[292.0],[124.0],[340.0],[121.0],[295.0],[246.0],[0.0],[304.0],[2.0],[233.0],[66.0],[162.0],[81.0],[133.0],[233.0],[43.0],[248.0],[77.0],[323.0],[47.0],[355.0],[21.0],[138.0],[316.0],[352.0],[77.0],[251.0],[165.0],[397.0],[81.0],[148.0],[321.0],[81.0],[156.0],[73.0],[311.0],[96.0],[381.0],[197.0],[3.0],[173.0],[219.0],[340.0],[287.0],[106.0],[198.0],[30.0],[80.0],[323.0],[47.0],[317.0],[285.0],[245.0],[388.0],[355.0],[324.0],[189.0],[138.0],[288.0],[317.0],[47.0],[161.0],[308.0],[21.0],[84.0],[100.0],[289.0],[79.0]
184,[251.0],[340.0],[393.0],[110.0],[189.0],[355.0],[156.0],[110.0],[84.0],[178.0],[84.0],[149.0],[173.0],[138.0],[47.0],[132.0],[145.0],[180.0],[137.0],[249.0],[286.0],[137.0],[110.0],[340.0],[246.0],[183.0],[373.0],[291.0],[142.0],[122.0],[324.0],[382.0],[161.0],[120.0],[198.0],[377.0],[121.0],[292.0],[121.0],[368.0],[396.0],[304.0],[0.0],[335.0],[308.0],[340.0],[161.0],[339.0],[98.0],[323.0],[189.0],[33.0],[161.0],[161.0],[317.0],[248.0],[70.0],[397.0],[397.0],[81.0],[100.0],[34.0],[278.0],[122.0],[357.0],[70.0],[317.0],[318.0],[278.0],[283.0],[292.0],[287.0],[183.0],[335.0],[161.0],[384.0],[292.0],[163.0],[161.0],[81.0],[197.0],[145.0],[148.0],[323.0],[31.0],[129.0],[50.0],[216.0],[224.0],[149.0],[310.0],[177.0],[228.0],[166.0],[278.0],[178.0],[74.0],[148.0],[245.0],[0.0]
185,[242.0],[357.0],[156.0],[291.0],[90.0],[100.0],[343.0],[269.0],[385.0],[161.0],[335.0],[2.0],[392.0],[383.0],[145.0],[178.0],[346.0],[83.0],[161.0],[198.0],[271.0],[175.0],[174.0],[346.0],[352.0],[246.0],[251.0],[386.0],[296.0],[189.0],[346.0],[151.0],[120.0],[29.0],[33.0],[382.0],[373.0],[109.0],[340.0],[122.0],[137.0],[3.0],[70.0],[377.0],[187.0],[240.0],[308.0],[189.0],[120.0],[238.0],[29.0],[278.0],[345.0],[272.0],[271.0],[246.0],[290.0],[278.0],[198.0],[231.0],[113.0],[58.0],[33.0],[121.0],[149.0],[2.0],[238.0],[35.0],[303.0],[145.0],[74.0],[183.0],[198.0],[22.0],[194.0],[392.0],[356.0],[173.0],[286.0],[285.0],[292.0],[278.0],[33.0],[112.0],[197.0],[70.0],[384.0],[30.0],[77.0],[77.0],[373.0],[70.0],[317.0],[156.0],[35.0],[58.0],[112.0],[288.0],[77.0],[80.0]
186,[296.0],[368.0],[73.0],[339.0],[379.0],[57.0],[352.0],[58.0],[3.0],[386.0],[20.0],[50.0],[122.0],[45.0],[382.0],[52.0],[370.0],[122.0],[74.0],[81.0],[58.0],[112.0],[318.0],[122.0],[39.0],[21.0],[346.0],[340.0],[119.0],[212.0],[317.0],[79.0],[119.0],[180.0],[106.0],[21.0],[384.0],[31.0],[175.0],[393.0],[323.0],[156.0],[175.0],[29.0],[291.0],[355.0],[278.0],[329.0],[278.0],[57.0],[70.0],[121.0],[343.0],[344.0],[393.0],[189.0],[132.0],[343.0],[286.0],[286.0],[112.0],[228.0],[308.0],[114.0],[202.0],[350.0],[145.0],[156.0],[339.0],[161.0],[290.0],[343.0],[286.0],[269.0],[381.0],[173.0],[81.0],[3.0],[1.0],[316.0],[129.0],[290.0],[301.0],[175.0],[161.0],[113.0],[290.0],[304.0],[381.0],[309.0],[355.0],[346.0],[351.0],[352.0],[198.0],[340.0],[339.0],[105.0],[161.0],[393.0]
187,[307.0],[202.0],[285.0],[33.0],[372.0],[397.0],[162.0],[118.0],[308.0],[345.0],[120.0],[340.0],[149.0],[350.0],[381.0],[113.0],[318.0],[350.0],[383.0],[346.0],[121.0],[98.0],[3.0],[372.0],[33.0],[303.0],[384.0],[323.0],[240.0],[344.0],[345.0],[295.0],[133.0],[178.0],[288.0],[174.0],[157.0],[212.0],[198.0],[245.0],[159.0],[112.0],[319.0],[278.0],[340.0],[80.0],[122.0],[124.0],[73.0],[397.0],[233.0],[228.0],[189.0],[382.0],[98.0],[278.0],[121.0],[84.0],[345.0],[269.0],[81.0],[57.0],[47.0],[385.0],[20.0],[145.0],[173.0],[288.0],[129.0],[216.0],[371.0],[122.0],[308.0],[30.0],[29.0],[385.0],[121.0],[278.0],[122.0],[340.0],[285.0],[137.0],[308.0],[120.0],[355.0],[350.0],[303.0],[286.0],[47.0],[345.0],[396.0],[82.0],[304.0],[285.0],[269.0],[84.0],[371.0],[383.0],[355.0],[383.0]
188,[350.0],[386.0],[187.0],[290.0],[20.0],[378.0],[269.0],[84.0],[369.0],[141.0],[121.0],[287.0],[335.0],[57.0],[370.0],[30.0],[24.0],[216.0],[197.0],[370.0],[145.0],[30.0],[384.0],[381.0],[346.0],[386.0],[285.0],[146.0],[57.0],[61.0],[159.0],[114.0],[370.0],[248.0],[109.0],[308.0],[33.0],[229.0],[295.0],[129.0],[148.0],[148.0],[137.0],[178.0],[183.0],[161.0],[383.0],[17.0],[121.0],[143.0],[77.0],[369.0],[81.0],[35.0],[17.0],[202.0],[340.0],[355.0],[79.0],[145.0],[148.0],[84.0],[319.0],[43.0],[173.0],[120.0],[290.0],[197.0],[382.0],[370.0],[124.0],[156.0],[210.0],[310.0],[52.0],[198.0],[20.0],[121.0],[57.0],[112.0],[20.0],[110.0],[351.0],[384.0],[57.0],[317.0],[286.0],[240.0],[45.0],[335.0],[197.0],[290.0],[278.0],[311.0],[357.0],[319.0],[202.0],[323.0],[138.0],[73.0]
189,[162.0],[20.0],[231.0],[178.0],[388.0],[289.0],[345.0],[368.0],[246.0],[100.0],[124.0],[329.0],[187.0],[112.0],[3.0],[324.0],[246.0],[370.0],[271.0],[162.0],[122.0],[73.0],[173.0],[357.0],[166.0],[57.0],[161.0],[70.0],[287.0],[119.0],[267.0],[202.0],[80.0],[271.0],[180.0],[269.0],[74.0],[112.0],[236.0],[219.0],[245.0],[183.0],[350.0],[129.0],[248.0],[382.0],[352.0],[245.0],[197.0],[317.0],[352.0],[85.0],[148.0],[233.0],[344.0],[296.0],[189.0],[173.0],[296.0],[138.0],[346.0],[339.0],[368.0],[156.0],[52.0],[383.0],[285.0],[175.0],[344.0],[286.0],[289.0],[47.0],[160.0],[302.0],[0.0],[268.0],[70.0],[120.0],[80.0],[137.0],[137.0],[292.0],[137.0],[170.0],[288.0],[309.0],[124.0],[251.0],[119.0],[161.0],[173.0],[303.0],[397.0],[339.0],[245.0],[343.0],[357.0],[307.0],[368.0],[121.0]
190,[320.0],[77.0],[370.0],[173.0],[335.0],[240.0],[189.0],[324.0],[388.0],[81.0],[278.0],[119.0],[21.0],[84.0],[296.0],[114.0],[202.0],[1.0],[329.0],[57.0],[140.0],[110.0],[393.0],[267.0],[80.0],[231.0],[350.0],[245.0],[80.0],[346.0],[17.0],[158.0],[385.0],[118.0],[271.0],[61.0],[308.0],[30.0],[79.0],[79.0],[73.0],[318.0],[122.0],[379.0],[370.0],[57.0],[3.0],[202.0],[119.0],[224.0],[57.0],[384.0],[324.0],[303.0],[141.0],[269.0],[33.0],[80.0],[366.0],[245.0],[309.0],[382.0],[229.0],[308.0],[174.0],[251.0],[382.0],[202.0],[199.0],[174.0],[149.0],[132.0],[175.0],[110.0],[145.0],[159.0],[323.0],[29.0],[303.0],[121.0],[303.0],[302.0],[84.0],[162.0],[383.0],[197.0],[79.0],[61.0],[100.0],[33.0],[2.0],[138.0],[79.0],[212.0],[58.0],[287.0],[156.0],[3.0],[187.0],[295.0]
191,[385.0],[35.0],[137.0],[236.0],[324.0],[245.0],[180.0],[77.0],[287.0],[98.0],[161.0],[58.0],[278.0],[175.0],[197.0],[156.0],[286.0],[120.0],[30.0],[173.0],[310.0],[145.0],[295.0],[138.0],[290.0],[245.0],[22.0],[108.0],[140.0],[80.0],[88.0],[80.0],[170.0],[162.0],[352.0],[175.0],[58.0],[340.0],[358.0],[198.0],[45.0],[366.0],[240.0],[283.0],[144.0],[61.0],[177.0],[309.0],[260.0],[24.0],[110.0],[231.0],[379.0],[45.0],[159.0],[149.0],[351.0],[47.0],[319.0],[181.0],[2.0],[148.0],[238.0],[162.0],[145.0],[73.0],[335.0],[303.0],[292.0],[324.0],[286.0],[149.0],[303.0],[31.0],[2.0],[316.0],[393.0],[112.0],[47.0],[384.0],[66.0],[373.0],[303.0],[197.0],[145.0],[378.0],[175.0],[17.0],[156.0],[119.0],[84.0],[216.0],[35.0],[397.0],[47.0],[351.0],[385.0],[352.0],[262.0],[47.0]
192,[198.0],[161.0],[151.0],[187.0],[43.0],[2.0],[148.0],[3.0],[121.0],[307.0],[240.0],[43.0],[251.0],[118.0],[119.0],[74.0],[293.0],[183.0],[145.0],[286.0],[251.0],[292.0],[149.0],[345.0],[47.0],[122.0],[17.0],[122.0],[199.0],[86.0],[270.0],[396.0],[295.0],[159.0],[96.0],[335.0],[310.0],[287.0],[156.0],[43.0],[383.0],[286.0],[340.0],[352.0],[304.0],[267.0],[323.0],[112.0],[109.0],[344.0],[369.0],[350.0],[158.0],[148.0],[57.0],[324.0],[397.0],[377.0],[106.0],[199.0],[74.0],[397.0],[158.0],[352.0],[198.0],[292.0],[183.0],[24.0],[351.0],[119.0],[278.0],[233.0],[240.0],[369.0],[308.0],[317.0],[84.0],[382.0],[323.0],[35.0],[324.0],[197.0],[189.0],[229.0],[77.0],[83.0],[251.0],[344.0],[90.0],[269.0],[21.0],[35.0],[16.0],[270.0],[382.0],[397.0],[2.0],[31.0],[33.0],[318.0]
193,[317.0],[302.0],[110.0],[358.0],[383.0],[323.0],[295.0],[271.0],[140.0],[162.0],[96.0],[271.0],[183.0],[296.0],[112.0],[271.0],[396.0],[124.0],[57.0],[133.0],[114.0],[161.0],[122.0],[4.0],[189.0],[340.0],[47.0],[170.0],[17.0],[267.0],[145.0],[177.0],[388.0],[352.0],[346.0],[70.0],[344.0],[158.0],[371.0],[70.0],[156.0],[384.0],[187.0],[229.0],[166.0],[43.0],[148.0],[228.0],[379.0],[0.0],[58.0],[100.0],[319.0],[271.0],[158.0],[272.0],[80.0],[57.0],[183.0],[84.0],[145.0],[350.0],[129.0],[174.0],[351.0],[386.0],[323.0],[129.0],[112.0],[393.0],[98.0],[198.0],[393.0],[370.0],[47.0],[308.0],[90.0],[150.0],[43.0],[156.0],[61.0],[80.0],[20.0],[295.0],[174.0],[158.0],[308.0],[33.0],[162.0],[246.0],[122.0],[350.0],[122.0],[137.0],[138.0],[112.0],[233.0],[290.0],[340.0],[296.0]
194,[278.0],[84.0],[70.0],[183.0],[100.0],[149.0],[329.0],[286.0],[150.0],[383.0],[30.0],[39.0],[83.0],[384.0],[268.0],[151.0],[373.0],[177.0],[158.0],[145.0],[21.0],[278.0],[47.0],[158.0],[73.0],[278.0],[245.0],[29.0],[290.0],[177.0],[43.0],[323.0],[74.0],[74.0],[21.0],[245.0],[80.0],[77.0],[70.0],[74.0],[121.0],[288.0],[58.0],[156.0],[271.0],[373.0],[138.0],[166.0],[271.0],[233.0],[304.0],[174.0],[84.0],[295.0],[149.0],[292.0],[178.0],[229.0],[285.0],[50.0],[173.0],[86.0],[90.0],[292.0],[83.0],[271.0],[17.0],[269.0],[302.0],[269.0],[269.0],[31.0],[290.0],[202.0],[3.0],[396.0],[219.0],[2.0],[318.0],[178.0],[187.0],[156.0],[2.0],[288.0],[393.0],[308.0],[149.0],[197.0],[335.0],[74.0],[289.0],[189.0],[70.0],[17.0],[149.0],[345.0],[382.0],[351.0],[267.0],[345.0]
195,[267.0],[344.0],[283.0],[278.0],[278.0],[373.0],[396.0],[240.0],[386.0],[303.0],[197.0],[24.0],[110.0],[58.0],[61.0],[228.0],[380.0],[246.0],[58.0],[61.0],[340.0],[84.0],[268.0],[149.0],[122.0],[292.0],[63.0],[310.0],[345.0],[229.0],[137.0],[287.0],[202.0],[174.0],[57.0],[202.0],[47.0],[2.0],[251.0],[179.0],[289.0],[285.0],[30.0],[267.0],[180.0],[288.0],[24.0],[58.0],[130.0],[124.0],[112.0],[199.0],[157.0],[352.0],[320.0],[379.0],[84.0],[156.0],[384.0],[149.0],[382.0],[178.0],[159.0],[73.0],[385.0],[285.0],[350.0],[158.0],[240.0],[58.0],[43.0],[144.0],[267.0],[396.0],[271.0],[80.0],[202.0],[84.0],[70.0],[74.0],[286.0],[121.0],[161.0],[316.0],[137.0],[393.0],[245.0],[379.0],[247.0],[352.0],[265.0],[57.0],[383.0],[308.0],[251.0],[187.0],[303.0],[122.0],[70.0],[156.0]
196,[175.0],[30.0],[34.0],[251.0],[2.0],[150.0],[145.0],[181.0],[135.0],[340.0],[61.0],[251.0],[98.0],[352.0],[248.0],[81.0],[335.0],[302.0],[148.0],[70.0],[79.0],[197.0],[290.0],[0.0],[335.0],[251.0],[221.0],[251.0],[382.0],[149.0],[370.0],[278.0],[33.0],[80.0],[145.0],[228.0],[122.0],[386.0],[267.0],[141.0],[170.0],[385.0],[100.0],[286.0],[238.0],[159.0],[187.0],[161.0],[228.0],[335.0],[122.0],[386.0],[368.0],[140.0],[292.0],[267.0],[197.0],[142.0],[70.0],[307.0],[161.0],[2.0],[79.0],[383.0],[119.0],[74.0],[50.0],[141.0],[346.0],[120.0],[2.0],[291.0],[269.0],[177.0],[77.0],[117.0],[170.0],[370.0],[158.0],[197.0],[183.0],[329.0],[178.0],[122.0],[138.0],[96.0],[83.0],[287.0],[278.0],[385.0],[278.0],[307.0],[340.0],[383.0],[215.0],[296.0],[178.0],[396.0],[119.0],[122.0]
197,[371.0],[240.0],[380.0],[285.0],[247.0],[350.0],[174.0],[198.0],[170.0],[142.0],[175.0],[269.0],[52.0],[269.0],[57.0],[170.0],[381.0],[84.0],[228.0],[383.0],[47.0],[349.0],[310.0],[278.0],[197.0],[158.0],[212.0],[329.0],[121.0],[178.0],[216.0],[178.0],[189.0],[292.0],[324.0],[39.0],[393.0],[145.0],[96.0],[52.0],[373.0],[278.0],[82.0],[189.0],[57.0],[323.0],[35.0],[35.0],[21.0],[288.0],[396.0],[345.0],[142.0],[90.0],[137.0],[287.0],[320.0],[350.0],[74.0],[174.0],[98.0],[30.0],[162.0],[270.0],[61.0],[96.0],[118.0],[178.0],[52.0],[43.0],[162.0],[33.0],[329.0],[309.0],[140.0],[77.0],[80.0],[304.0],[112.0],[119.0],[35.0],[186.0],[175.0],[118.0],[291.0],[228.0],[295.0],[156.0],[80.0],[58.0],[335.0],[74.0],[308.0],[145.0],[351.0],[121.0],[33.0],[340.0],[17.0],[100.0]
198,[122.0],[162.0],[229.0],[396.0],[84.0],[33.0],[33.0],[70.0],[380.0],[158.0],[33.0],[143.0],[346.0],[137.0],[287.0],[197.0],[4.0],[323.0],[285.0],[287.0],[316.0],[106.0],[77.0],[140.0],[178.0],[396.0],[145.0],[343.0],[351.0],[197.0],[57.0],[310.0],[0.0],[324.0],[149.0],[197.0],[81.0],[148.0],[98.0],[61.0],[37.0],[308.0],[245.0],[290.0],[47.0],[187.0],[310.0],[335.0],[61.0],[189.0],[288.0],[381.0],[0.0],[340.0],[33.0],[323.0],[119.0],[269.0],[112.0],[180.0],[283.0],[161.0],[269.0],[221.0],[73.0],[61.0],[386.0],[122.0],[379.0],[61.0],[228.0],[162.0],[22.0],[79.0],[119.0],[224.0],[149.0],[197.0],[267.0],[3.0],[287.0],[267.0],[397.0],[181.0],[240.0],[162.0],[396.0],[267.0],[283.0],[304.0],[357.0],[251.0],[3.0],[183.0],[1.0],[1.0],[271.0],[267.0],[98.0],[57.0]
199,[183.0],[39.0],[350.0],[57.0],[45.0],[340.0],[268.0],[173.0],[130.0],[86.0],[329.0],[109.0],[185.0],[161.0],[138.0],[177.0],[98.0],[166.0],[96.0],[159.0],[133.0],[142.0],[84.0],[174.0],[345.0],[61.0],[294.0],[285.0],[183.0],[251.0],[304.0],[197.0],[288.0],[355.0],[267.0],[110.0],[304.0],[57.0],[381.0],[151.0],[379.0],[80.0],[271.0],[304.0],[58.0],[370.0],[156.0],[285.0],[110.0],[114.0],[161.0],[304.0],[397.0],[278.0],[20.0],[137.0],[39.0],[110.0],[288.0],[80.0],[122.0],[110.0],[366.0],[248.0],[228.0],[180.0],[47.0],[58.0],[118.0],[319.0],[178.0],[283.0],[343.0],[287.0],[370.0],[90.0],[63.0],[177.0],[189.0],[310.0],[267.0],[248.0],[368.0],[98.0],[141.0],[79.0],[141.0],[120.0],[388.0],[173.0],[251.0],[319.0],[329.0],[282.0],[189.0],[292.0],[370.0],[302.0],[122.0],[303.0]
200,[174.0],[396.0],[79.0],[221.0],[285.0],[156.0],[73.0],[161.0],[340.0],[70.0],[282.0],[198.0],[79.0],[177.0],[183.0],[110.0],[384.0],[30.0],[61.0],[228.0],[291.0],[178.0],[351.0],[304.0],[286.0],[47.0],[255.0],[45.0],[352.0],[388.0],[307.0],[161.0],[238.0],[366.0],[138.0],[162.0],[174.0],[324.0],[29.0],[287.0],[202.0],[141.0],[355.0],[289.0],[224.0],[344.0],[33.0],[34.0],[290.0],[122.0],[198.0],[70.0],[351.0],[234.0],[174.0],[290.0],[156.0],[162.0],[368.0],[268.0],[140.0],[393.0],[248.0],[119.0],[373.0],[20.0],[122.0],[161.0],[287.0],[20.0],[302.0],[81.0],[197.0],[233.0],[329.0],[35.0],[158.0],[224.0],[137.0],[84.0],[320.0],[30.0],[278.0],[174.0],[269.0],[372.0],[289.0],[80.0],[122.0],[355.0],[282.0],[100.0],[159.0],[278.0],[173.0],[122.0],[197.0],[392.0],[349.0],[52.0]
201,[77.0],[96.0],[106.0],[68.0],[122.0],[372.0],[248.0],[21.0],[58.0],[156.0],[3.0],[150.0],[24.0],[1.0],[156.0],[202.0],[84.0],[21.0],[167.0],[285.0],[83.0],[215.0],[202.0],[288.0],[392.0],[324.0],[121.0],[81.0],[383.0],[368.0],[269.0],[2.0],[376.0],[384.0],[278.0],[340.0],[197.0],[311.0],[138.0],[290.0],[382.0],[295.0],[35.0],[296.0],[112.0],[384.0],[96.0],[173.0],[382.0],[267.0],[271.0],[355.0],[271.0],[17.0],[384.0],[302.0],[383.0],[316.0],[278.0],[384.0],[248.0],[319.0],[74.0],[340.0],[283.0],[290.0],[43.0],[34.0],[81.0],[121.0],[81.0],[350.0],[77.0],[0.0],[39.0],[73.0],[96.0],[324.0],[119.0],[290.0],[202.0],[324.0],[385.0],[198.0],[351.0],[183.0],[112.0],[121.0],[340.0],[340.0],[384.0],[198.0],[77.0],[80.0],[112.0],[175.0],[79.0],[137.0],[74.0],[290.0]
202,[286.0],[146.0],[368.0],[379.0],[248.0],[351.0],[314.0],[194.0],[346.0],[47.0],[2.0],[267.0],[323.0],[202.0],[187.0],[251.0],[0.0],[240.0],[162.0],[382.0],[339.0],[121.0],[289.0],[177.0],[181.0],[267.0],[199.0],[114.0],[158.0],[397.0],[202.0],[268.0],[315.0],[382.0],[319.0],[383.0],[368.0],[122.0],[345.0],[329.0],[61.0],[90.0],[397.0],[197.0],[2.0],[58.0],[57.0],[268.0],[350.0],[149.0],[345.0],[149.0],[47.0],[262.0],[114.0],[335.0],[384.0],[376.0],[382.0],[229.0],[296.0],[290.0],[80.0],[79.0],[79.0],[382.0],[212.0],[112.0],[357.0],[122.0],[304.0],[174.0],[345.0],[148.0],[355.0],[187.0],[77.0],[74.0],[290.0],[57.0],[140.0],[240.0],[187.0],[352.0],[229.0],[344.0],[228.0],[70.0],[229.0],[197.0],[385.0],[39.0],[355.0],[384.0],[158.0],[228.0],[80.0],[112.0],[24.0],[309.0]
203,[47.0],[70.0],[346.0],[34.0],[323.0],[122.0],[70.0],[47.0],[118.0],[58.0],[1.0],[238.0],[151.0],[249.0],[2.0],[183.0],[34.0],[287.0],[288.0],[114.0],[170.0],[240.0],[96.0],[112.0],[70.0],[174.0],[35.0],[158.0],[146.0],[43.0],[319.0],[346.0],[310.0],[96.0],[386.0],[140.0],[183.0],[251.0],[288.0],[178.0],[290.0],[140.0],[77.0],[340.0],[74.0],[351.0],[357.0],[118.0],[272.0],[161.0],[98.0],[187.0],[388.0],[373.0],[151.0],[187.0],[251.0],[79.0],[197.0],[335.0],[392.0],[251.0],[140.0],[370.0],[84.0],[122.0],[308.0],[246.0],[173.0],[21.0],[57.0],[248.0],[381.0],[132.0],[149.0],[286.0],[161.0],[269.0],[247.0],[0.0],[268.0],[396.0],[81.0],[137.0],[34.0],[110.0],[357.0],[77.0],[183.0],[294.0],[349.0],[1.0],[156.0],[310.0],[302.0],[73.0],[248.0],[162.0],[350.0],[2.0]
204,[368.0],[175.0],[228.0],[357.0],[138.0],[318.0],[278.0],[43.0],[106.0],[324.0],[352.0],[240.0],[345.0],[370.0],[167.0],[358.0],[57.0],[318.0],[357.0],[307.0],[384.0],[17.0],[35.0],[137.0],[251.0],[135.0],[173.0],[35.0],[269.0],[47.0],[373.0],[319.0],[122.0],[381.0],[148.0],[339.0],[112.0],[202.0],[245.0],[251.0],[384.0],[339.0],[370.0],[323.0],[285.0],[357.0],[286.0],[385.0],[251.0],[246.0],[294.0],[197.0],[61.0],[70.0],[340.0],[84.0],[355.0],[70.0],[105.0],[383.0],[118.0],[162.0],[61.0],[70.0],[296.0],[355.0],[24.0],[310.0],[216.0],[73.0],[198.0],[1.0],[285.0],[303.0],[283.0],[3.0],[392.0],[119.0],[197.0],[90.0],[29.0],[238.0],[39.0],[290.0],[84.0],[269.0],[166.0],[68.0],[173.0],[148.0],[156.0],[308.0],[309.0],[79.0],[197.0],[382.0],[114.0],[346.0],[47.0],[236.0]
205,[73.0],[316.0],[186.0],[233.0],[178.0],[175.0],[30.0],[340.0],[251.0],[368.0],[339.0],[248.0],[3.0],[385.0],[110.0],[148.0],[309.0],[393.0],[52.0],[339.0],[285.0],[119.0],[112.0],[271.0],[57.0],[384.0],[177.0],[377.0],[79.0],[52.0],[90.0],[45.0],[316.0],[321.0],[370.0],[357.0],[140.0],[346.0],[355.0],[119.0],[246.0],[45.0],[81.0],[80.0],[323.0],[84.0],[228.0],[368.0],[2.0],[236.0],[145.0],[3.0],[2.0],[389.0],[236.0],[304.0],[335.0],[178.0],[240.0],[198.0],[393.0],[52.0],[141.0],[188.0],[170.0],[240.0],[77.0],[52.0],[248.0],[384.0],[355.0],[366.0],[2.0],[316.0],[288.0],[17.0],[228.0],[98.0],[84.0],[110.0],[43.0],[345.0],[349.0],[84.0],[158.0],[323.0],[358.0],[90.0],[3.0],[35.0],[39.0],[267.0],[66.0],[66.0],[187.0],[81.0],[246.0],[228.0],[105.0],[70.0]
206,[173.0],[106.0],[166.0],[39.0],[393.0],[129.0],[34.0],[45.0],[383.0],[278.0],[355.0],[296.0],[138.0],[21.0],[70.0],[58.0],[172.0],[285.0],[77.0],[43.0],[368.0],[50.0],[57.0],[129.0],[140.0],[73.0],[162.0],[381.0],[43.0],[96.0],[156.0],[57.0],[110.0],[47.0],[197.0],[120.0],[318.0],[80.0],[351.0],[174.0],[77.0],[268.0],[384.0],[119.0],[319.0],[269.0],[285.0],[177.0],[150.0],[136.0],[33.0],[77.0],[119.0],[269.0],[73.0],[178.0],[0.0],[308.0],[17.0],[61.0],[174.0],[106.0],[290.0],[110.0],[355.0],[0.0],[251.0],[2.0],[83.0],[278.0],[329.0],[57.0],[105.0],[285.0],[70.0],[113.0],[34.0],[316.0],[77.0],[33.0],[98.0],[271.0],[350.0],[267.0],[267.0],[140.0],[248.0],[383.0],[355.0],[278.0],[88.0],[37.0],[339.0],[281.0],[228.0],[170.0],[344.0],[149.0],[197.0],[267.0]
207,[294.0],[198.0],[302.0],[308.0],[212.0],[143.0],[24.0],[197.0],[382.0],[183.0],[47.0],[202.0],[177.0],[35.0],[161.0],[174.0],[21.0],[119.0],[355.0],[340.0],[396.0],[146.0],[373.0],[43.0],[212.0],[385.0],[278.0],[358.0],[156.0],[202.0],[79.0],[143.0],[2.0],[2.0],[270.0],[384.0],[110.0],[73.0],[212.0],[106.0],[110.0],[149.0],[320.0],[39.0],[228.0],[271.0],[355.0],[77.0],[303.0],[371.0],[382.0],[110.0],[140.0],[175.0],[286.0],[319.0],[240.0],[107.0],[370.0],[324.0],[177.0],[386.0],[323.0],[382.0],[58.0],[149.0],[109.0],[96.0],[187.0],[368.0],[351.0],[146.0],[396.0],[156.0],[303.0],[79.0],[135.0],[369.0],[35.0],[50.0],[251.0],[174.0],[285.0],[335.0],[324.0],[136.0],[17.0],[35.0],[248.0],[397.0],[393.0],[323.0],[174.0],[320.0],[393.0],[47.0],[396.0],[219.0],[156.0],[324.0]
208,[187.0],[149.0],[216.0],[122.0],[397.0],[189.0],[286.0],[288.0],[47.0],[145.0],[162.0],[112.0],[2.0],[247.0],[271.0],[187.0],[228.0],[320.0],[392.0],[137.0],[187.0],[144.0],[269.0],[294.0],[145.0],[70.0],[320.0],[175.0],[198.0],[106.0],[61.0],[292.0],[77.0],[100.0],[272.0],[122.0],[141.0],[350.0],[246.0],[197.0],[70.0],[178.0],[228.0],[272.0],[233.0],[229.0],[158.0],[286.0],[43.0],[240.0],[79.0],[175.0],[316.0],[156.0],[177.0],[229.0],[2.0],[132.0],[61.0],[43.0],[96.0],[129.0],[110.0],[24.0],[141.0],[392.0],[272.0],[267.0],[47.0],[140.0],[63.0],[383.0],[319.0],[149.0],[136.0],[304.0],[2.0],[292.0],[81.0],[240.0],[379.0],[149.0],[335.0],[272.0],[248.0],[156.0],[61.0],[339.0],[329.0],[79.0],[248.0],[237.0],[381.0],[34.0],[213.0],[88.0],[310.0],[2.0],[370.0],[132.0]
209,[197.0],[129.0],[130.0],[199.0],[136.0],[339.0],[81.0],[345.0],[288.0],[286.0],[186.0],[318.0],[132.0],[122.0],[290.0],[161.0],[219.0],[288.0],[238.0],[221.0],[345.0],[351.0],[316.0],[292.0],[329.0],[318.0],[240.0],[2.0],[197.0],[198.0],[24.0],[58.0],[158.0],[340.0],[175.0],[158.0],[288.0],[309.0],[47.0],[142.0],[57.0],[79.0],[132.0],[381.0],[122.0],[2.0],[268.0],[383.0],[366.0],[142.0],[158.0],[138.0],[267.0],[177.0],[121.0],[346.0],[323.0],[197.0],[149.0],[150.0],[288.0],[138.0],[77.0],[393.0],[382.0],[267.0],[216.0],[335.0],[35.0],[345.0],[384.0],[84.0],[158.0],[292.0],[35.0],[21.0],[286.0],[355.0],[268.0],[377.0],[350.0],[3.0],[110.0],[158.0],[110.0],[287.0],[250.0],[319.0],[386.0],[324.0],[162.0],[254.0],[90.0],[382.0],[370.0],[156.0],[58.0],[96.0],[323.0],[34.0]
210,[321.0],[45.0],[379.0],[197.0],[57.0],[170.0],[114.0],[329.0],[33.0],[379.0],[80.0],[346.0],[228.0],[145.0],[393.0],[212.0],[132.0],[73.0],[141.0],[357.0],[202.0],[162.0],[20.0],[282.0],[151.0],[106.0],[57.0],[267.0],[355.0],[170.0],[228.0],[77.0],[183.0],[129.0],[121.0],[118.0],[133.0],[39.0],[290.0],[294.0],[187.0],[292.0],[17.0],[70.0],[156.0],[286.0],[79.0],[84.0],[307.0],[290.0],[35.0],[269.0],[121.0],[2.0],[162.0],[351.0],[47.0],[199.0],[373.0],[57.0],[162.0],[233.0],[39.0],[228.0],[251.0],[58.0],[296.0],[162.0],[268.0],[70.0],[121.0],[80.0],[246.0],[304.0],[57.0],[290.0],[57.0],[67.0],[396.0],[308.0],[57.0],[148.0],[370.0],[385.0],[397.0],[149.0],[178.0],[217.0],[57.0],[240.0],[3.0],[45.0],[158.0],[96.0],[324.0],[355.0],[24.0],[156.0],[396.0],[41.0]
211,[110.0],[189.0],[41.0],[1.0],[197.0],[343.0],[177.0],[137.0],[183.0],[246.0],[343.0],[303.0],[150.0],[149.0],[105.0],[33.0],[35.0],[283.0],[219.0],[278.0],[216.0],[288.0],[138.0],[318.0],[278.0],[283.0],[229.0],[156.0],[339.0],[21.0],[63.0],[189.0],[272.0],[368.0],[118.0],[219.0],[324.0],[98.0],[177.0],[161.0],[105.0],[269.0],[3.0],[138.0],[324.0],[79.0],[110.0],[278.0],[35.0],[74.0],[174.0],[212.0],[313.0],[61.0],[282.0],[345.0],[396.0],[148.0],[162.0],[141.0],[119.0],[216.0],[17.0],[384.0],[302.0],[289.0],[35.0],[287.0],[156.0],[177.0],[310.0],[161.0],[35.0],[216.0],[293.0],[156.0],[197.0],[70.0],[61.0],[324.0],[86.0],[77.0],[100.0],[183.0],[148.0],[381.0],[77.0],[173.0],[240.0],[106.0],[70.0],[316.0],[81.0],[292.0],[286.0],[290.0],[286.0],[202.0],[57.0],[219.0]
212,[351.0],[351.0],[3.0],[141.0],[384.0],[121.0],[21.0],[302.0],[379.0],[33.0],[24.0],[383.0],[106.0],[246.0],[283.0],[158.0],[340.0],[57.0],[170.0],[202.0],[350.0],[248.0],[0.0],[47.0],[144.0],[79.0],[137.0],[250.0],[186.0],[174.0],[47.0],[294.0],[245.0],[137.0],[70.0],[216.0],[52.0],[138.0],[287.0],[383.0],[68.0],[302.0],[346.0],[148.0],[84.0],[138.0],[0.0],[287.0],[216.0],[144.0],[290.0],[373.0],[248.0],[138.0],[238.0],[228.0],[98.0],[198.0],[289.0],[267.0],[20.0],[114.0],[70.0],[238.0],[175.0],[114.0],[74.0],[396.0],[370.0],[178.0],[221.0],[45.0],[39.0],[189.0],[122.0],[57.0],[183.0],[319.0],[240.0],[66.0],[290.0],[379.0],[311.0],[265.0],[122.0],[186.0],[145.0],[96.0],[98.0],[373.0],[100.0],[183.0],[141.0],[84.0],[96.0],[57.0],[121.0],[47.0],[228.0],[286.0]
213,[282.0],[197.0],[84.0],[310.0],[149.0],[292.0],[80.0],[283.0],[0.0],[120.0],[174.0],[0.0],[292.0],[185.0],[238.0],[61.0],[70.0],[311.0],[397.0],[136.0],[183.0],[268.0],[198.0],[228.0],[158.0],[35.0],[39.0],[368.0],[130.0],[138.0],[382.0],[379.0],[96.0],[79.0],[132.0],[267.0],[245.0],[118.0],[269.0],[396.0],[285.0],[121.0],[148.0],[269.0],[339.0],[396.0],[283.0],[145.0],[189.0],[132.0],[278.0],[370.0],[110.0],[316.0],[352.0],[1.0],[212.0],[149.0],[96.0],[288.0],[189.0],[323.0],[288.0],[286.0],[288.0],[3.0],[345.0],[39.0],[110.0],[329.0],[385.0],[285.0],[288.0],[365.0],[248.0],[43.0],[156.0],[66.0],[148.0],[302.0],[149.0],[57.0],[267.0],[132.0],[194.0],[288.0],[324.0],[105.0],[79.0],[382.0],[132.0],[84.0],[96.0],[269.0],[285.0],[393.0],[379.0],[183.0],[302.0],[278.0]
214,[303.0],[140.0],[197.0],[79.0],[385.0],[228.0],[384.0],[80.0],[290.0],[121.0],[15.0],[369.0],[212.0],[240.0],[136.0],[248.0],[290.0],[79.0],[278.0],[215.0],[98.0],[83.0],[150.0],[50.0],[371.0],[77.0],[148.0],[24.0],[47.0],[216.0],[174.0],[106.0],[278.0],[335.0],[183.0],[370.0],[198.0],[393.0],[74.0],[271.0],[269.0],[96.0],[345.0],[137.0],[174.0],[35.0],[290.0],[290.0],[145.0],[162.0],[316.0],[132.0],[173.0],[174.0],[221.0],[285.0],[382.0],[122.0],[303.0],[85.0],[290.0],[373.0],[267.0],[2.0],[324.0],[177.0],[34.0],[30.0],[119.0],[35.0],[161.0],[137.0],[141.0],[133.0],[98.0],[246.0],[290.0],[145.0],[39.0],[345.0],[160.0],[122.0],[114.0],[324.0],[173.0],[173.0],[73.0],[373.0],[110.0],[80.0],[24.0],[246.0],[212.0],[392.0],[61.0],[269.0],[285.0],[251.0],[148.0],[317.0]
215,[340.0],[265.0],[329.0],[343.0],[79.0],[320.0],[39.0],[143.0],[216.0],[346.0],[156.0],[316.0],[287.0],[47.0],[77.0],[370.0],[283.0],[189.0],[45.0],[1.0],[371.0],[287.0],[248.0],[110.0],[228.0],[181.0],[267.0],[246.0],[316.0],[77.0],[198.0],[174.0],[302.0],[197.0],[379.0],[136.0],[177.0],[197.0],[140.0],[2.0],[47.0],[177.0],[174.0],[63.0],[43.0],[52.0],[98.0],[149.0],[285.0],[129.0],[285.0],[122.0],[112.0],[57.0],[323.0],[197.0],[393.0],[396.0],[269.0],[278.0],[267.0],[288.0],[355.0],[149.0],[158.0],[238.0],[372.0],[381.0],[70.0],[79.0],[156.0],[178.0],[271.0],[1.0],[21.0],[303.0],[397.0],[61.0],[170.0],[161.0],[345.0],[138.0],[15.0],[269.0],[292.0],[246.0],[98.0],[178.0],[70.0],[114.0],[368.0],[151.0],[384.0],[373.0],[20.0],[186.0],[292.0],[58.0],[84.0],[149.0]
216,[397.0],[105.0],[319.0],[77.0],[318.0],[34.0],[187.0],[1.0],[278.0],[175.0],[228.0],[324.0],[368.0],[397.0],[175.0],[189.0],[158.0],[290.0],[3.0],[251.0],[377.0],[183.0],[73.0],[238.0],[156.0],[24.0],[340.0],[119.0],[70.0],[1.0],[119.0],[288.0],[219.0],[228.0],[140.0],[380.0],[129.0],[304.0],[110.0],[118.0],[96.0],[323.0],[80.0],[230.0],[61.0],[316.0],[340.0],[267.0],[1.0],[174.0],[175.0],[24.0],[183.0],[212.0],[319.0],[122.0],[278.0],[267.0],[351.0],[177.0],[278.0],[346.0],[122.0],[295.0],[348.0],[373.0],[240.0],[393.0],[175.0],[110.0],[105.0],[158.0],[70.0],[52.0],[219.0],[183.0],[376.0],[58.0],[355.0],[323.0],[121.0],[381.0],[45.0],[129.0],[236.0],[34.0],[150.0],[141.0],[17.0],[302.0],[119.0],[137.0],[162.0],[24.0],[175.0],[381.0],[77.0],[90.0],[286.0],[175.0]
217,[1.0],[68.0],[292.0],[392.0],[292.0],[39.0],[385.0],[129.0],[296.0],[216.0],[189.0],[148.0],[240.0],[110.0],[148.0],[340.0],[350.0],[170.0],[73.0],[140.0],[158.0],[286.0],[250.0],[285.0],[397.0],[238.0],[79.0],[137.0],[285.0],[228.0],[288.0],[392.0],[324.0],[288.0],[47.0],[1.0],[379.0],[269.0],[178.0],[246.0],[158.0],[355.0],[162.0],[74.0],[269.0],[156.0],[162.0],[3.0],[106.0],[156.0],[251.0],[281.0],[162.0],[240.0],[324.0],[118.0],[186.0],[35.0],[396.0],[114.0],[175.0],[145.0],[134.0],[129.0],[47.0],[288.0],[63.0],[371.0],[189.0],[2.0],[84.0],[346.0],[323.0],[290.0],[290.0],[283.0],[221.0],[105.0],[288.0],[52.0],[175.0],[382.0],[135.0],[0.0],[247.0],[303.0],[288.0],[386.0],[150.0],[61.0],[240.0],[158.0],[151.0],[150.0],[282.0],[158.0],[245.0],[372.0],[248.0],[216.0]
218,[70.0],[303.0],[170.0],[340.0],[34.0],[84.0],[45.0],[292.0],[151.0],[381.0],[346.0],[96.0],[283.0],[355.0],[58.0],[119.0],[251.0],[396.0],[2.0],[121.0],[386.0],[58.0],[324.0],[290.0],[303.0],[172.0],[345.0],[135.0],[288.0],[39.0],[98.0],[68.0],[197.0],[283.0],[216.0],[302.0],[371.0],[84.0],[20.0],[121.0],[240.0],[370.0],[318.0],[329.0],[240.0],[371.0],[199.0],[70.0],[114.0],[368.0],[219.0],[106.0],[346.0],[396.0],[150.0],[255.0],[110.0],[228.0],[267.0],[132.0],[285.0],[47.0],[228.0],[96.0],[294.0],[161.0],[371.0],[251.0],[45.0],[199.0],[148.0],[268.0],[339.0],[140.0],[309.0],[386.0],[143.0],[39.0],[167.0],[382.0],[70.0],[15.0],[288.0],[397.0],[74.0],[148.0],[174.0],[340.0],[86.0],[370.0],[112.0],[339.0],[323.0],[216.0],[216.0],[216.0],[216.0],[329.0],[162.0],[197.0]
219,[119.0],[132.0],[77.0],[118.0],[110.0],[267.0],[272.0],[150.0],[283.0],[270.0],[182.0],[379.0],[135.0],[346.0],[66.0],[80.0],[386.0],[340.0],[368.0],[316.0],[110.0],[173.0],[119.0],[161.0],[381.0],[156.0],[98.0],[283.0],[397.0],[329.0],[161.0],[182.0],[303.0],[278.0],[286.0],[141.0],[77.0],[156.0],[228.0],[355.0],[149.0],[161.0],[246.0],[118.0],[79.0],[37.0],[183.0],[162.0],[148.0],[345.0],[45.0],[339.0],[96.0],[0.0],[246.0],[2.0],[68.0],[61.0],[39.0],[35.0],[39.0],[33.0],[149.0],[61.0],[186.0],[35.0],[151.0],[290.0],[197.0],[34.0],[119.0],[355.0],[307.0],[324.0],[118.0],[278.0],[255.0],[45.0],[50.0],[173.0],[329.0],[384.0],[30.0],[219.0],[33.0],[384.0],[197.0],[63.0],[35.0],[158.0],[158.0],[142.0],[345.0],[251.0],[85.0],[246.0],[238.0],[45.0],[335.0],[323.0]
220,[290.0],[61.0],[57.0],[177.0],[141.0],[177.0],[35.0],[175.0],[373.0],[350.0],[345.0],[199.0],[329.0],[294.0],[302.0],[384.0],[162.0],[371.0],[80.0],[268.0],[33.0],[1.0],[319.0],[219.0],[121.0],[378.0],[68.0],[173.0],[162.0],[158.0],[355.0],[132.0],[58.0],[84.0],[52.0],[268.0],[118.0],[34.0],[219.0],[269.0],[346.0],[2.0],[286.0],[45.0],[68.0],[96.0],[303.0],[251.0],[287.0],[118.0],[63.0],[267.0],[197.0],[379.0],[355.0],[321.0],[319.0],[323.0],[145.0],[357.0],[47.0],[286.0],[199.0],[324.0],[215.0],[151.0],[288.0],[355.0],[318.0],[198.0],[382.0],[212.0],[143.0],[382.0],[304.0],[66.0],[288.0],[24.0],[110.0],[370.0],[319.0],[33.0],[158.0],[106.0],[1.0],[198.0],[143.0],[110.0],[323.0],[238.0],[202.0],[344.0],[73.0],[386.0],[183.0],[384.0],[267.0],[142.0],[66.0],[118.0]
221,[221.0],[248.0],[271.0],[329.0],[228.0],[384.0],[175.0],[355.0],[79.0],[319.0],[246.0],[228.0],[105.0],[79.0],[121.0],[162.0],[100.0],[289.0],[302.0],[290.0],[177.0],[316.0],[2.0],[2.0],[96.0],[247.0],[178.0],[3.0],[286.0],[278.0],[112.0],[34.0],[45.0],[219.0],[77.0],[271.0],[119.0],[63.0],[34.0],[281.0],[272.0],[287.0],[289.0],[346.0],[302.0],[386.0],[269.0],[1.0],[158.0],[107.0],[385.0],[385.0],[303.0],[324.0],[248.0],[47.0],[238.0],[175.0],[15.0],[110.0],[335.0],[305.0],[370.0],[197.0],[156.0],[158.0],[283.0],[228.0],[238.0],[288.0],[323.0],[79.0],[57.0],[197.0],[33.0],[212.0],[110.0],[161.0],[2.0],[79.0],[79.0],[386.0],[212.0],[240.0],[340.0],[324.0],[45.0],[351.0],[118.0],[346.0],[246.0],[340.0],[121.0],[294.0],[63.0],[267.0],[240.0],[314.0],[58.0],[260.0]
222,[137.0],[339.0],[2.0],[219.0],[288.0],[187.0],[66.0],[61.0],[197.0],[251.0],[351.0],[268.0],[45.0],[158.0],[355.0],[285.0],[268.0],[0.0],[267.0],[149.0],[290.0],[138.0],[216.0],[175.0],[238.0],[287.0],[144.0],[216.0],[302.0],[282.0],[371.0],[285.0],[349.0],[247.0],[385.0],[79.0],[251.0],[47.0],[61.0],[316.0],[173.0],[145.0],[34.0],[294.0],[141.0],[251.0],[15.0],[381.0],[112.0],[63.0],[150.0],[251.0],[384.0],[351.0],[385.0],[177.0],[294.0],[98.0],[257.0],[39.0],[149.0],[385.0],[35.0],[3.0],[140.0],[314.0],[132.0],[50.0],[98.0],[234.0],[267.0],[262.0],[34.0],[70.0],[383.0],[58.0],[177.0],[287.0],[382.0],[141.0],[194.0],[319.0],[340.0],[396.0],[98.0],[251.0],[346.0],[66.0],[177.0],[186.0],[186.0],[148.0],[251.0],[303.0],[290.0],[106.0],[270.0],[285.0],[136.0],[283.0]
223,[61.0],[194.0],[381.0],[96.0],[348.0],[96.0],[84.0],[156.0],[302.0],[382.0],[383.0],[145.0],[70.0],[197.0],[288.0],[290.0],[278.0],[34.0],[24.0],[106.0],[283.0],[212.0],[303.0],[121.0],[324.0],[170.0],[114.0],[149.0],[216.0],[148.0],[397.0],[324.0],[397.0],[107.0],[122.0],[212.0],[303.0],[21.0],[2.0],[3.0],[189.0],[159.0],[50.0],[254.0],[34.0],[183.0],[221.0],[379.0],[118.0],[271.0],[118.0],[0.0],[34.0],[158.0],[45.0],[96.0],[57.0],[21.0],[1.0],[340.0],[294.0],[285.0],[396.0],[80.0],[219.0],[324.0],[194.0],[219.0],[39.0],[302.0],[66.0],[157.0],[106.0],[294.0],[278.0],[335.0],[271.0],[343.0],[285.0],[24.0],[148.0],[79.0],[255.0],[150.0],[255.0],[2.0],[350.0],[174.0],[270.0],[86.0],[137.0],[50.0],[170.0],[149.0],[118.0],[316.0],[373.0],[269.0],[173.0],[24.0]
224,[34.0],[292.0],[175.0],[248.0],[283.0],[77.0],[382.0],[177.0],[355.0],[302.0],[170.0],[79.0],[175.0],[3.0],[373.0],[98.0],[289.0],[98.0],[149.0],[132.0],[39.0],[219.0],[50.0],[118.0],[357.0],[149.0],[302.0],[350.0],[172.0],[270.0],[384.0],[388.0],[319.0],[251.0],[283.0],[77.0],[268.0],[184.0],[84.0],[96.0],[35.0],[98.0],[351.0],[308.0],[382.0],[73.0],[324.0],[79.0],[269.0],[145.0],[80.0],[148.0],[278.0],[24.0],[24.0],[66.0],[118.0],[96.0],[174.0],[3.0],[246.0],[371.0],[283.0],[143.0],[321.0],[384.0],[187.0],[370.0],[397.0],[285.0],[175.0],[98.0],[121.0],[98.0],[314.0],[174.0],[355.0],[337.0],[321.0],[228.0],[156.0],[296.0],[197.0],[114.0],[150.0],[61.0],[107.0],[122.0],[39.0],[316.0],[228.0],[112.0],[57.0],[110.0],[136.0],[370.0],[187.0],[384.0],[251.0],[35.0]
225,[248.0],[52.0],[382.0],[175.0],[0.0],[173.0],[370.0],[373.0],[119.0],[396.0],[57.0],[368.0],[383.0],[248.0],[35.0],[96.0],[255.0],[271.0],[70.0],[303.0],[370.0],[355.0],[132.0],[114.0],[247.0],[269.0],[118.0],[396.0],[105.0],[246.0],[302.0],[216.0],[267.0],[110.0],[396.0],[50.0],[186.0],[281.0],[141.0],[318.0],[20.0],[246.0],[72.0],[96.0],[197.0],[33.0],[134.0],[119.0],[292.0],[185.0],[240.0],[142.0],[145.0],[84.0],[219.0],[106.0],[371.0],[294.0],[63.0],[105.0],[105.0],[175.0],[351.0],[137.0],[2.0],[178.0],[70.0],[212.0],[122.0],[351.0],[142.0],[339.0],[79.0],[272.0],[174.0],[219.0],[343.0],[283.0],[177.0],[267.0],[185.0],[158.0],[318.0],[349.0],[285.0],[283.0],[319.0],[271.0],[129.0],[118.0],[314.0],[119.0],[285.0],[248.0],[37.0],[311.0],[61.0],[151.0],[110.0],[161.0]
226,[396.0],[383.0],[177.0],[143.0],[98.0],[137.0],[316.0],[251.0],[240.0],[39.0],[157.0],[339.0],[186.0],[290.0],[114.0],[288.0],[317.0],[143.0],[1.0],[197.0],[132.0],[303.0],[52.0],[3.0],[268.0],[216.0],[21.0],[83.0],[151.0],[183.0],[118.0],[384.0],[52.0],[351.0],[339.0],[385.0],[346.0],[356.0],[302.0],[15.0],[351.0],[270.0],[2.0],[121.0],[267.0],[118.0],[329.0],[142.0],[319.0],[269.0],[119.0],[63.0],[251.0],[72.0],[47.0],[110.0],[61.0],[283.0],[250.0],[228.0],[303.0],[240.0],[98.0],[323.0],[114.0],[296.0],[80.0],[320.0],[371.0],[282.0],[70.0],[392.0],[324.0],[77.0],[294.0],[314.0],[3.0],[290.0],[74.0],[248.0],[343.0],[162.0],[286.0],[96.0],[290.0],[175.0],[142.0],[24.0],[271.0],[142.0],[324.0],[286.0],[135.0],[324.0],[70.0],[61.0],[251.0],[141.0],[310.0],[141.0]
227,[149.0],[166.0],[129.0],[384.0],[235.0],[141.0],[150.0],[381.0],[37.0],[373.0],[283.0],[162.0],[370.0],[308.0],[237.0],[221.0],[80.0],[148.0],[290.0],[186.0],[197.0],[290.0],[162.0],[324.0],[282.0],[350.0],[290.0],[98.0],[170.0],[85.0],[246.0],[304.0],[177.0],[24.0],[219.0],[3.0],[269.0],[335.0],[149.0],[384.0],[122.0],[137.0],[110.0],[319.0],[110.0],[345.0],[47.0],[63.0],[57.0],[329.0],[2.0],[74.0],[129.0],[34.0],[52.0],[70.0],[157.0],[345.0],[216.0],[121.0],[106.0],[158.0],[96.0],[288.0],[252.0],[157.0],[79.0],[285.0],[324.0],[33.0],[240.0],[143.0],[112.0],[278.0],[289.0],[96.0],[112.0],[372.0],[174.0],[303.0],[96.0],[228.0],[172.0],[33.0],[24.0],[134.0],[388.0],[136.0],[96.0],[371.0],[219.0],[269.0],[68.0],[370.0],[219.0],[303.0],[118.0],[238.0],[118.0],[240.0]
228,[132.0],[384.0],[150.0],[156.0],[148.0],[80.0],[57.0],[149.0],[57.0],[385.0],[74.0],[34.0],[33.0],[285.0],[24.0],[2.0],[173.0],[214.0],[323.0],[63.0],[185.0],[177.0],[80.0],[251.0],[119.0],[321.0],[321.0],[269.0],[392.0],[290.0],[114.0],[245.0],[70.0],[269.0],[355.0],[288.0],[161.0],[288.0],[248.0],[86.0],[150.0],[17.0],[344.0],[288.0],[77.0],[228.0],[198.0],[384.0],[212.0],[228.0],[148.0],[303.0],[288.0],[355.0],[79.0],[283.0],[246.0],[285.0],[219.0],[397.0],[33.0],[177.0],[105.0],[282.0],[39.0],[21.0],[270.0],[376.0],[74.0],[397.0],[170.0],[255.0],[382.0],[106.0],[45.0],[1.0],[379.0],[110.0],[37.0],[269.0],[289.0],[385.0],[122.0],[20.0],[370.0],[240.0],[156.0],[142.0],[34.0],[379.0],[34.0],[24.0],[148.0],[219.0],[248.0],[294.0],[29.0],[61.0],[283.0],[58.0]
229,[72.0],[3.0],[262.0],[267.0],[281.0],[285.0],[197.0],[383.0],[187.0],[255.0],[149.0],[397.0],[216.0],[106.0],[79.0],[106.0],[304.0],[33.0],[311.0],[110.0],[24.0],[250.0],[45.0],[162.0],[385.0],[177.0],[268.0],[177.0],[3.0],[35.0],[172.0],[344.0],[63.0],[161.0],[98.0],[240.0],[240.0],[0.0],[119.0],[110.0],[288.0],[349.0],[45.0],[322.0],[219.0],[346.0],[369.0],[39.0],[104.0],[84.0],[267.0],[397.0],[270.0],[136.0],[173.0],[86.0],[1.0],[183.0],[68.0],[338.0],[34.0],[137.0],[1.0],[157.0],[267.0],[219.0],[184.0],[106.0],[66.0],[173.0],[110.0],[319.0],[178.0],[251.0],[382.0],[228.0],[130.0],[371.0],[41.0],[150.0],[45.0],[269.0],[24.0],[346.0],[142.0],[397.0],[316.0],[238.0],[281.0],[110.0],[346.0],[331.0],[240.0],[148.0],[311.0],[368.0],[170.0],[119.0],[213.0],[319.0]
230,[215.0],[80.0],[45.0],[119.0],[119.0],[286.0],[240.0],[397.0],[129.0],[63.0],[130.0],[74.0],[272.0],[150.0],[240.0],[302.0],[106.0],[50.0],[373.0],[269.0],[357.0],[114.0],[24.0],[145.0],[304.0],[84.0],[1.0],[213.0],[173.0],[351.0],[385.0],[321.0],[43.0],[240.0],[349.0],[290.0],[216.0],[278.0],[396.0],[57.0],[39.0],[272.0],[173.0],[141.0],[162.0],[158.0],[240.0],[159.0],[105.0],[119.0],[129.0],[246.0],[285.0],[267.0],[269.0],[384.0],[35.0],[2.0],[252.0],[373.0],[24.0],[370.0],[24.0],[178.0],[151.0],[351.0],[1.0],[57.0],[132.0],[141.0],[17.0],[197.0],[302.0],[217.0],[1.0],[132.0],[238.0],[240.0],[63.0],[47.0],[151.0],[50.0],[173.0],[35.0],[302.0],[346.0],[385.0],[323.0],[175.0],[174.0],[50.0],[145.0],[385.0],[2.0],[73.0],[162.0],[138.0],[0.0],[373.0],[351.0]
231,[185.0],[267.0],[85.0],[47.0],[194.0],[379.0],[110.0],[132.0],[138.0],[77.0],[311.0],[273.0],[248.0],[183.0],[383.0],[145.0],[33.0],[382.0],[106.0],[34.0],[178.0],[393.0],[79.0],[1.0],[84.0],[339.0],[316.0],[271.0],[319.0],[371.0],[34.0],[110.0],[150.0],[346.0],[1.0],[287.0],[149.0],[37.0],[199.0],[132.0],[1.0],[61.0],[57.0],[170.0],[345.0],[130.0],[384.0],[98.0],[323.0],[324.0],[183.0],[50.0],[308.0],[288.0],[143.0],[80.0],[303.0],[52.0],[21.0],[16.0],[240.0],[119.0],[294.0],[294.0],[339.0],[393.0],[39.0],[177.0],[77.0],[348.0],[346.0],[24.0],[118.0],[58.0],[34.0],[240.0],[285.0],[303.0],[58.0],[86.0],[170.0],[303.0],[268.0],[45.0],[119.0],[370.0],[80.0],[234.0],[346.0],[270.0],[142.0],[0.0],[283.0],[371.0],[397.0],[24.0],[140.0],[173.0],[271.0],[61.0]
232,[0.0],[382.0],[173.0],[345.0],[35.0],[234.0],[158.0],[238.0],[396.0],[248.0],[72.0],[15.0],[269.0],[382.0],[98.0],[240.0],[287.0],[228.0],[351.0],[170.0],[198.0],[294.0],[63.0],[281.0],[112.0],[373.0],[86.0],[57.0],[35.0],[132.0],[255.0],[121.0],[252.0],[370.0],[35.0],[321.0],[142.0],[85.0],[329.0],[240.0],[286.0],[212.0],[251.0],[17.0],[351.0],[150.0],[382.0],[219.0],[384.0],[355.0],[373.0],[247.0],[193.0],[119.0],[3.0],[112.0],[286.0],[324.0],[173.0],[106.0],[237.0],[267.0],[174.0],[47.0],[216.0],[250.0],[174.0],[61.0],[247.0],[182.0],[189.0],[96.0],[177.0],[173.0],[251.0],[175.0],[47.0],[345.0],[283.0],[118.0],[384.0],[35.0],[170.0],[216.0],[323.0],[132.0],[186.0],[98.0],[339.0],[251.0],[140.0],[379.0],[119.0],[174.0],[110.0],[149.0],[268.0],[185.0],[186.0],[255.0]
233,[105.0],[392.0],[384.0],[50.0],[96.0],[47.0],[121.0],[136.0],[1.0],[74.0],[320.0],[384.0],[156.0],[228.0],[162.0],[318.0],[170.0],[286.0],[85.0],[384.0],[35.0],[271.0],[369.0],[384.0],[396.0],[141.0],[197.0],[39.0],[384.0],[252.0],[356.0],[185.0],[130.0],[122.0],[114.0],[286.0],[70.0],[294.0],[384.0],[98.0],[199.0],[132.0],[186.0],[145.0],[355.0],[186.0],[212.0],[351.0],[267.0],[110.0],[339.0],[396.0],[66.0],[321.0],[302.0],[251.0],[136.0],[140.0],[98.0],[246.0],[197.0],[246.0],[240.0],[33.0],[80.0],[112.0],[329.0],[77.0],[142.0],[385.0],[219.0],[136.0],[110.0],[199.0],[240.0],[216.0],[162.0],[267.0],[308.0],[385.0],[39.0],[45.0],[310.0],[156.0],[198.0],[143.0],[294.0],[228.0],[382.0],[34.0],[157.0],[385.0],[106.0],[39.0],[140.0],[321.0],[100.0],[98.0],[288.0],[110.0]
234,[240.0],[141.0],[267.0],[269.0],[140.0],[17.0],[393.0],[96.0],[271.0],[213.0],[66.0],[396.0],[371.0],[34.0],[246.0],[34.0],[248.0],[110.0],[150.0],[288.0],[136.0],[148.0],[177.0],[396.0],[311.0],[393.0],[288.0],[197.0],[77.0],[286.0],[39.0],[3.0],[136.0],[308.0],[320.0],[303.0],[271.0],[240.0],[216.0],[80.0],[319.0],[303.0],[268.0],[236.0],[383.0],[145.0],[288.0],[110.0],[68.0],[320.0],[107.0],[192.0],[213.0],[145.0],[288.0],[240.0],[79.0],[382.0],[66.0],[173.0],[50.0],[70.0],[219.0],[77.0],[138.0],[294.0],[144.0],[383.0],[158.0],[39.0],[39.0],[384.0],[250.0],[224.0],[285.0],[140.0],[382.0],[346.0],[392.0],[294.0],[308.0],[24.0],[269.0],[3.0],[379.0],[357.0],[268.0],[106.0],[158.0],[17.0],[149.0],[228.0],[118.0],[346.0],[303.0],[270.0],[70.0],[194.0],[177.0],[346.0]
235,[273.0],[255.0],[320.0],[149.0],[355.0],[269.0],[290.0],[285.0],[24.0],[174.0],[118.0],[371.0],[238.0],[314.0],[150.0],[149.0],[148.0],[339.0],[346.0],[397.0],[37.0],[302.0],[68.0],[250.0],[24.0],[173.0],[228.0],[15.0],[149.0],[45.0],[149.0],[141.0],[162.0],[229.0],[162.0],[45.0],[316.0],[52.0],[162.0],[63.0],[368.0],[173.0],[159.0],[382.0],[396.0],[285.0],[174.0],[215.0],[286.0],[382.0],[1.0],[286.0],[382.0],[250.0],[140.0],[140.0],[339.0],[252.0],[302.0],[302.0],[21.0],[35.0],[136.0],[34.0],[70.0],[110.0],[254.0],[0.0],[204.0],[248.0],[311.0],[252.0],[371.0],[34.0],[173.0],[319.0],[140.0],[289.0],[219.0],[216.0],[271.0],[114.0],[107.0],[110.0],[140.0],[106.0],[340.0],[145.0],[368.0],[290.0],[47.0],[230.0],[396.0],[340.0],[107.0],[35.0],[141.0],[240.0],[392.0],[251.0]
236,[269.0],[290.0],[121.0],[371.0],[321.0],[268.0],[149.0],[344.0],[45.0],[355.0],[68.0],[382.0],[319.0],[105.0],[319.0],[141.0],[270.0],[149.0],[16.0],[175.0],[80.0],[118.0],[288.0],[156.0],[86.0],[289.0],[141.0],[383.0],[331.0],[142.0],[309.0],[0.0],[61.0],[141.0],[73.0],[186.0],[385.0],[110.0],[170.0],[156.0],[255.0],[283.0],[216.0],[384.0],[132.0],[219.0],[351.0],[150.0],[167.0],[292.0],[142.0],[283.0],[233.0],[311.0],[396.0],[348.0],[162.0],[106.0],[189.0],[294.0],[143.0],[136.0],[173.0],[66.0],[66.0],[118.0],[2.0],[240.0],[61.0],[197.0],[77.0],[278.0],[80.0],[187.0],[269.0],[98.0],[250.0],[228.0],[269.0],[174.0],[107.0],[73.0],[216.0],[79.0],[271.0],[122.0],[246.0],[290.0],[140.0],[39.0],[370.0],[392.0],[34.0],[177.0],[329.0],[130.0],[287.0],[316.0],[194.0],[96.0]
237,[316.0],[186.0],[371.0],[132.0],[229.0],[370.0],[96.0],[145.0],[228.0],[311.0],[269.0],[319.0],[365.0],[172.0],[185.0],[63.0],[47.0],[39.0],[248.0],[319.0],[50.0],[318.0],[267.0],[351.0],[273.0],[213.0],[140.0],[96.0],[385.0],[384.0],[141.0],[228.0],[248.0],[216.0],[2.0],[24.0],[351.0],[321.0],[39.0],[289.0],[118.0],[382.0],[118.0],[106.0],[385.0],[289.0],[58.0],[238.0],[170.0],[285.0],[149.0],[343.0],[77.0],[228.0],[106.0],[150.0],[366.0],[174.0],[114.0],[143.0],[150.0],[24.0],[285.0],[346.0],[50.0],[98.0],[269.0],[98.0],[34.0],[202.0],[252.0],[194.0],[24.0],[221.0],[351.0],[158.0],[173.0],[148.0],[33.0],[288.0],[80.0],[106.0],[63.0],[228.0],[21.0],[385.0],[247.0],[316.0],[285.0],[136.0],[290.0],[396.0],[324.0],[288.0],[268.0],[174.0],[39.0],[70.0],[319.0],[385.0]
238,[189.0],[385.0],[148.0],[185.0],[240.0],[151.0],[161.0],[303.0],[339.0],[356.0],[221.0],[30.0],[50.0],[61.0],[80.0],[289.0],[288.0],[156.0],[98.0],[96.0],[212.0],[237.0],[339.0],[80.0],[63.0],[268.0],[270.0],[140.0],[281.0],[370.0],[121.0],[240.0],[355.0],[175.0],[321.0],[248.0],[86.0],[379.0],[80.0],[66.0],[345.0],[15.0],[189.0],[110.0],[384.0],[105.0],[373.0],[137.0],[288.0],[331.0],[392.0],[323.0],[292.0],[319.0],[351.0],[320.0],[77.0],[321.0],[246.0],[197.0],[167.0],[381.0],[84.0],[175.0],[316.0],[150.0],[248.0],[385.0],[290.0],[106.0],[324.0],[246.0],[134.0],[150.0],[141.0],[39.0],[278.0],[79.0],[151.0],[251.0],[177.0],[323.0],[177.0],[351.0],[68.0],[177.0],[344.0],[382.0],[73.0],[248.0],[177.0],[371.0],[346.0],[247.0],[246.0],[134.0],[148.0],[84.0],[86.0],[151.0]
239,[156.0],[150.0],[162.0],[382.0],[15.0],[158.0],[221.0],[50.0],[294.0],[186.0],[70.0],[286.0],[80.0],[239.0],[141.0],[236.0],[96.0],[384.0],[39.0],[39.0],[393.0],[149.0],[192.0],[173.0],[215.0],[255.0],[110.0],[371.0],[294.0],[355.0],[142.0],[290.0],[98.0],[187.0],[61.0],[98.0],[84.0],[247.0],[268.0],[238.0],[177.0],[228.0],[371.0],[167.0],[106.0],[24.0],[140.0],[114.0],[24.0],[35.0],[176.0],[140.0],[318.0],[294.0],[96.0],[173.0],[321.0],[302.0],[118.0],[2.0],[355.0],[80.0],[178.0],[349.0],[142.0],[119.0],[346.0],[316.0],[331.0],[149.0],[194.0],[214.0],[365.0],[2.0],[177.0],[105.0],[150.0],[140.0],[289.0],[158.0],[150.0],[142.0],[339.0],[382.0],[106.0],[181.0],[70.0],[283.0],[30.0],[105.0],[371.0],[162.0],[267.0],[57.0],[318.0],[77.0],[283.0],[72.0],[346.0],[112.0]
240,[228.0],[47.0],[189.0],[246.0],[77.0],[162.0],[351.0],[320.0],[289.0],[290.0],[324.0],[193.0],[168.0],[323.0],[384.0],[382.0],[285.0],[132.0],[321.0],[267.0],[61.0],[96.0],[273.0],[34.0],[355.0],[182.0],[194.0],[238.0],[134.0],[335.0],[84.0],[311.0],[140.0],[270.0],[39.0],[283.0],[372.0],[33.0],[35.0],[324.0],[302.0],[142.0],[1.0],[112.0],[294.0],[303.0],[114.0],[184.0],[340.0],[148.0],[121.0],[61.0],[252.0],[216.0],[145.0],[35.0],[216.0],[151.0],[45.0],[282.0],[186.0],[247.0],[303.0],[141.0],[248.0],[1.0],[45.0],[134.0],[149.0],[57.0],[145.0],[110.0],[149.0],[351.0],[286.0],[149.0],[136.0],[339.0],[118.0],[142.0],[37.0],[355.0],[346.0],[121.0],[212.0],[172.0],[158.0],[285.0],[84.0],[185.0],[148.0],[172.0],[98.0],[45.0],[250.0],[248.0],[228.0],[324.0],[141.0],[105.0]
241,[118.0],[324.0],[290.0],[194.0],[156.0],[270.0],[182.0],[217.0],[255.0],[35.0],[372.0],[135.0],[61.0],[85.0],[149.0],[219.0],[382.0],[251.0],[316.0],[148.0],[269.0],[52.0],[143.0],[45.0],[302.0],[136.0],[58.0],[186.0],[314.0],[269.0],[162.0],[212.0],[340.0],[287.0],[156.0],[238.0],[39.0],[45.0],[185.0],[267.0],[58.0],[39.0],[121.0],[134.0],[311.0],[283.0],[238.0],[283.0],[174.0],[37.0],[66.0],[290.0],[393.0],[339.0],[157.0],[34.0],[237.0],[170.0],[52.0],[235.0],[73.0],[396.0],[316.0],[240.0],[247.0],[270.0],[355.0],[172.0],[140.0],[63.0],[393.0],[240.0],[182.0],[247.0],[238.0],[294.0],[233.0],[294.0],[339.0],[238.0],[228.0],[371.0],[74.0],[185.0],[172.0],[340.0],[114.0],[345.0],[397.0],[272.0],[61.0],[3.0],[316.0],[268.0],[150.0],[238.0],[34.0],[85.0],[80.0],[373.0]
242,[339.0],[143.0],[339.0],[324.0],[188.0],[119.0],[281.0],[379.0],[149.0],[137.0],[77.0],[121.0],[289.0],[267.0],[177.0],[35.0],[110.0],[63.0],[324.0],[172.0],[137.0],[372.0],[86.0],[136.0],[148.0],[371.0],[250.0],[63.0],[289.0],[396.0],[147.0],[373.0],[251.0],[0.0],[63.0],[34.0],[61.0],[290.0],[221.0],[288.0],[320.0],[379.0],[194.0],[186.0],[114.0],[98.0],[70.0],[240.0],[238.0],[383.0],[177.0],[68.0],[290.0],[50.0],[186.0],[373.0],[149.0],[340.0],[73.0],[140.0],[373.0],[150.0],[252.0],[271.0],[290.0],[281.0],[316.0],[45.0],[162.0],[316.0],[96.0],[150.0],[216.0],[240.0],[324.0],[365.0],[61.0],[141.0],[270.0],[346.0],[346.0],[318.0],[221.0],[186.0],[118.0],[142.0],[2.0],[269.0],[331.0],[172.0],[121.0],[140.0],[248.0],[396.0],[34.0],[185.0],[47.0],[39.0],[35.0],[224.0]
243,[2.0],[230.0],[247.0],[270.0],[270.0],[63.0],[220.0],[39.0],[219.0],[85.0],[285.0],[132.0],[385.0],[37.0],[63.0],[250.0],[302.0],[219.0],[385.0],[177.0],[52.0],[86.0],[37.0],[355.0],[118.0],[132.0],[16.0],[157.0],[194.0],[385.0],[45.0],[238.0],[118.0],[17.0],[247.0],[105.0],[285.0],[230.0],[283.0],[346.0],[151.0],[324.0],[368.0],[213.0],[98.0],[136.0],[267.0],[271.0],[141.0],[396.0],[255.0],[66.0],[136.0],[15.0],[39.0],[119.0],[143.0],[365.0],[329.0],[379.0],[121.0],[351.0],[157.0],[287.0],[162.0],[68.0],[234.0],[110.0],[177.0],[151.0],[272.0],[141.0],[247.0],[143.0],[110.0],[63.0],[212.0],[268.0],[143.0],[213.0],[288.0],[349.0],[323.0],[252.0],[392.0],[80.0],[302.0],[257.0],[235.0],[349.0],[316.0],[236.0],[110.0],[290.0],[24.0],[39.0],[221.0],[385.0],[170.0],[370.0]
244,[186.0],[63.0],[118.0],[372.0],[151.0],[198.0],[238.0],[215.0],[156.0],[110.0],[151.0],[1.0],[355.0],[396.0],[39.0],[397.0],[39.0],[15.0],[294.0],[396.0],[162.0],[79.0],[140.0],[58.0],[157.0],[0.0],[34.0],[346.0],[39.0],[271.0],[158.0],[118.0],[114.0],[316.0],[177.0],[323.0],[34.0],[221.0],[197.0],[216.0],[370.0],[105.0],[150.0],[355.0],[151.0],[45.0],[219.0],[344.0],[351.0],[216.0],[61.0],[320.0],[302.0],[118.0],[61.0],[247.0],[182.0],[150.0],[340.0],[356.0],[250.0],[250.0],[63.0],[320.0],[136.0],[167.0],[230.0],[63.0],[289.0],[289.0],[316.0],[282.0],[351.0],[270.0],[50.0],[269.0],[269.0],[272.0],[150.0],[1.0],[215.0],[285.0],[230.0],[173.0],[151.0],[396.0],[393.0],[119.0],[132.0],[63.0],[86.0],[240.0],[114.0],[63.0],[267.0],[136.0],[149.0],[230.0],[324.0],[177.0]
245,[129.0],[121.0],[351.0],[158.0],[320.0],[254.0],[140.0],[98.0],[189.0],[15.0],[382.0],[98.0],[178.0],[182.0],[385.0],[269.0],[68.0],[221.0],[84.0],[311.0],[288.0],[77.0],[379.0],[248.0],[114.0],[110.0],[273.0],[228.0],[174.0],[248.0],[294.0],[39.0],[351.0],[302.0],[112.0],[114.0],[250.0],[96.0],[285.0],[34.0],[174.0],[351.0],[143.0],[173.0],[150.0],[270.0],[289.0],[148.0],[283.0],[140.0],[86.0],[285.0],[371.0],[114.0],[129.0],[114.0],[45.0],[290.0],[170.0],[45.0],[212.0],[338.0],[130.0],[84.0],[106.0],[182.0],[383.0],[283.0],[121.0],[167.0],[248.0],[66.0],[150.0],[283.0],[233.0],[170.0],[141.0],[384.0],[213.0],[70.0],[118.0],[96.0],[3.0],[151.0],[93.0],[247.0],[321.0],[112.0],[136.0],[247.0],[303.0],[21.0],[134.0],[141.0],[396.0],[110.0],[110.0],[283.0],[290.0],[15.0]
246,[52.0],[370.0],[143.0],[186.0],[61.0],[302.0],[247.0],[34.0],[273.0],[149.0],[247.0],[302.0],[267.0],[80.0],[142.0],[118.0],[121.0],[37.0],[272.0],[150.0],[2.0],[373.0],[385.0],[385.0],[143.0],[197.0],[2.0],[141.0],[96.0],[348.0],[295.0],[96.0],[255.0],[156.0],[24.0],[346.0],[339.0],[106.0],[157.0],[194.0],[219.0],[319.0],[140.0],[345.0],[182.0],[324.0],[61.0],[396.0],[0.0],[302.0],[302.0],[177.0],[24.0],[251.0],[80.0],[136.0],[324.0],[248.0],[294.0],[213.0],[281.0],[156.0],[3.0],[186.0],[121.0],[34.0],[268.0],[118.0],[250.0],[98.0],[177.0],[368.0],[255.0],[237.0],[114.0],[189.0],[294.0],[251.0],[251.0],[186.0],[63.0],[88.0],[61.0],[302.0],[136.0],[88.0],[212.0],[289.0],[356.0],[396.0],[302.0],[105.0],[349.0],[142.0],[148.0],[41.0],[63.0],[247.0],[114.0],[248.0]
247,[324.0],[184.0],[199.0],[311.0],[257.0],[246.0],[170.0],[270.0],[348.0],[236.0],[215.0],[177.0],[281.0],[216.0],[251.0],[142.0],[324.0],[137.0],[140.0],[68.0],[240.0],[269.0],[1.0],[61.0],[267.0],[345.0],[149.0],[217.0],[267.0],[237.0],[110.0],[149.0],[247.0],[149.0],[348.0],[311.0],[0.0],[316.0],[114.0],[137.0],[141.0],[282.0],[267.0],[274.0],[136.0],[184.0],[182.0],[37.0],[151.0],[294.0],[114.0],[248.0],[185.0],[162.0],[136.0],[141.0],[255.0],[177.0],[24.0],[351.0],[70.0],[322.0],[184.0],[379.0],[35.0],[282.0],[331.0],[286.0],[267.0],[162.0],[45.0],[269.0],[248.0],[167.0],[105.0],[382.0],[345.0],[212.0],[173.0],[34.0],[142.0],[247.0],[156.0],[2.0],[320.0],[339.0],[39.0],[118.0],[396.0],[121.0],[130.0],[271.0],[197.0],[73.0],[106.0],[114.0],[177.0],[289.0],[93.0],[246.0]
248,[250.0],[34.0],[136.0],[294.0],[294.0],[98.0],[228.0],[252.0],[186.0],[184.0],[34.0],[61.0],[250.0],[340.0],[219.0],[37.0],[240.0],[316.0],[34.0],[45.0],[194.0],[324.0],[228.0],[216.0],[288.0],[150.0],[213.0],[314.0],[2.0],[255.0],[35.0],[320.0],[68.0],[331.0],[141.0],[177.0],[247.0],[384.0],[132.0],[186.0],[162.0],[118.0],[37.0],[142.0],[118.0],[177.0],[45.0],[281.0],[393.0],[351.0],[213.0],[194.0],[39.0],[182.0],[267.0],[288.0],[34.0],[270.0],[119.0],[24.0],[370.0],[355.0],[45.0],[356.0],[178.0],[24.0],[217.0],[382.0],[269.0],[1.0],[331.0],[294.0],[346.0],[346.0],[216.0],[339.0],[66.0],[114.0],[384.0],[194.0],[132.0],[98.0],[47.0],[63.0],[384.0],[371.0],[216.0],[396.0],[337.0],[45.0],[114.0],[34.0],[289.0],[289.0],[371.0],[50.0],[158.0],[252.0],[15.0],[142.0]
249,[311.0],[170.0],[114.0],[150.0],[114.0],[385.0],[141.0],[151.0],[316.0],[370.0],[98.0],[355.0],[145.0],[39.0],[143.0],[186.0],[186.0],[142.0],[114.0],[217.0],[84.0],[174.0],[213.0],[57.0],[248.0],[162.0],[319.0],[385.0],[110.0],[365.0],[70.0],[70.0],[311.0],[290.0],[158.0],[199.0],[185.0],[66.0],[106.0],[1.0],[143.0],[250.0],[177.0],[24.0],[349.0],[287.0],[230.0],[216.0],[273.0],[151.0],[140.0],[184.0],[85.0],[302.0],[142.0],[370.0],[177.0],[251.0],[141.0],[148.0],[57.0],[1.0],[212.0],[290.0],[96.0],[140.0],[162.0],[16.0],[79.0],[311.0],[370.0],[148.0],[170.0],[331.0],[150.0],[288.0],[268.0],[320.0],[385.0],[236.0],[385.0],[346.0],[290.0],[134.0],[286.0],[271.0],[34.0],[248.0],[172.0],[237.0],[33.0],[106.0],[84.0],[385.0],[310.0],[79.0],[143.0],[63.0],[63.0],[252.0]
250,[141.0],[270.0],[238.0],[255.0],[349.0],[24.0],[47.0],[185.0],[212.0],[230.0],[252.0],[215.0],[273.0],[283.0],[186.0],[396.0],[351.0],[182.0],[240.0],[351.0],[346.0],[238.0],[302.0],[239.0],[162.0],[15.0],[186.0],[324.0],[141.0],[156.0],[248.0],[271.0],[269.0],[385.0],[157.0],[324.0],[311.0],[1.0],[240.0],[145.0],[63.0],[143.0],[281.0],[371.0],[142.0],[239.0],[173.0],[269.0],[289.0],[34.0],[355.0],[1.0],[57.0],[285.0],[156.0],[385.0],[150.0],[288.0],[355.0],[283.0],[339.0],[141.0],[66.0],[344.0],[147.0],[379.0],[302.0],[271.0],[320.0],[252.0],[270.0],[351.0],[289.0],[384.0],[172.0],[150.0],[302.0],[302.0],[228.0],[331.0],[246.0],[184.0],[35.0],[247.0],[250.0],[39.0],[3.0],[281.0],[321.0],[311.0],[96.0],[212.0],[143.0],[167.0],[384.0],[118.0],[213.0],[177.0],[316.0],[221.0]
251,[24.0],[319.0],[252.0],[61.0],[271.0],[273.0],[267.0],[311.0],[269.0],[150.0],[302.0],[158.0],[162.0],[238.0],[86.0],[246.0],[355.0],[24.0],[110.0],[355.0],[382.0],[150.0],[255.0],[150.0],[193.0],[288.0],[248.0],[316.0],[85.0],[382.0],[66.0],[66.0],[346.0],[150.0],[185.0],[149.0],[63.0],[141.0],[227.0],[319.0],[230.0],[182.0],[96.0],[52.0],[121.0],[290.0],[273.0],[122.0],[370.0],[88.0],[228.0],[392.0],[135.0],[346.0],[213.0],[186.0],[24.0],[311.0],[182.0],[281.0],[182.0],[289.0],[34.0],[86.0],[57.0],[321.0],[319.0],[184.0],[270.0],[3.0],[348.0],[70.0],[1.0],[182.0],[197.0],[349.0],[186.0],[238.0],[145.0],[247.0],[21.0],[311.0],[199.0],[289.0],[129.0],[245.0],[238.0],[170.0],[268.0],[1.0],[199.0],[63.0],[173.0],[314.0],[132.0],[98.0],[15.0],[286.0],[149.0],[186.0]
252,[66.0],[136.0],[47.0],[239.0],[365.0],[50.0],[173.0],[323.0],[351.0],[24.0],[132.0],[134.0],[96.0],[236.0],[151.0],[3.0],[314.0],[385.0],[186.0],[219.0],[70.0],[141.0],[238.0],[356.0],[255.0],[63.0],[106.0],[80.0],[248.0],[339.0],[186.0],[50.0],[188.0],[119.0],[240.0],[396.0],[98.0],[396.0],[3.0],[149.0],[72.0],[70.0],[170.0],[385.0],[215.0],[39.0],[66.0],[2.0],[324.0],[348.0],[157.0],[250.0],[396.0],[63.0],[314.0],[268.0],[316.0],[385.0],[323.0],[311.0],[324.0],[173.0],[216.0],[150.0],[270.0],[385.0],[158.0],[151.0],[170.0],[373.0],[150.0],[61.0],[63.0],[228.0],[66.0],[70.0],[39.0],[175.0],[248.0],[140.0],[162.0],[70.0],[66.0],[50.0],[39.0],[212.0],[63.0],[185.0],[197.0],[84.0],[35.0],[247.0],[45.0],[319.0],[45.0],[346.0],[73.0],[1.0],[246.0],[285.0]
253,[283.0],[311.0],[269.0],[272.0],[251.0],[172.0],[252.0],[105.0],[112.0],[45.0],[384.0],[173.0],[396.0],[140.0],[379.0],[47.0],[356.0],[321.0],[173.0],[271.0],[1.0],[273.0],[240.0],[39.0],[66.0],[248.0],[41.0],[150.0],[1.0],[66.0],[349.0],[230.0],[35.0],[143.0],[0.0],[37.0],[132.0],[255.0],[319.0],[340.0],[216.0],[238.0],[63.0],[136.0],[3.0],[106.0],[281.0],[136.0],[247.0],[2.0],[39.0],[344.0],[357.0],[39.0],[240.0],[396.0],[370.0],[373.0],[346.0],[34.0],[58.0],[105.0],[57.0],[45.0],[349.0],[45.0],[294.0],[339.0],[215.0],[228.0],[288.0],[289.0],[311.0],[35.0],[186.0],[340.0],[373.0],[47.0],[246.0],[187.0],[340.0],[199.0],[228.0],[271.0],[216.0],[118.0],[199.0],[384.0],[1.0],[219.0],[379.0],[302.0],[270.0],[323.0],[177.0],[194.0],[3.0],[34.0],[344.0],[3.0]
254,[177.0],[135.0],[316.0],[320.0],[157.0],[311.0],[216.0],[41.0],[247.0],[1.0],[150.0],[204.0],[114.0],[50.0],[37.0],[371.0],[216.0],[121.0],[255.0],[294.0],[128.0],[157.0],[39.0],[240.0],[235.0],[204.0],[269.0],[172.0],[136.0],[136.0],[105.0],[283.0],[240.0],[239.0],[136.0],[185.0],[228.0],[177.0],[186.0],[302.0],[248.0],[273.0],[167.0],[194.0],[216.0],[294.0],[247.0],[170.0],[302.0],[121.0],[184.0],[294.0],[385.0],[217.0],[77.0],[185.0],[269.0],[212.0],[140.0],[96.0],[255.0],[174.0],[384.0],[63.0],[240.0],[215.0],[321.0],[348.0],[136.0],[175.0],[216.0],[219.0],[148.0],[339.0],[167.0],[114.0],[384.0],[162.0],[52.0],[351.0],[373.0],[216.0],[68.0],[371.0],[156.0],[238.0],[213.0],[39.0],[141.0],[348.0],[351.0],[107.0],[175.0],[250.0],[98.0],[219.0],[294.0],[35.0],[37.0],[194.0]
255,[172.0],[110.0],[96.0],[385.0],[80.0],[85.0],[235.0],[142.0],[324.0],[285.0],[194.0],[41.0],[143.0],[52.0],[321.0],[143.0],[323.0],[106.0],[50.0],[321.0],[385.0],[85.0],[338.0],[221.0],[149.0],[285.0],[324.0],[194.0],[251.0],[63.0],[396.0],[175.0],[250.0],[140.0],[269.0],[170.0],[248.0],[61.0],[24.0],[130.0],[140.0],[114.0],[343.0],[216.0],[186.0],[148.0],[270.0],[157.0],[129.0],[212.0],[34.0],[379.0],[80.0],[286.0],[283.0],[39.0],[311.0],[121.0],[34.0],[271.0],[311.0],[383.0],[271.0],[135.0],[273.0],[272.0],[119.0],[107.0],[151.0],[52.0],[24.0],[173.0],[107.0],[212.0],[267.0],[356.0],[321.0],[255.0],[132.0],[321.0],[238.0],[283.0],[162.0],[68.0],[114.0],[313.0],[35.0],[346.0],[252.0],[68.0],[313.0],[118.0],[140.0],[173.0],[141.0],[70.0],[250.0],[66.0],[45.0],[382.0]
256,[255.0],[349.0],[365.0],[15.0],[174.0],[45.0],[346.0],[396.0],[110.0],[316.0],[85.0],[141.0],[1.0],[319.0],[303.0],[319.0],[1.0],[250.0],[135.0],[141.0],[141.0],[105.0],[346.0],[35.0],[230.0],[68.0],[283.0],[247.0],[34.0],[230.0],[271.0],[269.0],[217.0],[238.0],[213.0],[294.0],[254.0],[186.0],[158.0],[140.0],[232.0],[240.0],[230.0],[72.0],[173.0],[385.0],[39.0],[239.0],[134.0],[356.0],[286.0],[150.0],[216.0],[281.0],[105.0],[349.0],[385.0],[39.0],[311.0],[158.0],[172.0],[265.0],[197.0],[216.0],[150.0],[286.0],[219.0],[365.0],[219.0],[219.0],[185.0],[251.0],[58.0],[321.0],[255.0],[61.0],[331.0],[286.0],[320.0],[2.0],[110.0],[39.0],[150.0],[255.0],[270.0],[150.0],[177.0],[329.0],[320.0],[286.0],[247.0],[143.0],[219.0],[321.0],[240.0],[385.0],[313.0],[86.0],[1.0],[314.0]
257,[63.0],[114.0],[251.0],[172.0],[250.0],[140.0],[236.0],[212.0],[173.0],[339.0],[370.0],[142.0],[134.0],[212.0],[286.0],[216.0],[136.0],[105.0],[247.0],[252.0],[219.0],[392.0],[382.0],[188.0],[105.0],[52.0],[119.0],[319.0],[150.0],[162.0],[150.0],[17.0],[199.0],[98.0],[268.0],[188.0],[37.0],[137.0],[184.0],[247.0],[107.0],[257.0],[285.0],[47.0],[37.0],[257.0],[132.0],[247.0],[107.0],[184.0],[132.0],[351.0],[221.0],[110.0],[285.0],[105.0],[15.0],[246.0],[255.0],[252.0],[219.0],[142.0],[227.0],[247.0],[250.0],[185.0],[98.0],[338.0],[63.0],[346.0],[294.0],[86.0],[142.0],[142.0],[247.0],[162.0],[194.0],[379.0],[141.0],[143.0],[316.0],[150.0],[1.0],[136.0],[157.0],[270.0],[322.0],[69.0],[135.0],[0.0],[213.0],[61.0],[393.0],[0.0],[235.0],[365.0],[151.0],[186.0],[199.0],[238.0]
258,[148.0],[134.0],[35.0],[151.0],[396.0],[382.0],[136.0],[346.0],[356.0],[273.0],[212.0],[127.0],[302.0],[142.0],[96.0],[24.0],[239.0],[314.0],[283.0],[17.0],[45.0],[45.0],[313.0],[70.0],[1.0],[319.0],[96.0],[294.0],[221.0],[173.0],[283.0],[30.0],[156.0],[114.0],[234.0],[157.0],[35.0],[228.0],[385.0],[217.0],[86.0],[365.0],[248.0],[281.0],[199.0],[311.0],[16.0],[140.0],[45.0],[39.0],[215.0],[371.0],[58.0],[149.0],[356.0],[98.0],[173.0],[346.0],[265.0],[385.0],[110.0],[143.0],[88.0],[118.0],[177.0],[255.0],[396.0],[1.0],[143.0],[136.0],[1.0],[177.0],[140.0],[194.0],[86.0],[248.0],[105.0],[182.0],[305.0],[63.0],[182.0],[194.0],[348.0],[142.0],[143.0],[355.0],[373.0],[314.0],[68.0],[170.0],[182.0],[238.0],[269.0],[86.0],[252.0],[143.0],[215.0],[106.0],[174.0],[311.0]
259,[302.0],[107.0],[219.0],[136.0],[47.0],[118.0],[52.0],[257.0],[158.0],[215.0],[219.0],[80.0],[39.0],[2.0],[311.0],[270.0],[252.0],[2.0],[47.0],[194.0],[157.0],[170.0],[61.0],[186.0],[141.0],[85.0],[172.0],[240.0],[371.0],[150.0],[278.0],[385.0],[348.0],[63.0],[331.0],[106.0],[270.0],[289.0],[143.0],[199.0],[167.0],[181.0],[221.0],[348.0],[204.0],[282.0],[271.0],[371.0],[373.0],[150.0],[248.0],[45.0],[3.0],[371.0],[311.0],[17.0],[288.0],[247.0],[134.0],[250.0],[320.0],[269.0],[382.0],[170.0],[285.0],[106.0],[235.0],[150.0],[80.0],[96.0],[72.0],[385.0],[355.0],[66.0],[273.0],[24.0],[172.0],[118.0],[186.0],[88.0],[381.0],[236.0],[371.0],[66.0],[234.0],[215.0],[167.0],[1.0],[255.0],[150.0],[283.0],[311.0],[149.0],[158.0],[288.0],[68.0],[320.0],[158.0],[255.0],[106.0]
260,[270.0],[213.0],[281.0],[174.0],[255.0],[174.0],[355.0],[290.0],[162.0],[247.0],[316.0],[63.0],[142.0],[141.0],[285.0],[1.0],[2.0],[118.0],[142.0],[246.0],[3.0],[356.0],[15.0],[268.0],[289.0],[302.0],[142.0],[37.0],[148.0],[151.0],[331.0],[172.0],[216.0],[132.0],[248.0],[52.0],[289.0],[204.0],[382.0],[170.0],[371.0],[311.0],[396.0],[247.0],[80.0],[230.0],[371.0],[141.0],[348.0],[186.0],[230.0],[34.0],[177.0],[219.0],[371.0],[238.0],[167.0],[143.0],[50.0],[212.0],[45.0],[313.0],[340.0],[39.0],[105.0],[248.0],[148.0],[105.0],[148.0],[396.0],[118.0],[39.0],[219.0],[39.0],[227.0],[270.0],[283.0],[250.0],[216.0],[177.0],[351.0],[136.0],[151.0],[320.0],[273.0],[348.0],[219.0],[221.0],[269.0],[321.0],[238.0],[149.0],[286.0],[1.0],[80.0],[324.0],[66.0],[319.0],[107.0],[86.0]
261,[236.0],[252.0],[311.0],[288.0],[39.0],[313.0],[61.0],[186.0],[184.0],[134.0],[217.0],[47.0],[255.0],[219.0],[128.0],[213.0],[175.0],[173.0],[194.0],[98.0],[150.0],[267.0],[270.0],[283.0],[185.0],[167.0],[368.0],[68.0],[33.0],[240.0],[135.0],[371.0],[107.0],[135.0],[273.0],[15.0],[219.0],[162.0],[174.0],[35.0],[172.0],[106.0],[114.0],[351.0],[321.0],[331.0],[68.0],[96.0],[230.0],[141.0],[349.0],[238.0],[118.0],[173.0],[228.0],[237.0],[221.0],[273.0],[238.0],[63.0],[269.0],[186.0],[114.0],[1.0],[255.0],[132.0],[250.0],[157.0],[3.0],[235.0],[379.0],[134.0],[37.0],[68.0],[24.0],[321.0],[134.0],[396.0],[314.0],[212.0],[73.0],[282.0],[213.0],[24.0],[199.0],[63.0],[194.0],[114.0],[185.0],[107.0],[212.0],[282.0],[194.0],[286.0],[281.0],[288.0],[157.0],[134.0],[151.0],[50.0]
262,[216.0],[0.0],[140.0],[351.0],[269.0],[66.0],[98.0],[248.0],[371.0],[239.0],[289.0],[86.0],[215.0],[199.0],[217.0],[85.0],[311.0],[157.0],[382.0],[212.0],[236.0],[80.0],[107.0],[236.0],[150.0],[16.0],[351.0],[182.0],[250.0],[320.0],[193.0],[302.0],[371.0],[3.0],[105.0],[282.0],[221.0],[151.0],[134.0],[371.0],[251.0],[219.0],[136.0],[1.0],[251.0],[1.0],[215.0],[365.0],[385.0],[106.0],[182.0],[162.0],[199.0],[384.0],[147.0],[57.0],[281.0],[168.0],[150.0],[238.0],[80.0],[63.0],[106.0],[348.0],[33.0],[39.0],[311.0],[217.0],[57.0],[143.0],[237.0],[34.0],[252.0],[61.0],[188.0],[348.0],[213.0],[248.0],[371.0],[320.0],[240.0],[204.0],[136.0],[177.0],[385.0],[35.0],[269.0],[250.0],[302.0],[156.0],[118.0],[2.0],[128.0],[70.0],[260.0],[237.0],[193.0],[281.0],[240.0],[169.0]
263,[150.0],[182.0],[345.0],[234.0],[331.0],[252.0],[63.0],[147.0],[157.0],[194.0],[251.0],[105.0],[63.0],[151.0],[396.0],[147.0],[150.0],[212.0],[182.0],[348.0],[151.0],[68.0],[172.0],[130.0],[34.0],[265.0],[66.0],[355.0],[252.0],[302.0],[167.0],[260.0],[66.0],[15.0],[110.0],[96.0],[338.0],[149.0],[107.0],[235.0],[228.0],[107.0],[283.0],[316.0],[290.0],[141.0],[321.0],[382.0],[396.0],[365.0],[303.0],[167.0],[286.0],[1.0],[217.0],[212.0],[283.0],[118.0],[321.0],[254.0],[168.0],[252.0],[118.0],[148.0],[365.0],[136.0],[141.0],[140.0],[319.0],[215.0],[320.0],[396.0],[294.0],[151.0],[72.0],[370.0],[35.0],[219.0],[66.0],[37.0],[158.0],[365.0],[215.0],[157.0],[316.0],[236.0],[314.0],[215.0],[151.0],[312.0],[110.0],[363.0],[39.0],[61.0],[271.0],[349.0],[269.0],[157.0],[61.0],[270.0]
264,[319.0],[355.0],[194.0],[289.0],[172.0],[37.0],[283.0],[63.0],[199.0],[313.0],[216.0],[114.0],[316.0],[96.0],[250.0],[267.0],[37.0],[70.0],[172.0],[88.0],[57.0],[235.0],[105.0],[106.0],[319.0],[219.0],[128.0],[219.0],[45.0],[247.0],[85.0],[86.0],[228.0],[151.0],[255.0],[349.0],[151.0],[351.0],[349.0],[105.0],[98.0],[199.0],[185.0],[240.0],[170.0],[182.0],[118.0],[66.0],[240.0],[247.0],[197.0],[15.0],[365.0],[213.0],[148.0],[311.0],[172.0],[214.0],[142.0],[142.0],[216.0],[61.0],[247.0],[98.0],[172.0],[88.0],[172.0],[270.0],[321.0],[247.0],[173.0],[105.0],[136.0],[33.0],[15.0],[177.0],[37.0],[311.0],[114.0],[185.0],[143.0],[220.0],[238.0],[34.0],[86.0],[289.0],[349.0],[252.0],[348.0],[320.0],[134.0],[141.0],[294.0],[119.0],[283.0],[221.0],[346.0],[147.0],[172.0],[365.0]
265,[237.0],[348.0],[248.0],[271.0],[186.0],[219.0],[348.0],[281.0],[213.0],[96.0],[63.0],[314.0],[288.0],[186.0],[34.0],[320.0],[134.0],[151.0],[268.0],[240.0],[324.0],[199.0],[265.0],[17.0],[339.0],[175.0],[151.0],[302.0],[270.0],[338.0],[351.0],[351.0],[215.0],[106.0],[251.0],[182.0],[302.0],[142.0],[348.0],[39.0],[260.0],[248.0],[39.0],[273.0],[149.0],[379.0],[150.0],[33.0],[270.0],[255.0],[134.0],[302.0],[281.0],[238.0],[321.0],[371.0],[142.0],[86.0],[349.0],[1.0],[136.0],[15.0],[270.0],[311.0],[122.0],[105.0],[356.0],[86.0],[322.0],[265.0],[213.0],[250.0],[217.0],[136.0],[16.0],[247.0],[234.0],[265.0],[157.0],[162.0],[339.0],[270.0],[132.0],[251.0],[235.0],[213.0],[283.0],[247.0],[106.0],[221.0],[267.0],[255.0],[348.0],[114.0],[162.0],[172.0],[314.0],[57.0],[219.0],[302.0]
266,[289.0],[142.0],[182.0],[215.0],[121.0],[290.0],[288.0],[314.0],[236.0],[271.0],[177.0],[320.0],[221.0],[321.0],[270.0],[379.0],[221.0],[324.0],[319.0],[379.0],[173.0],[136.0],[221.0],[302.0],[320.0],[140.0],[379.0],[255.0],[373.0],[294.0],[237.0],[162.0],[17.0],[186.0],[173.0],[285.0],[273.0],[24.0],[255.0],[136.0],[192.0],[151.0],[269.0],[396.0],[39.0],[114.0],[302.0],[24.0],[142.0],[167.0],[270.0],[349.0],[86.0],[273.0],[118.0],[121.0],[228.0],[34.0],[86.0],[136.0],[68.0],[184.0],[107.0],[331.0],[157.0],[193.0],[289.0],[302.0],[311.0],[236.0],[141.0],[290.0],[61.0],[185.0],[63.0],[143.0],[216.0],[107.0],[294.0],[151.0],[348.0],[118.0],[240.0],[215.0],[382.0],[250.0],[351.0],[184.0],[365.0],[96.0],[216.0],[288.0],[311.0],[217.0],[93.0],[348.0],[227.0],[355.0],[106.0],[217.0]
267,[142.0],[212.0],[396.0],[35.0],[162.0],[186.0],[186.0],[282.0],[177.0],[371.0],[270.0],[308.0],[199.0],[66.0],[132.0],[294.0],[272.0],[107.0],[185.0],[289.0],[142.0],[321.0],[16.0],[311.0],[45.0],[157.0],[215.0],[384.0],[114.0],[140.0],[1.0],[213.0],[100.0],[349.0],[289.0],[88.0],[282.0],[339.0],[271.0],[215.0],[80.0],[24.0],[142.0],[35.0],[63.0],[50.0],[320.0],[331.0],[217.0],[311.0],[365.0],[215.0],[106.0],[365.0],[251.0],[68.0],[248.0],[250.0],[248.0],[157.0],[86.0],[68.0],[346.0],[302.0],[118.0],[143.0],[384.0],[294.0],[150.0],[156.0],[172.0],[114.0],[96.0],[289.0],[107.0],[186.0],[45.0],[385.0],[273.0],[39.0],[349.0],[250.0],[80.0],[235.0],[186.0],[311.0],[230.0],[302.0],[272.0],[141.0],[252.0],[349.0],[320.0],[85.0],[346.0],[132.0],[1.0],[213.0],[96.0],[294.0]
268,[182.0],[356.0],[142.0],[338.0],[3.0],[87.0],[250.0],[176.0],[134.0],[254.0],[16.0],[136.0],[247.0],[136.0],[339.0],[140.0],[15.0],[254.0],[251.0],[213.0],[134.0],[39.0],[281.0],[269.0],[132.0],[331.0],[396.0],[184.0],[283.0],[281.0],[240.0],[316.0],[294.0],[286.0],[316.0],[143.0],[143.0],[371.0],[136.0],[162.0],[273.0],[63.0],[105.0],[252.0],[273.0],[127.0],[254.0],[252.0],[268.0],[182.0],[250.0],[157.0],[141.0],[142.0],[216.0],[24.0],[356.0],[371.0],[268.0],[285.0],[184.0],[320.0],[186.0],[219.0],[214.0],[302.0],[147.0],[281.0],[220.0],[355.0],[80.0],[15.0],[157.0],[371.0],[320.0],[251.0],[240.0],[331.0],[149.0],[135.0],[250.0],[141.0],[324.0],[204.0],[311.0],[52.0],[318.0],[355.0],[311.0],[319.0],[311.0],[338.0],[216.0],[162.0],[339.0],[272.0],[134.0],[150.0],[379.0],[63.0]
269,[143.0],[87.0],[217.0],[16.0],[132.0],[349.0],[72.0],[106.0],[66.0],[338.0],[396.0],[45.0],[320.0],[324.0],[371.0],[150.0],[385.0],[281.0],[349.0],[356.0],[255.0],[61.0],[271.0],[339.0],[250.0],[143.0],[216.0],[16.0],[265.0],[141.0],[321.0],[1.0],[396.0],[167.0],[290.0],[237.0],[134.0],[15.0],[331.0],[370.0],[114.0],[34.0],[128.0],[248.0],[143.0],[238.0],[356.0],[250.0],[156.0],[273.0],[289.0],[96.0],[143.0],[151.0],[167.0],[162.0],[252.0],[88.0],[128.0],[247.0],[340.0],[132.0],[251.0],[184.0],[86.0],[80.0],[140.0],[132.0],[194.0],[331.0],[140.0],[106.0],[16.0],[63.0],[302.0],[371.0],[114.0],[270.0],[324.0],[214.0],[105.0],[130.0],[130.0],[61.0],[396.0],[157.0],[348.0],[143.0],[230.0],[250.0],[136.0],[248.0],[215.0],[16.0],[115.0],[252.0],[302.0],[248.0],[320.0],[247.0]
270,[212.0],[272.0],[149.0],[281.0],[63.0],[324.0],[147.0],[273.0],[105.0],[50.0],[173.0],[217.0],[194.0],[221.0],[273.0],[16.0],[3.0],[268.0],[396.0],[238.0],[331.0],[320.0],[311.0],[235.0],[272.0],[37.0],[157.0],[321.0],[311.0],[130.0],[273.0],[147.0],[271.0],[136.0],[151.0],[348.0],[281.0],[286.0],[213.0],[45.0],[339.0],[289.0],[85.0],[151.0],[96.0],[134.0],[346.0],[289.0],[37.0],[339.0],[319.0],[170.0],[150.0],[135.0],[338.0],[339.0],[348.0],[1.0],[314.0],[0.0],[247.0],[329.0],[281.0],[250.0],[238.0],[234.0],[177.0],[85.0],[316.0],[72.0],[285.0],[186.0],[331.0],[320.0],[61.0],[235.0],[273.0],[80.0],[68.0],[372.0],[269.0],[37.0],[313.0],[105.0],[61.0],[285.0],[365.0],[140.0],[257.0],[47.0],[1.0],[173.0],[221.0],[239.0],[119.0],[396.0],[57.0],[270.0],[150.0],[396.0]
271,[140.0],[371.0],[37.0],[302.0],[265.0],[199.0],[302.0],[365.0],[321.0],[119.0],[39.0],[35.0],[107.0],[272.0],[194.0],[135.0],[238.0],[77.0],[199.0],[324.0],[351.0],[247.0],[365.0],[316.0],[174.0],[98.0],[385.0],[162.0],[235.0],[349.0],[282.0],[24.0],[270.0],[289.0],[212.0],[63.0],[2.0],[143.0],[281.0],[16.0],[66.0],[331.0],[282.0],[219.0],[45.0],[140.0],[345.0],[41.0],[349.0],[286.0],[141.0],[185.0],[170.0],[320.0],[212.0],[314.0],[66.0],[72.0],[365.0],[41.0],[213.0],[167.0],[86.0],[316.0],[167.0],[316.0],[214.0],[324.0],[271.0],[382.0],[247.0],[85.0],[185.0],[319.0],[96.0],[204.0],[185.0],[170.0],[136.0],[105.0],[136.0],[177.0],[302.0],[80.0],[63.0],[47.0],[331.0],[219.0],[273.0],[283.0],[170.0],[235.0],[238.0],[265.0],[320.0],[268.0],[86.0],[167.0],[72.0],[349.0]
272,[346.0],[282.0],[184.0],[140.0],[142.0],[132.0],[86.0],[182.0],[143.0],[177.0],[143.0],[216.0],[338.0],[130.0],[255.0],[323.0],[236.0],[213.0],[217.0],[66.0],[365.0],[151.0],[142.0],[194.0],[130.0],[105.0],[289.0],[252.0],[177.0],[319.0],[177.0],[348.0],[184.0],[260.0],[221.0],[312.0],[199.0],[385.0],[173.0],[286.0],[294.0],[313.0],[168.0],[285.0],[172.0],[281.0],[250.0],[130.0],[172.0],[234.0],[221.0],[130.0],[294.0],[96.0],[182.0],[151.0],[285.0],[281.0],[151.0],[348.0],[348.0],[98.0],[331.0],[212.0],[268.0],[37.0],[365.0],[47.0],[348.0],[184.0],[114.0],[288.0],[86.0],[385.0],[151.0],[142.0],[316.0],[273.0],[239.0],[271.0],[147.0],[16.0],[250.0],[321.0],[238.0],[255.0],[140.0],[167.0],[236.0],[230.0],[221.0],[184.0],[247.0],[33.0],[151.0],[247.0],[182.0],[371.0],[294.0],[1.0]
273,[136.0],[215.0],[24.0],[2.0],[107.0],[194.0],[270.0],[339.0],[39.0],[140.0],[172.0],[174.0],[282.0],[234.0],[314.0],[339.0],[141.0],[172.0],[289.0],[143.0],[15.0],[213.0],[348.0],[157.0],[177.0],[240.0],[349.0],[311.0],[188.0],[213.0],[106.0],[356.0],[186.0],[281.0],[294.0],[320.0],[283.0],[302.0],[370.0],[173.0],[185.0],[135.0],[313.0],[302.0],[220.0],[175.0],[365.0],[302.0],[96.0],[172.0],[321.0],[98.0],[272.0],[141.0],[339.0],[184.0],[141.0],[63.0],[324.0],[107.0],[371.0],[331.0],[151.0],[392.0],[24.0],[260.0],[149.0],[349.0],[337.0],[314.0],[35.0],[130.0],[281.0],[273.0],[322.0],[141.0],[148.0],[35.0],[98.0],[339.0],[355.0],[143.0],[98.0],[143.0],[339.0],[365.0],[252.0],[214.0],[143.0],[216.0],[320.0],[351.0],[392.0],[349.0],[15.0],[339.0],[348.0],[118.0],[269.0],[150.0]
274,[16.0],[289.0],[147.0],[212.0],[128.0],[216.0],[215.0],[167.0],[349.0],[72.0],[141.0],[290.0],[285.0],[255.0],[349.0],[172.0],[142.0],[114.0],[236.0],[371.0],[321.0],[63.0],[247.0],[247.0],[16.0],[199.0],[105.0],[221.0],[118.0],[215.0],[251.0],[173.0],[143.0],[397.0],[312.0],[251.0],[184.0],[239.0],[142.0],[365.0],[250.0],[294.0],[182.0],[114.0],[373.0],[215.0],[143.0],[235.0],[140.0],[1.0],[24.0],[176.0],[182.0],[236.0],[37.0],[52.0],[312.0],[114.0],[143.0],[167.0],[259.0],[182.0],[302.0],[185.0],[134.0],[349.0],[150.0],[142.0],[217.0],[239.0],[349.0],[215.0],[270.0],[271.0],[217.0],[157.0],[247.0],[365.0],[281.0],[217.0],[172.0],[151.0],[105.0],[199.0],[228.0],[41.0],[356.0],[172.0],[121.0],[365.0],[331.0],[16.0],[177.0],[143.0],[194.0],[235.0],[35.0],[15.0],[16.0],[37.0]
275,[37.0],[85.0],[268.0],[216.0],[150.0],[365.0],[151.0],[141.0],[252.0],[61.0],[235.0],[221.0],[35.0],[268.0],[272.0],[234.0],[320.0],[135.0],[348.0],[247.0],[16.0],[186.0],[199.0],[141.0],[72.0],[252.0],[311.0],[281.0],[321.0],[268.0],[197.0],[349.0],[239.0],[1.0],[228.0],[172.0],[170.0],[365.0],[294.0],[177.0],[316.0],[194.0],[16.0],[105.0],[188.0],[319.0],[157.0],[172.0],[392.0],[199.0],[314.0],[272.0],[311.0],[385.0],[15.0],[182.0],[349.0],[37.0],[239.0],[251.0],[239.0],[294.0],[142.0],[269.0],[143.0],[141.0],[215.0],[186.0],[106.0],[271.0],[373.0],[302.0],[260.0],[121.0],[68.0],[16.0],[175.0],[142.0],[250.0],[322.0],[283.0],[1.0],[157.0],[338.0],[371.0],[24.0],[281.0],[162.0],[182.0],[143.0],[85.0],[98.0],[182.0],[235.0],[185.0],[105.0],[254.0],[114.0],[68.0],[45.0]
276,[88.0],[2.0],[213.0],[314.0],[105.0],[185.0],[1.0],[246.0],[268.0],[282.0],[348.0],[252.0],[66.0],[169.0],[316.0],[176.0],[72.0],[186.0],[63.0],[314.0],[41.0],[41.0],[151.0],[86.0],[98.0],[351.0],[134.0],[110.0],[212.0],[311.0],[68.0],[105.0],[39.0],[371.0],[323.0],[151.0],[305.0],[273.0],[45.0],[221.0],[212.0],[348.0],[316.0],[57.0],[237.0],[93.0],[63.0],[151.0],[63.0],[147.0],[283.0],[86.0],[289.0],[254.0],[2.0],[338.0],[346.0],[260.0],[186.0],[257.0],[252.0],[151.0],[339.0],[268.0],[212.0],[221.0],[281.0],[170.0],[2.0],[186.0],[356.0],[271.0],[385.0],[313.0],[143.0],[351.0],[270.0],[72.0],[86.0],[235.0],[24.0],[219.0],[143.0],[167.0],[221.0],[281.0],[136.0],[41.0],[63.0],[151.0],[167.0],[270.0],[273.0],[170.0],[255.0],[308.0],[186.0],[24.0],[147.0],[269.0]
277,[382.0],[283.0],[1.0],[80.0],[72.0],[182.0],[213.0],[321.0],[286.0],[197.0],[271.0],[356.0],[184.0],[348.0],[72.0],[39.0],[50.0],[270.0],[35.0],[204.0],[107.0],[285.0],[72.0],[182.0],[384.0],[273.0],[314.0],[322.0],[213.0],[250.0],[238.0],[186.0],[320.0],[279.0],[170.0],[107.0],[45.0],[272.0],[192.0],[213.0],[221.0],[185.0],[151.0],[168.0],[227.0],[247.0],[257.0],[167.0],[321.0],[96.0],[68.0],[312.0],[186.0],[270.0],[172.0],[72.0],[365.0],[217.0],[157.0],[216.0],[1.0],[270.0],[289.0],[132.0],[128.0],[172.0],[105.0],[346.0],[313.0],[227.0],[86.0],[185.0],[204.0],[118.0],[170.0],[285.0],[107.0],[254.0],[365.0],[255.0],[114.0],[239.0],[265.0],[72.0],[105.0],[194.0],[337.0],[260.0],[2.0],[147.0],[339.0],[217.0],[268.0],[316.0],[257.0],[96.0],[45.0],[311.0],[250.0],[134.0]
278,[348.0],[172.0],[338.0],[72.0],[268.0],[16.0],[142.0],[85.0],[230.0],[221.0],[385.0],[151.0],[290.0],[24.0],[1.0],[247.0],[349.0],[346.0],[107.0],[185.0],[167.0],[339.0],[331.0],[348.0],[281.0],[142.0],[257.0],[338.0],[143.0],[167.0],[128.0],[365.0],[85.0],[177.0],[365.0],[147.0],[50.0],[320.0],[16.0],[373.0],[142.0],[66.0],[324.0],[177.0],[371.0],[252.0],[151.0],[234.0],[371.0],[272.0],[320.0],[311.0],[212.0],[66.0],[215.0],[235.0],[373.0],[193.0],[136.0],[182.0],[170.0],[39.0],[393.0],[235.0],[182.0],[232.0],[135.0],[272.0],[349.0],[270.0],[321.0],[35.0],[373.0],[338.0],[162.0],[182.0],[320.0],[313.0],[215.0],[68.0],[88.0],[85.0],[283.0],[268.0],[321.0],[57.0],[271.0],[365.0],[107.0],[50.0],[147.0],[213.0],[63.0],[356.0],[105.0],[281.0],[68.0],[16.0],[314.0],[114.0]
279,[134.0],[321.0],[255.0],[254.0],[373.0],[250.0],[194.0],[172.0],[235.0],[260.0],[356.0],[283.0],[140.0],[63.0],[338.0],[66.0],[114.0],[199.0],[151.0],[337.0],[257.0],[24.0],[349.0],[63.0],[50.0],[235.0],[219.0],[331.0],[68.0],[220.0],[199.0],[72.0],[268.0],[66.0],[115.0],[273.0],[173.0],[105.0],[314.0],[150.0],[311.0],[237.0],[68.0],[68.0],[105.0],[68.0],[185.0],[204.0],[237.0],[251.0],[186.0],[331.0],[215.0],[68.0],[348.0],[356.0],[270.0],[141.0],[348.0],[219.0],[273.0],[384.0],[150.0],[151.0],[271.0],[371.0],[61.0],[15.0],[184.0],[221.0],[167.0],[270.0],[194.0],[24.0],[230.0],[136.0],[168.0],[338.0],[272.0],[41.0],[2.0],[268.0],[106.0],[140.0],[182.0],[252.0],[105.0],[150.0],[385.0],[322.0],[63.0],[167.0],[172.0],[331.0],[170.0],[314.0],[272.0],[182.0],[321.0],[204.0]
280,[107.0],[151.0],[204.0],[107.0],[177.0],[283.0],[289.0],[214.0],[370.0],[172.0],[184.0],[282.0],[314.0],[270.0],[172.0],[182.0],[177.0],[150.0],[252.0],[349.0],[182.0],[221.0],[294.0],[107.0],[37.0],[348.0],[24.0],[282.0],[313.0],[98.0],[281.0],[150.0],[141.0],[194.0],[371.0],[134.0],[337.0],[219.0],[151.0],[85.0],[237.0],[167.0],[130.0],[373.0],[41.0],[86.0],[246.0],[16.0],[316.0],[170.0],[379.0],[289.0],[230.0],[185.0],[194.0],[73.0],[236.0],[135.0],[331.0],[37.0],[349.0],[172.0],[147.0],[105.0],[312.0],[128.0],[37.0],[143.0],[172.0],[45.0],[151.0],[216.0],[356.0],[349.0],[384.0],[41.0],[257.0],[215.0],[370.0],[268.0],[265.0],[273.0],[281.0],[182.0],[239.0],[170.0],[118.0],[194.0],[288.0],[194.0],[318.0],[192.0],[213.0],[302.0],[186.0],[37.0],[150.0],[37.0],[134.0],[266.0]
281,[349.0],[217.0],[212.0],[321.0],[147.0],[321.0],[331.0],[193.0],[182.0],[288.0],[349.0],[349.0],[379.0],[356.0],[215.0],[57.0],[143.0],[348.0],[312.0],[234.0],[248.0],[289.0],[239.0],[371.0],[106.0],[215.0],[3.0],[215.0],[132.0],[217.0],[286.0],[286.0],[237.0],[158.0],[314.0],[314.0],[320.0],[134.0],[86.0],[331.0],[271.0],[396.0],[255.0],[331.0],[270.0],[66.0],[311.0],[217.0],[34.0],[248.0],[106.0],[270.0],[130.0],[252.0],[250.0],[331.0],[271.0],[3.0],[339.0],[248.0],[238.0],[134.0],[314.0],[136.0],[322.0],[320.0],[385.0],[250.0],[68.0],[86.0],[238.0],[41.0],[314.0],[105.0],[281.0],[221.0],[1.0],[213.0],[182.0],[170.0],[272.0],[2.0],[316.0],[311.0],[170.0],[68.0],[37.0],[186.0],[212.0],[331.0],[128.0],[320.0],[230.0],[184.0],[238.0],[302.0],[252.0],[227.0],[356.0],[172.0]
282,[247.0],[130.0],[331.0],[45.0],[213.0],[136.0],[319.0],[319.0],[114.0],[237.0],[136.0],[140.0],[214.0],[98.0],[281.0],[365.0],[348.0],[247.0],[157.0],[312.0],[176.0],[172.0],[185.0],[337.0],[294.0],[271.0],[339.0],[128.0],[24.0],[238.0],[72.0],[338.0],[212.0],[199.0],[252.0],[66.0],[365.0],[331.0],[247.0],[134.0],[321.0],[213.0],[270.0],[130.0],[283.0],[63.0],[397.0],[255.0],[204.0],[289.0],[143.0],[143.0],[105.0],[143.0],[247.0],[250.0],[168.0],[105.0],[281.0],[349.0],[52.0],[72.0],[338.0],[72.0],[37.0],[252.0],[255.0],[66.0],[286.0],[37.0],[212.0],[348.0],[257.0],[162.0],[157.0],[320.0],[151.0],[185.0],[15.0],[281.0],[281.0],[172.0],[217.0],[283.0],[185.0],[321.0],[320.0],[282.0],[204.0],[255.0],[319.0],[15.0],[185.0],[151.0],[147.0],[63.0],[311.0],[107.0],[247.0],[281.0]
283,[98.0],[147.0],[16.0],[114.0],[351.0],[281.0],[339.0],[385.0],[248.0],[167.0],[106.0],[288.0],[268.0],[114.0],[182.0],[273.0],[151.0],[147.0],[143.0],[283.0],[72.0],[216.0],[283.0],[147.0],[283.0],[311.0],[348.0],[185.0],[349.0],[316.0],[182.0],[339.0],[172.0],[268.0],[167.0],[214.0],[148.0],[114.0],[1.0],[143.0],[247.0],[85.0],[385.0],[2.0],[168.0],[349.0],[252.0],[185.0],[136.0],[215.0],[348.0],[217.0],[167.0],[167.0],[331.0],[294.0],[184.0],[235.0],[167.0],[215.0],[194.0],[213.0],[143.0],[88.0],[185.0],[107.0],[143.0],[147.0],[167.0],[250.0],[85.0],[321.0],[168.0],[184.0],[321.0],[220.0],[118.0],[348.0],[257.0],[132.0],[247.0],[255.0],[182.0],[365.0],[96.0],[257.0],[151.0],[356.0],[114.0],[257.0],[215.0],[147.0],[136.0],[348.0],[385.0],[150.0],[260.0],[320.0],[135.0],[250.0]
284,[260.0],[314.0],[313.0],[319.0],[1.0],[294.0],[294.0],[213.0],[238.0],[348.0],[314.0],[255.0],[236.0],[281.0],[282.0],[252.0],[212.0],[294.0],[270.0],[38.0],[93.0],[230.0],[130.0],[142.0],[182.0],[217.0],[356.0],[143.0],[320.0],[322.0],[136.0],[255.0],[105.0],[356.0],[128.0],[184.0],[260.0],[338.0],[105.0],[212.0],[182.0],[205.0],[331.0],[235.0],[338.0],[265.0],[235.0],[121.0],[157.0],[105.0],[72.0],[257.0],[257.0],[98.0],[66.0],[289.0],[114.0],[216.0],[316.0],[194.0],[215.0],[321.0],[385.0],[172.0],[311.0],[265.0],[220.0],[114.0],[214.0],[365.0],[319.0],[230.0],[151.0],[248.0],[182.0],[194.0],[85.0],[252.0],[302.0],[311.0],[186.0],[212.0],[252.0],[212.0],[294.0],[37.0],[1.0],[107.0],[199.0],[57.0],[194.0],[219.0],[371.0],[172.0],[247.0],[141.0],[230.0],[349.0],[270.0],[98.0]
285,[331.0],[331.0],[253.0],[63.0],[167.0],[147.0],[322.0],[235.0],[272.0],[314.0],[140.0],[106.0],[271.0],[86.0],[135.0],[255.0],[339.0],[136.0],[356.0],[232.0],[356.0],[182.0],[147.0],[66.0],[167.0],[80.0],[182.0],[270.0],[365.0],[321.0],[268.0],[273.0],[168.0],[147.0],[260.0],[316.0],[68.0],[220.0],[235.0],[184.0],[365.0],[266.0],[379.0],[185.0],[140.0],[192.0],[136.0],[265.0],[15.0],[384.0],[247.0],[151.0],[255.0],[356.0],[227.0],[157.0],[151.0],[219.0],[172.0],[151.0],[142.0],[273.0],[320.0],[273.0],[236.0],[269.0],[348.0],[68.0],[107.0],[371.0],[34.0],[184.0],[320.0],[215.0],[385.0],[230.0],[236.0],[151.0],[16.0],[348.0],[174.0],[182.0],[134.0],[273.0],[331.0],[232.0],[170.0],[232.0],[282.0],[356.0],[321.0],[322.0],[255.0],[255.0],[319.0],[371.0],[365.0],[172.0],[239.0],[235.0]
286,[238.0],[216.0],[235.0],[322.0],[221.0],[184.0],[273.0],[69.0],[239.0],[151.0],[321.0],[272.0],[331.0],[230.0],[294.0],[215.0],[265.0],[227.0],[15.0],[184.0],[302.0],[281.0],[98.0],[143.0],[220.0],[66.0],[238.0],[142.0],[167.0],[219.0],[143.0],[221.0],[331.0],[255.0],[69.0],[247.0],[213.0],[348.0],[37.0],[351.0],[136.0],[247.0],[147.0],[349.0],[289.0],[235.0],[172.0],[45.0],[356.0],[219.0],[235.0],[39.0],[321.0],[215.0],[265.0],[271.0],[147.0],[130.0],[185.0],[168.0],[114.0],[96.0],[272.0],[337.0],[356.0],[283.0],[199.0],[268.0],[141.0],[85.0],[235.0],[313.0],[237.0],[141.0],[185.0],[331.0],[311.0],[237.0],[322.0],[184.0],[217.0],[188.0],[356.0],[85.0],[107.0],[168.0],[255.0],[132.0],[24.0],[252.0],[348.0],[215.0],[322.0],[87.0],[182.0],[85.0],[147.0],[348.0],[193.0],[135.0]
287,[39.0],[219.0],[254.0],[145.0],[185.0],[217.0],[312.0],[236.0],[141.0],[238.0],[294.0],[85.0],[147.0],[302.0],[213.0],[130.0],[321.0],[96.0],[68.0],[15.0],[314.0],[147.0],[186.0],[314.0],[236.0],[270.0],[38.0],[272.0],[254.0],[182.0],[339.0],[217.0],[147.0],[235.0],[186.0],[255.0],[314.0],[192.0],[321.0],[167.0],[147.0],[322.0],[349.0],[239.0],[213.0],[172.0],[142.0],[363.0],[186.0],[349.0],[136.0],[319.0],[331.0],[322.0],[316.0],[252.0],[219.0],[85.0],[237.0],[185.0],[151.0],[348.0],[373.0],[177.0],[88.0],[303.0],[267.0],[173.0],[396.0],[322.0],[217.0],[331.0],[186.0],[205.0],[147.0],[311.0],[281.0],[186.0],[349.0],[193.0],[157.0],[107.0],[331.0],[47.0],[162.0],[219.0],[68.0],[151.0],[157.0],[282.0],[312.0],[313.0],[186.0],[228.0],[355.0],[193.0],[199.0],[268.0],[127.0],[220.0]
288,[356.0],[250.0],[39.0],[265.0],[68.0],[356.0],[167.0],[384.0],[217.0],[294.0],[167.0],[194.0],[348.0],[15.0],[313.0],[257.0],[45.0],[217.0],[235.0],[313.0],[349.0],[134.0],[167.0],[167.0],[323.0],[227.0],[147.0],[273.0],[215.0],[273.0],[257.0],[140.0],[339.0],[215.0],[236.0],[16.0],[106.0],[130.0],[217.0],[62.0],[348.0],[281.0],[86.0],[250.0],[175.0],[217.0],[349.0],[320.0],[215.0],[177.0],[85.0],[348.0],[37.0],[370.0],[68.0],[257.0],[289.0],[240.0],[214.0],[147.0],[35.0],[302.0],[268.0],[167.0],[281.0],[230.0],[213.0],[321.0],[185.0],[194.0],[312.0],[311.0],[72.0],[175.0],[257.0],[199.0],[199.0],[41.0],[204.0],[98.0],[1.0],[167.0],[128.0],[339.0],[322.0],[268.0],[134.0],[86.0],[289.0],[162.0],[176.0],[186.0],[24.0],[236.0],[221.0],[253.0],[219.0],[140.0],[331.0],[147.0]
289,[373.0],[238.0],[141.0],[135.0],[182.0],[106.0],[184.0],[268.0],[98.0],[68.0],[273.0],[227.0],[294.0],[351.0],[45.0],[281.0],[235.0],[248.0],[128.0],[248.0],[247.0],[167.0],[227.0],[217.0],[257.0],[50.0],[15.0],[382.0],[396.0],[356.0],[2.0],[41.0],[182.0],[172.0],[134.0],[270.0],[105.0],[349.0],[172.0],[114.0],[85.0],[35.0],[107.0],[220.0],[252.0],[167.0],[147.0],[214.0],[143.0],[15.0],[346.0],[107.0],[176.0],[331.0],[294.0],[312.0],[140.0],[136.0],[215.0],[118.0],[63.0],[349.0],[311.0],[312.0],[68.0],[365.0],[351.0],[238.0],[72.0],[321.0],[182.0],[118.0],[265.0],[114.0],[346.0],[86.0],[346.0],[15.0],[172.0],[396.0],[321.0],[314.0],[227.0],[305.0],[356.0],[227.0],[257.0],[320.0],[314.0],[140.0],[250.0],[170.0],[281.0],[47.0],[135.0],[217.0],[16.0],[250.0],[371.0],[271.0]
290,[194.0],[118.0],[348.0],[230.0],[254.0],[135.0],[85.0],[250.0],[312.0],[176.0],[286.0],[185.0],[217.0],[217.0],[147.0],[268.0],[128.0],[260.0],[314.0],[176.0],[348.0],[252.0],[396.0],[349.0],[234.0],[39.0],[185.0],[167.0],[147.0],[283.0],[217.0],[193.0],[173.0],[339.0],[88.0],[230.0],[150.0],[172.0],[169.0],[252.0],[24.0],[136.0],[235.0],[311.0],[147.0],[15.0],[337.0],[147.0],[88.0],[322.0],[172.0],[136.0],[172.0],[147.0],[134.0],[215.0],[107.0],[230.0],[259.0],[365.0],[192.0],[281.0],[128.0],[176.0],[331.0],[356.0],[114.0],[282.0],[212.0],[142.0],[322.0],[265.0],[184.0],[235.0],[234.0],[214.0],[324.0],[281.0],[312.0],[356.0],[235.0],[66.0],[142.0],[221.0],[349.0],[1.0],[379.0],[331.0],[266.0],[337.0],[204.0],[265.0],[302.0],[107.0],[259.0],[283.0],[239.0],[271.0],[252.0],[268.0]
291,[257.0],[313.0],[172.0],[232.0],[143.0],[248.0],[15.0],[170.0],[338.0],[331.0],[114.0],[250.0],[193.0],[252.0],[235.0],[321.0],[140.0],[66.0],[136.0],[281.0],[234.0],[331.0],[136.0],[185.0],[285.0],[365.0],[93.0],[248.0],[107.0],[114.0],[289.0],[236.0],[213.0],[128.0],[351.0],[217.0],[349.0],[185.0],[167.0],[385.0],[186.0],[47.0],[157.0],[85.0],[85.0],[339.0],[338.0],[220.0],[239.0],[316.0],[313.0],[172.0],[269.0],[204.0],[273.0],[134.0],[337.0],[271.0],[312.0],[270.0],[253.0],[268.0],[365.0],[37.0],[45.0],[370.0],[66.0],[135.0],[365.0],[260.0],[135.0],[314.0],[321.0],[239.0],[134.0],[227.0],[93.0],[247.0],[331.0],[215.0],[371.0],[294.0],[140.0],[147.0],[338.0],[151.0],[235.0],[270.0],[142.0],[135.0],[193.0],[314.0],[132.0],[106.0],[41.0],[273.0],[338.0],[260.0],[132.0],[140.0]
292,[313.0],[235.0],[169.0],[127.0],[130.0],[213.0],[204.0],[348.0],[331.0],[266.0],[147.0],[294.0],[37.0],[143.0],[236.0],[15.0],[215.0],[319.0],[339.0],[147.0],[268.0],[227.0],[141.0],[193.0],[217.0],[184.0],[132.0],[289.0],[348.0],[16.0],[37.0],[15.0],[235.0],[227.0],[37.0],[252.0],[182.0],[167.0],[250.0],[185.0],[322.0],[37.0],[348.0],[199.0],[286.0],[273.0],[294.0],[186.0],[147.0],[239.0],[15.0],[337.0],[254.0],[172.0],[170.0],[143.0],[96.0],[268.0],[271.0],[331.0],[272.0],[248.0],[217.0],[107.0],[269.0],[331.0],[186.0],[356.0],[257.0],[88.0],[37.0],[182.0],[68.0],[281.0],[239.0],[85.0],[215.0],[1.0],[105.0],[114.0],[252.0],[348.0],[41.0],[38.0],[167.0],[254.0],[184.0],[93.0],[234.0],[323.0],[230.0],[150.0],[234.0],[35.0],[204.0],[184.0],[132.0],[339.0],[257.0],[66.0]
293,[85.0],[185.0],[294.0],[356.0],[37.0],[230.0],[219.0],[289.0],[68.0],[214.0],[331.0],[186.0],[136.0],[371.0],[324.0],[107.0],[105.0],[68.0],[212.0],[216.0],[63.0],[169.0],[220.0],[151.0],[232.0],[320.0],[265.0],[349.0],[182.0],[147.0],[365.0],[331.0],[338.0],[396.0],[238.0],[150.0],[147.0],[72.0],[85.0],[157.0],[215.0],[234.0],[273.0],[215.0],[316.0],[313.0],[314.0],[311.0],[246.0],[217.0],[311.0],[255.0],[194.0],[184.0],[237.0],[281.0],[247.0],[266.0],[260.0],[273.0],[321.0],[135.0],[72.0],[365.0],[289.0],[247.0],[337.0],[322.0],[255.0],[268.0],[250.0],[221.0],[212.0],[186.0],[212.0],[172.0],[38.0],[236.0],[162.0],[147.0],[270.0],[157.0],[396.0],[213.0],[134.0],[248.0],[214.0],[385.0],[186.0],[235.0],[68.0],[283.0],[331.0],[182.0],[68.0],[254.0],[331.0],[204.0],[157.0],[215.0]
294,[167.0],[221.0],[257.0],[167.0],[88.0],[114.0],[188.0],[247.0],[194.0],[114.0],[86.0],[212.0],[252.0],[128.0],[85.0],[331.0],[282.0],[134.0],[184.0],[151.0],[338.0],[283.0],[321.0],[212.0],[135.0],[118.0],[40.0],[348.0],[66.0],[34.0],[247.0],[247.0],[273.0],[182.0],[337.0],[371.0],[363.0],[107.0],[15.0],[255.0],[194.0],[271.0],[135.0],[193.0],[194.0],[320.0],[348.0],[349.0],[41.0],[235.0],[371.0],[219.0],[151.0],[247.0],[1.0],[273.0],[230.0],[339.0],[88.0],[322.0],[270.0],[37.0],[273.0],[289.0],[199.0],[216.0],[237.0],[273.0],[281.0],[112.0],[143.0],[356.0],[135.0],[234.0],[268.0],[272.0],[371.0],[96.0],[134.0],[72.0],[141.0],[331.0],[373.0],[266.0],[192.0],[356.0],[182.0],[311.0],[219.0],[24.0],[72.0],[273.0],[127.0],[132.0],[270.0],[338.0],[87.0],[214.0],[185.0],[273.0]
295,[338.0],[273.0],[230.0],[331.0],[356.0],[221.0],[260.0],[107.0],[365.0],[16.0],[213.0],[348.0],[349.0],[349.0],[266.0],[72.0],[86.0],[185.0],[147.0],[282.0],[143.0],[371.0],[305.0],[199.0],[321.0],[316.0],[247.0],[239.0],[63.0],[236.0],[252.0],[98.0],[322.0],[285.0],[235.0],[86.0],[294.0],[135.0],[356.0],[260.0],[235.0],[314.0],[172.0],[255.0],[234.0],[250.0],[194.0],[270.0],[314.0],[252.0],[331.0],[273.0],[338.0],[268.0],[69.0],[282.0],[331.0],[204.0],[132.0],[88.0],[16.0],[192.0],[127.0],[339.0],[221.0],[268.0],[192.0],[313.0],[266.0],[320.0],[106.0],[305.0],[282.0],[312.0],[252.0],[151.0],[176.0],[63.0],[96.0],[252.0],[311.0],[321.0],[247.0],[238.0],[184.0],[107.0],[272.0],[294.0],[349.0],[339.0],[15.0],[281.0],[169.0],[37.0],[239.0],[213.0],[172.0],[216.0],[182.0],[371.0]
296,[68.0],[174.0],[289.0],[266.0],[289.0],[105.0],[365.0],[219.0],[172.0],[261.0],[142.0],[321.0],[128.0],[147.0],[212.0],[230.0],[182.0],[80.0],[37.0],[255.0],[186.0],[312.0],[252.0],[273.0],[270.0],[214.0],[313.0],[254.0],[322.0],[199.0],[16.0],[199.0],[227.0],[68.0],[250.0],[194.0],[16.0],[136.0],[176.0],[192.0],[385.0],[356.0],[252.0],[172.0],[217.0],[157.0],[217.0],[15.0],[184.0],[282.0],[37.0],[322.0],[348.0],[193.0],[260.0],[194.0],[313.0],[348.0],[72.0],[15.0],[134.0],[236.0],[348.0],[106.0],[1.0],[69.0],[86.0],[247.0],[205.0],[220.0],[337.0],[281.0],[272.0],[252.0],[348.0],[72.0],[289.0],[322.0],[205.0],[136.0],[130.0],[68.0],[282.0],[319.0],[204.0],[235.0],[270.0],[265.0],[220.0],[239.0],[338.0],[285.0],[147.0],[204.0],[331.0],[266.0],[247.0],[257.0],[216.0],[39.0]
297,[38.0],[37.0],[15.0],[147.0],[312.0],[167.0],[135.0],[216.0],[85.0],[321.0],[52.0],[68.0],[311.0],[273.0],[106.0],[214.0],[168.0],[238.0],[221.0],[365.0],[215.0],[365.0],[215.0],[213.0],[186.0],[147.0],[72.0],[134.0],[176.0],[185.0],[311.0],[107.0],[266.0],[86.0],[107.0],[281.0],[321.0],[193.0],[118.0],[230.0],[283.0],[193.0],[237.0],[147.0],[130.0],[143.0],[213.0],[68.0],[85.0],[319.0],[268.0],[105.0],[247.0],[313.0],[253.0],[239.0],[215.0],[215.0],[16.0],[214.0],[356.0],[235.0],[167.0],[199.0],[237.0],[311.0],[252.0],[216.0],[265.0],[312.0],[239.0],[365.0],[172.0],[45.0],[132.0],[337.0],[252.0],[235.0],[338.0],[172.0],[234.0],[170.0],[96.0],[230.0],[348.0],[253.0],[205.0],[255.0],[167.0],[128.0],[151.0],[382.0],[88.0],[272.0],[294.0],[257.0],[168.0],[255.0],[272.0],[192.0]
298,[128.0],[320.0],[63.0],[253.0],[220.0],[192.0],[172.0],[349.0],[270.0],[199.0],[37.0],[247.0],[257.0],[16.0],[221.0],[348.0],[167.0],[85.0],[253.0],[134.0],[127.0],[143.0],[106.0],[192.0],[213.0],[176.0],[237.0],[86.0],[356.0],[105.0],[157.0],[314.0],[321.0],[338.0],[15.0],[213.0],[215.0],[16.0],[265.0],[311.0],[236.0],[93.0],[215.0],[157.0],[250.0],[193.0],[260.0],[205.0],[86.0],[260.0],[338.0],[213.0],[15.0],[227.0],[365.0],[234.0],[106.0],[186.0],[217.0],[261.0],[319.0],[215.0],[204.0],[15.0],[63.0],[339.0],[182.0],[252.0],[239.0],[253.0],[282.0],[147.0],[384.0],[356.0],[220.0],[130.0],[147.0],[132.0],[348.0],[273.0],[331.0],[320.0],[219.0],[270.0],[215.0],[205.0],[273.0],[188.0],[194.0],[289.0],[143.0],[68.0],[235.0],[105.0],[172.0],[147.0],[72.0],[331.0],[322.0],[331.0]
299,[15.0],[237.0],[167.0],[252.0],[272.0],[128.0],[253.0],[24.0],[227.0],[182.0],[38.0],[66.0],[85.0],[134.0],[356.0],[237.0],[130.0],[331.0],[193.0],[24.0],[147.0],[194.0],[114.0],[257.0],[338.0],[186.0],[192.0],[268.0],[15.0],[235.0],[205.0],[322.0],[194.0],[72.0],[172.0],[365.0],[136.0],[88.0],[204.0],[37.0],[314.0],[255.0],[260.0],[214.0],[257.0],[147.0],[86.0],[182.0],[250.0],[338.0],[273.0],[265.0],[237.0],[134.0],[257.0],[63.0],[338.0],[66.0],[283.0],[68.0],[188.0],[176.0],[322.0],[205.0],[192.0],[273.0],[349.0],[136.0],[16.0],[363.0],[38.0],[322.0],[167.0],[38.0],[254.0],[68.0],[365.0],[199.0],[147.0],[182.0],[16.0],[289.0],[188.0],[348.0],[193.0],[349.0],[85.0],[85.0],[250.0],[265.0],[272.0],[221.0],[239.0],[213.0],[184.0],[250.0],[349.0],[356.0],[348.0],[213.0]
300,[219.0],[86.0],[68.0],[247.0],[252.0],[68.0],[371.0],[313.0],[320.0],[105.0],[257.0],[322.0],[270.0],[135.0],[68.0],[157.0],[331.0],[204.0],[88.0],[279.0],[281.0],[37.0],[219.0],[24.0],[356.0],[130.0],[282.0],[320.0],[239.0],[194.0],[170.0],[167.0],[314.0],[213.0],[215.0],[132.0],[356.0],[271.0],[194.0],[248.0],[270.0],[68.0],[247.0],[337.0],[15.0],[16.0],[279.0],[85.0],[16.0],[337.0],[356.0],[221.0],[349.0],[105.0],[86.0],[135.0],[63.0],[289.0],[213.0],[192.0],[302.0],[239.0],[194.0],[194.0],[169.0],[184.0],[136.0],[257.0],[283.0],[170.0],[147.0],[235.0],[230.0],[86.0],[205.0],[34.0],[338.0],[115.0],[238.0],[15.0],[356.0],[63.0],[320.0],[93.0],[283.0],[105.0],[260.0],[253.0],[16.0],[253.0],[260.0],[199.0],[337.0],[68.0],[338.0],[135.0],[282.0],[338.0],[273.0],[239.0]
301,[217.0],[16.0],[86.0],[250.0],[219.0],[257.0],[320.0],[322.0],[15.0],[212.0],[220.0],[338.0],[182.0],[331.0],[305.0],[134.0],[232.0],[273.0],[105.0],[85.0],[214.0],[322.0],[184.0],[313.0],[184.0],[221.0],[230.0],[205.0],[337.0],[234.0],[215.0],[235.0],[283.0],[348.0],[239.0],[72.0],[172.0],[199.0],[260.0],[270.0],[282.0],[252.0],[365.0],[41.0],[16.0],[188.0],[331.0],[356.0],[365.0],[188.0],[170.0],[356.0],[268.0],[16.0],[266.0],[37.0],[185.0],[182.0],[371.0],[337.0],[205.0],[261.0],[135.0],[85.0],[93.0],[194.0],[157.0],[167.0],[282.0],[217.0],[136.0],[169.0],[215.0],[147.0],[339.0],[312.0],[396.0],[312.0],[252.0],[188.0],[167.0],[312.0],[235.0],[128.0],[214.0],[220.0],[172.0],[192.0],[88.0],[16.0],[141.0],[128.0],[167.0],[312.0],[230.0],[182.0],[273.0],[273.0],[268.0],[289.0]
302,[199.0],[204.0],[363.0],[235.0],[193.0],[88.0],[311.0],[338.0],[136.0],[147.0],[371.0],[172.0],[38.0],[251.0],[170.0],[260.0],[365.0],[130.0],[130.0],[182.0],[273.0],[205.0],[356.0],[230.0],[365.0],[349.0],[312.0],[147.0],[214.0],[337.0],[15.0],[237.0],[86.0],[37.0],[265.0],[338.0],[272.0],[254.0],[270.0],[266.0],[349.0],[260.0],[236.0],[217.0],[185.0],[348.0],[85.0],[337.0],[312.0],[237.0],[265.0],[141.0],[214.0],[337.0],[255.0],[337.0],[105.0],[221.0],[41.0],[217.0],[147.0],[107.0],[172.0],[213.0],[396.0],[99.0],[322.0],[128.0],[279.0],[337.0],[215.0],[204.0],[313.0],[37.0],[130.0],[273.0],[265.0],[172.0],[230.0],[85.0],[221.0],[370.0],[167.0],[88.0],[147.0],[214.0],[86.0],[182.0],[214.0],[212.0],[356.0],[227.0],[250.0],[147.0],[289.0],[192.0],[88.0],[193.0],[230.0],[257.0]
303,[337.0],[232.0],[279.0],[268.0],[215.0],[107.0],[217.0],[253.0],[215.0],[204.0],[268.0],[157.0],[176.0],[184.0],[247.0],[184.0],[260.0],[266.0],[313.0],[320.0],[311.0],[337.0],[279.0],[105.0],[194.0],[212.0],[37.0],[237.0],[255.0],[289.0],[338.0],[257.0],[16.0],[337.0],[254.0],[85.0],[194.0],[250.0],[215.0],[320.0],[213.0],[236.0],[219.0],[143.0],[255.0],[322.0],[130.0],[294.0],[282.0],[68.0],[147.0],[260.0],[322.0],[348.0],[185.0],[219.0],[69.0],[184.0],[135.0],[230.0],[396.0],[157.0],[356.0],[130.0],[235.0],[338.0],[69.0],[194.0],[294.0],[114.0],[273.0],[37.0],[349.0],[172.0],[265.0],[15.0],[385.0],[38.0],[106.0],[260.0],[15.0],[41.0],[289.0],[194.0],[314.0],[266.0],[188.0],[313.0],[371.0],[314.0],[172.0],[88.0],[365.0],[322.0],[212.0],[215.0],[217.0],[184.0],[143.0],[339.0]
304,[176.0],[236.0],[215.0],[365.0],[371.0],[368.0],[321.0],[88.0],[221.0],[170.0],[281.0],[289.0],[219.0],[215.0],[107.0],[338.0],[16.0],[322.0],[99.0],[157.0],[250.0],[135.0],[85.0],[312.0],[219.0],[313.0],[331.0],[235.0],[127.0],[260.0],[230.0],[252.0],[128.0],[85.0],[16.0],[250.0],[237.0],[236.0],[322.0],[348.0],[356.0],[184.0],[217.0],[184.0],[184.0],[314.0],[255.0],[213.0],[363.0],[204.0],[167.0],[205.0],[273.0],[194.0],[135.0],[260.0],[314.0],[172.0],[313.0],[312.0],[338.0],[272.0],[16.0],[313.0],[282.0],[186.0],[265.0],[289.0],[272.0],[185.0],[283.0],[167.0],[69.0],[72.0],[349.0],[250.0],[169.0],[184.0],[265.0],[221.0],[396.0],[281.0],[16.0],[314.0],[213.0],[273.0],[130.0],[237.0],[294.0],[273.0],[41.0],[194.0],[252.0],[273.0],[143.0],[167.0],[289.0],[337.0],[41.0],[356.0]
305,[266.0],[254.0],[221.0],[204.0],[41.0],[157.0],[313.0],[204.0],[88.0],[37.0],[250.0],[182.0],[192.0],[88.0],[130.0],[188.0],[192.0],[194.0],[132.0],[199.0],[172.0],[72.0],[257.0],[272.0],[266.0],[236.0],[107.0],[151.0],[157.0],[15.0],[348.0],[282.0],[106.0],[176.0],[130.0],[331.0],[252.0],[182.0],[130.0],[220.0],[312.0],[170.0],[205.0],[338.0],[260.0],[194.0],[339.0],[236.0],[339.0],[312.0],[312.0],[72.0],[147.0],[37.0],[281.0],[204.0],[322.0],[314.0],[221.0],[339.0],[230.0],[279.0],[337.0],[254.0],[204.0],[312.0],[167.0],[69.0],[312.0],[257.0],[314.0],[320.0],[147.0],[213.0],[311.0],[257.0],[68.0],[260.0],[107.0],[167.0],[134.0],[127.0],[312.0],[214.0],[128.0],[260.0],[128.0],[147.0],[338.0],[268.0],[107.0],[250.0],[188.0],[283.0],[16.0],[356.0],[167.0],[313.0],[217.0],[130.0]
306,[184.0],[260.0],[69.0],[40.0],[337.0],[176.0],[212.0],[265.0],[204.0],[136.0],[134.0],[88.0],[68.0],[176.0],[184.0],[235.0],[184.0],[86.0],[230.0],[142.0],[313.0],[314.0],[212.0],[232.0],[136.0],[192.0],[167.0],[72.0],[338.0],[257.0],[192.0],[157.0],[167.0],[314.0],[142.0],[337.0],[257.0],[194.0],[147.0],[182.0],[234.0],[86.0],[250.0],[66.0],[107.0],[170.0],[232.0],[321.0],[182.0],[270.0],[217.0],[37.0],[98.0],[157.0],[184.0],[41.0],[235.0],[272.0],[184.0],[134.0],[107.0],[16.0],[41.0],[338.0],[194.0],[192.0],[193.0],[230.0],[15.0],[338.0],[365.0],[217.0],[268.0],[311.0],[135.0],[167.0],[235.0],[135.0],[188.0],[349.0],[313.0],[168.0],[294.0],[281.0],[266.0],[320.0],[106.0],[37.0],[215.0],[134.0],[255.0],[321.0],[130.0],[337.0],[193.0],[86.0],[265.0],[205.0],[221.0],[182.0]
307,[151.0],[192.0],[237.0],[37.0],[85.0],[371.0],[282.0],[169.0],[167.0],[281.0],[107.0],[219.0],[72.0],[365.0],[260.0],[86.0],[66.0],[356.0],[254.0],[105.0],[320.0],[204.0],[127.0],[208.0],[68.0],[305.0],[204.0],[130.0],[312.0],[72.0],[265.0],[16.0],[257.0],[214.0],[147.0],[239.0],[214.0],[176.0],[127.0],[321.0],[238.0],[16.0],[311.0],[205.0],[265.0],[168.0],[167.0],[143.0],[199.0],[220.0],[40.0],[279.0],[235.0],[349.0],[16.0],[172.0],[260.0],[282.0],[338.0],[204.0],[61.0],[232.0],[182.0],[265.0],[135.0],[93.0],[312.0],[182.0],[1.0],[266.0],[363.0],[257.0],[312.0],[232.0],[270.0],[217.0],[192.0],[227.0],[319.0],[64.0],[337.0],[235.0],[237.0],[172.0],[217.0],[87.0],[239.0],[235.0],[213.0],[213.0],[281.0],[182.0],[37.0],[157.0],[313.0],[331.0],[135.0],[38.0],[260.0],[321.0]
308,[227.0],[266.0],[232.0],[220.0],[339.0],[312.0],[214.0],[134.0],[237.0],[192.0],[322.0],[99.0],[266.0],[271.0],[230.0],[136.0],[41.0],[235.0],[371.0],[270.0],[99.0],[220.0],[260.0],[172.0],[188.0],[338.0],[365.0],[132.0],[257.0],[118.0],[204.0],[337.0],[289.0],[157.0],[279.0],[289.0],[348.0],[127.0],[365.0],[250.0],[16.0],[371.0],[212.0],[365.0],[232.0],[214.0],[313.0],[168.0],[279.0],[75.0],[185.0],[114.0],[356.0],[266.0],[220.0],[253.0],[273.0],[41.0],[130.0],[186.0],[85.0],[356.0],[305.0],[227.0],[314.0],[237.0],[271.0],[37.0],[147.0],[107.0],[220.0],[259.0],[15.0],[88.0],[38.0],[213.0],[260.0],[220.0],[255.0],[337.0],[135.0],[252.0],[176.0],[260.0],[260.0],[294.0],[313.0],[204.0],[41.0],[204.0],[365.0],[289.0],[312.0],[205.0],[365.0],[320.0],[356.0],[87.0],[235.0],[230.0]
309,[252.0],[15.0],[236.0],[105.0],[134.0],[247.0],[234.0],[72.0],[314.0],[185.0],[272.0],[62.0],[321.0],[167.0],[205.0],[311.0],[188.0],[349.0],[41.0],[235.0],[38.0],[107.0],[194.0],[72.0],[237.0],[188.0],[135.0],[176.0],[230.0],[313.0],[266.0],[63.0],[356.0],[217.0],[86.0],[135.0],[312.0],[147.0],[320.0],[273.0],[337.0],[188.0],[184.0],[88.0],[66.0],[34.0],[193.0],[312.0],[235.0],[314.0],[305.0],[237.0],[312.0],[255.0],[312.0],[69.0],[194.0],[239.0],[247.0],[69.0],[235.0],[204.0],[321.0],[182.0],[62.0],[147.0],[232.0],[93.0],[176.0],[128.0],[279.0],[151.0],[85.0],[230.0],[312.0],[254.0],[204.0],[204.0],[356.0],[45.0],[257.0],[135.0],[147.0],[16.0],[69.0],[72.0],[339.0],[169.0],[205.0],[167.0],[37.0],[41.0],[193.0],[214.0],[305.0],[199.0],[85.0],[322.0],[238.0],[338.0]
310,[281.0],[268.0],[321.0],[349.0],[86.0],[260.0],[265.0],[294.0],[305.0],[217.0],[119.0],[184.0],[322.0],[93.0],[234.0],[185.0],[273.0],[72.0],[232.0],[331.0],[282.0],[313.0],[337.0],[338.0],[271.0],[322.0],[217.0],[220.0],[279.0],[312.0],[363.0],[134.0],[281.0],[237.0],[182.0],[68.0],[236.0],[235.0],[252.0],[88.0],[281.0],[337.0],[199.0],[182.0],[331.0],[365.0],[248.0],[260.0],[188.0],[69.0],[169.0],[252.0],[16.0],[93.0],[313.0],[85.0],[41.0],[147.0],[193.0],[260.0],[266.0],[314.0],[214.0],[134.0],[230.0],[16.0],[115.0],[205.0],[86.0],[168.0],[214.0],[107.0],[199.0],[257.0],[235.0],[147.0],[217.0],[194.0],[168.0],[234.0],[128.0],[86.0],[322.0],[331.0],[313.0],[204.0],[253.0],[254.0],[66.0],[338.0],[270.0],[185.0],[157.0],[220.0],[236.0],[230.0],[281.0],[143.0],[69.0],[214.0]
311,[235.0],[239.0],[135.0],[98.0],[16.0],[86.0],[130.0],[128.0],[188.0],[365.0],[105.0],[147.0],[172.0],[68.0],[257.0],[167.0],[261.0],[337.0],[93.0],[260.0],[66.0],[188.0],[205.0],[37.0],[265.0],[153.0],[143.0],[236.0],[86.0],[88.0],[188.0],[37.0],[87.0],[230.0],[220.0],[322.0],[331.0],[337.0],[135.0],[147.0],[135.0],[290.0],[41.0],[86.0],[235.0],[260.0],[322.0],[230.0],[331.0],[62.0],[234.0],[232.0],[205.0],[289.0],[193.0],[142.0],[199.0],[157.0],[169.0],[396.0],[37.0],[337.0],[62.0],[68.0],[257.0],[239.0],[320.0],[127.0],[221.0],[130.0],[204.0],[63.0],[213.0],[220.0],[266.0],[45.0],[40.0],[167.0],[212.0],[289.0],[322.0],[339.0],[272.0],[15.0],[305.0],[69.0],[176.0],[157.0],[217.0],[37.0],[322.0],[193.0],[184.0],[252.0],[349.0],[313.0],[257.0],[321.0],[128.0],[143.0]
312,[253.0],[66.0],[193.0],[273.0],[223.0],[235.0],[338.0],[184.0],[260.0],[349.0],[337.0],[235.0],[239.0],[107.0],[348.0],[253.0],[147.0],[234.0],[86.0],[273.0],[322.0],[184.0],[236.0],[234.0],[313.0],[38.0],[127.0],[313.0],[184.0],[305.0],[322.0],[215.0],[260.0],[39.0],[143.0],[232.0],[128.0],[312.0],[66.0],[172.0],[134.0],[69.0],[213.0],[107.0],[365.0],[205.0],[214.0],[72.0],[255.0],[266.0],[41.0],[230.0],[250.0],[239.0],[85.0],[217.0],[250.0],[254.0],[227.0],[265.0],[15.0],[365.0],[215.0],[69.0],[239.0],[236.0],[106.0],[185.0],[213.0],[273.0],[15.0],[88.0],[273.0],[214.0],[282.0],[260.0],[184.0],[127.0],[220.0],[338.0],[176.0],[257.0],[72.0],[107.0],[220.0],[128.0],[254.0],[212.0],[147.0],[85.0],[217.0],[348.0],[85.0],[230.0],[273.0],[260.0],[41.0],[80.0],[265.0],[184.0]
313,[268.0],[214.0],[72.0],[337.0],[302.0],[205.0],[128.0],[157.0],[128.0],[168.0],[305.0],[312.0],[86.0],[227.0],[15.0],[322.0],[75.0],[239.0],[331.0],[236.0],[86.0],[127.0],[322.0],[255.0],[382.0],[220.0],[371.0],[260.0],[238.0],[41.0],[313.0],[234.0],[253.0],[105.0],[85.0],[127.0],[239.0],[279.0],[338.0],[349.0],[265.0],[186.0],[338.0],[221.0],[230.0],[356.0],[168.0],[86.0],[227.0],[66.0],[282.0],[365.0],[239.0],[205.0],[107.0],[279.0],[217.0],[313.0],[107.0],[255.0],[365.0],[194.0],[282.0],[255.0],[130.0],[169.0],[273.0],[220.0],[105.0],[188.0],[199.0],[68.0],[322.0],[265.0],[215.0],[47.0],[322.0],[239.0],[221.0],[134.0],[312.0],[215.0],[338.0],[257.0],[281.0],[182.0],[204.0],[348.0],[69.0],[260.0],[235.0],[257.0],[87.0],[279.0],[237.0],[337.0],[266.0],[68.0],[312.0],[348.0]
314,[114.0],[167.0],[270.0],[283.0],[239.0],[215.0],[230.0],[331.0],[281.0],[107.0],[236.0],[169.0],[237.0],[194.0],[99.0],[238.0],[185.0],[313.0],[213.0],[266.0],[221.0],[239.0],[237.0],[363.0],[15.0],[356.0],[281.0],[105.0],[260.0],[50.0],[314.0],[136.0],[254.0],[320.0],[188.0],[204.0],[322.0],[215.0],[313.0],[68.0],[220.0],[312.0],[134.0],[127.0],[221.0],[40.0],[239.0],[253.0],[132.0],[134.0],[205.0],[182.0],[220.0],[130.0],[192.0],[322.0],[86.0],[322.0],[266.0],[234.0],[127.0],[257.0],[363.0],[220.0],[371.0],[86.0],[185.0],[337.0],[114.0],[193.0],[88.0],[237.0],[235.0],[204.0],[106.0],[279.0],[348.0],[214.0],[85.0],[204.0],[168.0],[322.0],[337.0],[253.0],[337.0],[114.0],[220.0],[16.0],[72.0],[168.0],[363.0],[204.0],[356.0],[194.0],[356.0],[312.0],[235.0],[294.0],[254.0],[282.0]
315,[363.0],[41.0],[349.0],[69.0],[253.0],[363.0],[134.0],[312.0],[254.0],[157.0],[192.0],[89.0],[235.0],[72.0],[157.0],[128.0],[214.0],[312.0],[320.0],[272.0],[205.0],[16.0],[312.0],[331.0],[305.0],[266.0],[322.0],[312.0],[219.0],[214.0],[279.0],[214.0],[337.0],[185.0],[72.0],[192.0],[135.0],[314.0],[234.0],[356.0],[93.0],[127.0],[176.0],[169.0],[93.0],[85.0],[312.0],[135.0],[337.0],[265.0],[105.0],[16.0],[68.0],[257.0],[93.0],[147.0],[272.0],[265.0],[254.0],[128.0],[234.0],[311.0],[257.0],[38.0],[337.0],[134.0],[221.0],[130.0],[37.0],[349.0],[68.0],[363.0],[254.0],[107.0],[356.0],[215.0],[282.0],[279.0],[69.0],[266.0],[302.0],[185.0],[363.0],[237.0],[37.0],[147.0],[221.0],[268.0],[254.0],[266.0],[16.0],[356.0],[321.0],[128.0],[314.0],[305.0],[255.0],[136.0],[338.0],[272.0]
316,[69.0],[157.0],[234.0],[312.0],[204.0],[99.0],[37.0],[40.0],[337.0],[268.0],[204.0],[16.0],[141.0],[235.0],[16.0],[193.0],[338.0],[193.0],[66.0],[69.0],[105.0],[185.0],[204.0],[134.0],[205.0],[312.0],[136.0],[204.0],[217.0],[204.0],[41.0],[289.0],[72.0],[220.0],[302.0],[75.0],[193.0],[234.0],[168.0],[322.0],[257.0],[215.0],[192.0],[253.0],[176.0],[338.0],[220.0],[314.0],[252.0],[16.0],[322.0],[235.0],[69.0],[338.0],[230.0],[365.0],[227.0],[236.0],[199.0],[221.0],[130.0],[88.0],[185.0],[252.0],[254.0],[135.0],[239.0],[72.0],[188.0],[15.0],[157.0],[337.0],[169.0],[193.0],[250.0],[237.0],[220.0],[321.0],[311.0],[313.0],[85.0],[265.0],[236.0],[193.0],[135.0],[331.0],[312.0],[87.0],[237.0],[157.0],[337.0],[66.0],[279.0],[169.0],[88.0],[282.0],[37.0],[236.0],[337.0],[68.0]
317,[127.0],[190.0],[157.0],[66.0],[311.0],[38.0],[87.0],[230.0],[250.0],[235.0],[127.0],[313.0],[204.0],[311.0],[346.0],[168.0],[230.0],[257.0],[322.0],[188.0],[213.0],[279.0],[234.0],[322.0],[348.0],[337.0],[234.0],[199.0],[237.0],[221.0],[130.0],[312.0],[15.0],[312.0],[257.0],[254.0],[38.0],[214.0],[230.0],[337.0],[217.0],[172.0],[356.0],[69.0],[88.0],[185.0],[135.0],[176.0],[66.0],[93.0],[252.0],[128.0],[184.0],[230.0],[322.0],[16.0],[220.0],[253.0],[279.0],[135.0],[322.0],[147.0],[235.0],[128.0],[107.0],[212.0],[338.0],[239.0],[135.0],[237.0],[236.0],[205.0],[234.0],[134.0],[371.0],[205.0],[157.0],[134.0],[193.0],[220.0],[294.0],[234.0],[239.0],[313.0],[230.0],[93.0],[227.0],[176.0],[134.0],[215.0],[236.0],[220.0],[260.0],[338.0],[66.0],[227.0],[98.0],[135.0],[85.0],[259.0]
318,[213.0],[257.0],[185.0],[41.0],[199.0],[236.0],[193.0],[192.0],[232.0],[106.0],[239.0],[188.0],[313.0],[282.0],[169.0],[105.0],[313.0],[167.0],[215.0],[37.0],[337.0],[266.0],[217.0],[270.0],[337.0],[314.0],[85.0],[85.0],[185.0],[134.0],[260.0],[281.0],[41.0],[236.0],[338.0],[260.0],[107.0],[232.0],[63.0],[363.0],[268.0],[169.0],[15.0],[115.0],[356.0],[221.0],[128.0],[107.0],[127.0],[268.0],[239.0],[147.0],[127.0],[85.0],[259.0],[220.0],[37.0],[176.0],[85.0],[313.0],[204.0],[212.0],[89.0],[281.0],[217.0],[322.0],[339.0],[232.0],[338.0],[68.0],[266.0],[16.0],[266.0],[85.0],[337.0],[363.0],[349.0],[99.0],[185.0],[232.0],[365.0],[338.0],[86.0],[337.0],[282.0],[305.0],[147.0],[15.0],[260.0],[220.0],[66.0],[294.0],[338.0],[313.0],[234.0],[363.0],[232.0],[88.0],[215.0],[85.0]
319,[234.0],[69.0],[239.0],[260.0],[236.0],[331.0],[88.0],[337.0],[192.0],[220.0],[153.0],[265.0],[188.0],[170.0],[363.0],[217.0],[257.0],[184.0],[127.0],[72.0],[289.0],[257.0],[253.0],[169.0],[279.0],[41.0],[272.0],[365.0],[272.0],[266.0],[250.0],[272.0],[176.0],[204.0],[214.0],[221.0],[235.0],[227.0],[257.0],[128.0],[88.0],[217.0],[169.0],[356.0],[167.0],[253.0],[204.0],[127.0],[87.0],[313.0],[337.0],[93.0],[232.0],[169.0],[127.0],[176.0],[266.0],[167.0],[168.0],[320.0],[135.0],[234.0],[312.0],[239.0],[72.0],[235.0],[266.0],[254.0],[87.0],[135.0],[257.0],[273.0],[236.0],[279.0],[88.0],[238.0],[128.0],[86.0],[135.0],[239.0],[204.0],[205.0],[254.0],[37.0],[205.0],[314.0],[232.0],[128.0],[61.0],[130.0],[87.0],[253.0],[199.0],[135.0],[128.0],[322.0],[322.0],[176.0],[212.0],[87.0]
320,[314.0],[322.0],[188.0],[217.0],[338.0],[204.0],[190.0],[220.0],[322.0],[312.0],[338.0],[167.0],[130.0],[363.0],[265.0],[169.0],[337.0],[128.0],[72.0],[214.0],[279.0],[87.0],[188.0],[168.0],[253.0],[234.0],[227.0],[106.0],[69.0],[128.0],[219.0],[250.0],[185.0],[170.0],[204.0],[305.0],[217.0],[265.0],[312.0],[312.0],[188.0],[147.0],[337.0],[257.0],[312.0],[312.0],[236.0],[88.0],[338.0],[87.0],[135.0],[125.0],[279.0],[221.0],[132.0],[130.0],[188.0],[312.0],[64.0],[266.0],[153.0],[199.0],[239.0],[204.0],[338.0],[15.0],[205.0],[41.0],[193.0],[356.0],[339.0],[349.0],[338.0],[255.0],[199.0],[185.0],[214.0],[217.0],[279.0],[305.0],[279.0],[217.0],[270.0],[239.0],[188.0],[85.0],[135.0],[130.0],[128.0],[205.0],[168.0],[268.0],[363.0],[305.0],[86.0],[279.0],[321.0],[232.0],[282.0],[157.0]
321,[205.0],[93.0],[220.0],[237.0],[238.0],[89.0],[168.0],[356.0],[234.0],[219.0],[312.0],[37.0],[265.0],[338.0],[168.0],[68.0],[107.0],[88.0],[239.0],[322.0],[68.0],[193.0],[170.0],[115.0],[227.0],[62.0],[338.0],[136.0],[236.0],[205.0],[86.0],[64.0],[313.0],[193.0],[230.0],[167.0],[227.0],[283.0],[337.0],[253.0],[331.0],[232.0],[257.0],[268.0],[266.0],[237.0],[305.0],[105.0],[322.0],[254.0],[199.0],[135.0],[204.0],[237.0],[235.0],[170.0],[213.0],[15.0],[273.0],[253.0],[313.0],[205.0],[205.0],[215.0],[205.0],[337.0],[134.0],[234.0],[236.0],[279.0],[69.0],[312.0],[127.0],[337.0],[272.0],[89.0],[75.0],[192.0],[337.0],[250.0],[188.0],[356.0],[266.0],[217.0],[85.0],[38.0],[41.0],[305.0],[93.0],[188.0],[273.0],[86.0],[227.0],[260.0],[312.0],[239.0],[234.0],[312.0],[38.0],[312.0]
322,[322.0],[365.0],[250.0],[257.0],[230.0],[214.0],[356.0],[237.0],[223.0],[143.0],[169.0],[311.0],[88.0],[250.0],[331.0],[349.0],[305.0],[338.0],[250.0],[167.0],[312.0],[232.0],[135.0],[204.0],[107.0],[279.0],[188.0],[87.0],[234.0],[363.0],[107.0],[279.0],[127.0],[184.0],[217.0],[220.0],[41.0],[257.0],[205.0],[279.0],[338.0],[204.0],[88.0],[128.0],[322.0],[321.0],[253.0],[212.0],[205.0],[194.0],[227.0],[234.0],[134.0],[279.0],[130.0],[205.0],[253.0],[234.0],[188.0],[236.0],[128.0],[230.0],[221.0],[283.0],[89.0],[127.0],[72.0],[188.0],[363.0],[254.0],[265.0],[38.0],[205.0],[250.0],[236.0],[37.0],[167.0],[128.0],[130.0],[265.0],[184.0],[337.0],[69.0],[363.0],[252.0],[184.0],[72.0],[338.0],[312.0],[279.0],[208.0],[337.0],[168.0],[88.0],[157.0],[16.0],[185.0],[128.0],[167.0],[199.0]
323,[41.0],[294.0],[205.0],[75.0],[62.0],[130.0],[93.0],[188.0],[86.0],[322.0],[69.0],[69.0],[167.0],[62.0],[232.0],[356.0],[135.0],[188.0],[337.0],[130.0],[272.0],[272.0],[66.0],[135.0],[147.0],[128.0],[130.0],[257.0],[232.0],[157.0],[337.0],[220.0],[312.0],[313.0],[237.0],[41.0],[127.0],[190.0],[220.0],[314.0],[204.0],[134.0],[314.0],[237.0],[348.0],[213.0],[88.0],[194.0],[220.0],[321.0],[220.0],[134.0],[88.0],[305.0],[270.0],[236.0],[257.0],[127.0],[69.0],[272.0],[331.0],[201.0],[279.0],[62.0],[232.0],[170.0],[314.0],[266.0],[223.0],[16.0],[230.0],[279.0],[232.0],[363.0],[279.0],[239.0],[41.0],[68.0],[266.0],[128.0],[338.0],[279.0],[38.0],[220.0],[312.0],[199.0],[371.0],[205.0],[184.0],[363.0],[257.0],[85.0],[236.0],[188.0],[217.0],[157.0],[89.0],[130.0],[176.0],[107.0]
324,[130.0],[199.0],[322.0],[279.0],[192.0],[314.0],[107.0],[255.0],[168.0],[265.0],[255.0],[260.0],[356.0],[213.0],[193.0],[227.0],[217.0],[201.0],[204.0],[205.0],[252.0],[15.0],[214.0],[127.0],[192.0],[257.0],[337.0],[40.0],[87.0],[40.0],[134.0],[219.0],[134.0],[205.0],[127.0],[356.0],[234.0],[128.0],[311.0],[272.0],[205.0],[239.0],[322.0],[37.0],[236.0],[99.0],[184.0],[273.0],[128.0],[223.0],[204.0],[282.0],[217.0],[235.0],[128.0],[230.0],[204.0],[213.0],[337.0],[184.0],[232.0],[130.0],[192.0],[236.0],[193.0],[220.0],[236.0],[265.0],[227.0],[313.0],[232.0],[172.0],[99.0],[69.0],[313.0],[193.0],[230.0],[157.0],[192.0],[312.0],[239.0],[305.0],[37.0],[259.0],[88.0],[337.0],[169.0],[321.0],[279.0],[184.0],[64.0],[40.0],[99.0],[72.0],[134.0],[236.0],[305.0],[235.0],[220.0],[322.0]
325,[305.0],[337.0],[312.0],[184.0],[279.0],[396.0],[185.0],[205.0],[107.0],[169.0],[279.0],[220.0],[220.0],[257.0],[188.0],[220.0],[322.0],[363.0],[169.0],[220.0],[220.0],[99.0],[134.0],[184.0],[93.0],[86.0],[305.0],[363.0],[41.0],[107.0],[176.0],[38.0],[204.0],[88.0],[169.0],[130.0],[88.0],[99.0],[68.0],[204.0],[15.0],[279.0],[106.0],[312.0],[214.0],[212.0],[266.0],[279.0],[236.0],[176.0],[130.0],[236.0],[260.0],[265.0],[239.0],[254.0],[205.0],[331.0],[356.0],[72.0],[337.0],[169.0],[85.0],[168.0],[15.0],[85.0],[62.0],[213.0],[237.0],[89.0],[338.0],[72.0],[41.0],[170.0],[253.0],[282.0],[205.0],[230.0],[87.0],[365.0],[236.0],[230.0],[321.0],[135.0],[272.0],[312.0],[279.0],[88.0],[239.0],[232.0],[261.0],[132.0],[204.0],[199.0],[266.0],[107.0],[205.0],[279.0],[339.0],[265.0]
326,[230.0],[220.0],[273.0],[259.0],[237.0],[188.0],[257.0],[221.0],[282.0],[41.0],[62.0],[128.0],[41.0],[168.0],[365.0],[312.0],[127.0],[232.0],[237.0],[87.0],[184.0],[311.0],[254.0],[85.0],[134.0],[281.0],[239.0],[266.0],[305.0],[37.0],[236.0],[85.0],[205.0],[259.0],[66.0],[236.0],[279.0],[282.0],[279.0],[232.0],[239.0],[89.0],[232.0],[270.0],[72.0],[69.0],[107.0],[199.0],[266.0],[305.0],[279.0],[190.0],[236.0],[214.0],[268.0],[213.0],[176.0],[16.0],[305.0],[130.0],[221.0],[254.0],[64.0],[259.0],[279.0],[213.0],[279.0],[237.0],[253.0],[205.0],[268.0],[220.0],[337.0],[135.0],[338.0],[107.0],[115.0],[257.0],[128.0],[282.0],[199.0],[193.0],[253.0],[205.0],[237.0],[234.0],[127.0],[236.0],[253.0],[41.0],[232.0],[157.0],[72.0],[254.0],[167.0],[232.0],[194.0],[365.0],[236.0],[72.0]
327,[265.0],[38.0],[176.0],[162.0],[205.0],[337.0],[169.0],[66.0],[72.0],[272.0],[93.0],[192.0],[205.0],[157.0],[252.0],[127.0],[93.0],[237.0],[220.0],[16.0],[69.0],[282.0],[41.0],[99.0],[239.0],[237.0],[252.0],[193.0],[37.0],[68.0],[69.0],[176.0],[221.0],[130.0],[253.0],[266.0],[130.0],[253.0],[266.0],[265.0],[69.0],[72.0],[93.0],[135.0],[281.0],[337.0],[105.0],[338.0],[305.0],[213.0],[88.0],[266.0],[188.0],[188.0],[337.0],[208.0],[16.0],[220.0],[270.0],[172.0],[41.0],[220.0],[254.0],[127.0],[213.0],[41.0],[227.0],[312.0],[88.0],[204.0],[41.0],[188.0],[279.0],[253.0],[168.0],[338.0],[339.0],[305.0],[254.0],[169.0],[314.0],[313.0],[279.0],[188.0],[265.0],[130.0],[338.0],[127.0],[85.0],[38.0],[105.0],[176.0],[272.0],[257.0],[205.0],[72.0],[337.0],[282.0],[88.0],[167.0]
328,[220.0],[363.0],[259.0],[213.0],[234.0],[227.0],[349.0],[259.0],[279.0],[34.0],[185.0],[236.0],[312.0],[260.0],[254.0],[223.0],[281.0],[169.0],[279.0],[237.0],[75.0],[217.0],[266.0],[68.0],[312.0],[69.0],[214.0],[356.0],[72.0],[169.0],[305.0],[239.0],[279.0],[266.0],[89.0],[128.0],[232.0],[252.0],[208.0],[338.0],[168.0],[221.0],[69.0],[321.0],[313.0],[363.0],[237.0],[282.0],[257.0],[230.0],[193.0],[204.0],[234.0],[101.0],[232.0],[88.0],[305.0],[356.0],[205.0],[220.0],[279.0],[115.0],[38.0],[230.0],[266.0],[130.0],[15.0],[215.0],[254.0],[259.0],[16.0],[260.0],[305.0],[266.0],[213.0],[184.0],[127.0],[221.0],[184.0],[257.0],[219.0],[213.0],[220.0],[312.0],[169.0],[127.0],[132.0],[220.0],[130.0],[236.0],[184.0],[205.0],[220.0],[266.0],[130.0],[205.0],[38.0],[62.0],[363.0],[38.0]
329,[170.0],[227.0],[89.0],[313.0],[260.0],[338.0],[192.0],[38.0],[41.0],[257.0],[230.0],[234.0],[230.0],[265.0],[87.0],[38.0],[227.0],[205.0],[257.0],[128.0],[235.0],[190.0],[193.0],[254.0],[260.0],[88.0],[254.0],[107.0],[193.0],[272.0],[221.0],[127.0],[236.0],[38.0],[205.0],[279.0],[69.0],[169.0],[305.0],[313.0],[130.0],[192.0],[363.0],[314.0],[212.0],[268.0],[205.0],[221.0],[192.0],[205.0],[281.0],[239.0],[259.0],[107.0],[38.0],[107.0],[88.0],[188.0],[37.0],[237.0],[260.0],[253.0],[250.0],[363.0],[127.0],[66.0],[89.0],[305.0],[252.0],[230.0],[260.0],[272.0],[220.0],[254.0],[85.0],[168.0],[24.0],[87.0],[217.0],[253.0],[205.0],[266.0],[259.0],[190.0],[38.0],[322.0],[363.0],[322.0],[305.0],[40.0],[205.0],[365.0],[205.0],[185.0],[220.0],[93.0],[312.0],[220.0],[214.0],[320.0]
330,[204.0],[259.0],[107.0],[282.0],[176.0],[41.0],[205.0],[68.0],[93.0],[208.0],[260.0],[253.0],[115.0],[253.0],[204.0],[254.0],[176.0],[230.0],[234.0],[86.0],[363.0],[265.0],[128.0],[190.0],[172.0],[134.0],[220.0],[127.0],[282.0],[279.0],[213.0],[128.0],[265.0],[232.0],[194.0],[227.0],[176.0],[363.0],[128.0],[89.0],[313.0],[253.0],[62.0],[16.0],[38.0],[38.0],[93.0],[232.0],[313.0],[250.0],[127.0],[254.0],[72.0],[260.0],[99.0],[227.0],[192.0],[305.0],[320.0],[239.0],[64.0],[127.0],[255.0],[169.0],[115.0],[279.0],[41.0],[38.0],[157.0],[38.0],[201.0],[239.0],[239.0],[99.0],[176.0],[234.0],[227.0],[356.0],[169.0],[101.0],[230.0],[272.0],[205.0],[127.0],[41.0],[265.0],[282.0],[337.0],[62.0],[199.0],[99.0],[89.0],[305.0],[193.0],[337.0],[87.0],[136.0],[215.0],[279.0],[128.0]
331,[147.0],[205.0],[305.0],[86.0],[208.0],[134.0],[16.0],[15.0],[190.0],[363.0],[41.0],[337.0],[279.0],[312.0],[337.0],[337.0],[169.0],[192.0],[176.0],[107.0],[192.0],[260.0],[282.0],[266.0],[41.0],[194.0],[235.0],[88.0],[168.0],[184.0],[234.0],[169.0],[234.0],[265.0],[199.0],[257.0],[167.0],[313.0],[254.0],[193.0],[115.0],[338.0],[239.0],[38.0],[134.0],[176.0],[64.0],[313.0],[135.0],[261.0],[188.0],[169.0],[305.0],[168.0],[214.0],[168.0],[128.0],[68.0],[125.0],[314.0],[265.0],[85.0],[230.0],[193.0],[220.0],[168.0],[188.0],[40.0],[85.0],[134.0],[40.0],[193.0],[130.0],[188.0],[204.0],[236.0],[254.0],[205.0],[72.0],[69.0],[237.0],[128.0],[260.0],[227.0],[223.0],[185.0],[305.0],[349.0],[176.0],[227.0],[185.0],[279.0],[86.0],[127.0],[127.0],[265.0],[220.0],[221.0],[205.0],[176.0]
332,[214.0],[338.0],[337.0],[227.0],[232.0],[237.0],[239.0],[199.0],[220.0],[205.0],[265.0],[279.0],[157.0],[204.0],[259.0],[192.0],[266.0],[215.0],[188.0],[101.0],[135.0],[88.0],[169.0],[320.0],[69.0],[168.0],[279.0],[279.0],[16.0],[135.0],[93.0],[170.0],[214.0],[41.0],[305.0],[235.0],[230.0],[259.0],[282.0],[236.0],[305.0],[130.0],[227.0],[266.0],[314.0],[236.0],[62.0],[305.0],[99.0],[279.0],[254.0],[220.0],[282.0],[220.0],[62.0],[265.0],[127.0],[338.0],[204.0],[321.0],[93.0],[185.0],[153.0],[260.0],[188.0],[204.0],[16.0],[279.0],[115.0],[105.0],[62.0],[128.0],[214.0],[259.0],[305.0],[266.0],[261.0],[89.0],[214.0],[230.0],[282.0],[134.0],[257.0],[176.0],[279.0],[282.0],[237.0],[266.0],[188.0],[313.0],[237.0],[232.0],[41.0],[232.0],[272.0],[259.0],[93.0],[237.0],[253.0],[89.0]
333,[239.0],[72.0],[88.0],[305.0],[169.0],[348.0],[305.0],[254.0],[16.0],[279.0],[168.0],[237.0],[127.0],[127.0],[192.0],[313.0],[312.0],[261.0],[38.0],[254.0],[305.0],[255.0],[97.0],[87.0],[88.0],[250.0],[363.0],[230.0],[266.0],[239.0],[312.0],[135.0],[305.0],[250.0],[41.0],[205.0],[168.0],[260.0],[272.0],[259.0],[184.0],[363.0],[234.0],[62.0],[62.0],[220.0],[87.0],[257.0],[214.0],[283.0],[99.0],[127.0],[227.0],[128.0],[254.0],[313.0],[279.0],[232.0],[153.0],[205.0],[220.0],[219.0],[260.0],[192.0],[253.0],[205.0],[204.0],[214.0],[259.0],[41.0],[313.0],[127.0],[88.0],[314.0],[87.0],[255.0],[312.0],[136.0],[89.0],[130.0],[260.0],[232.0],[85.0],[169.0],[15.0],[86.0],[16.0],[279.0],[265.0],[217.0],[234.0],[312.0],[64.0],[234.0],[208.0],[190.0],[188.0],[254.0],[99.0],[185.0]
334,[99.0],[279.0],[87.0],[169.0],[153.0],[15.0],[266.0],[127.0],[257.0],[40.0],[87.0],[93.0],[234.0],[337.0],[239.0],[87.0],[220.0],[265.0],[134.0],[40.0],[204.0],[234.0],[314.0],[205.0],[322.0],[260.0],[260.0],[69.0],[259.0],[127.0],[127.0],[184.0],[232.0],[127.0],[99.0],[62.0],[188.0],[305.0],[237.0],[282.0],[38.0],[214.0],[253.0],[313.0],[363.0],[169.0],[363.0],[38.0],[168.0],[38.0],[257.0],[253.0],[169.0],[88.0],[204.0],[266.0],[232.0],[337.0],[230.0],[279.0],[88.0],[128.0],[232.0],[40.0],[272.0],[305.0],[128.0],[363.0],[260.0],[281.0],[192.0],[338.0],[192.0],[101.0],[365.0],[134.0],[190.0],[93.0],[227.0],[190.0],[68.0],[208.0],[193.0],[254.0],[363.0],[169.0],[157.0],[99.0],[99.0],[305.0],[38.0],[266.0],[314.0],[221.0],[89.0],[128.0],[192.0],[188.0],[101.0],[205.0]
335,[106.0],[312.0],[266.0],[188.0],[184.0],[168.0],[337.0],[130.0],[205.0],[188.0],[193.0],[239.0],[253.0],[322.0],[199.0],[205.0],[193.0],[127.0],[205.0],[135.0],[232.0],[338.0],[272.0],[260.0],[64.0],[107.0],[223.0],[234.0],[253.0],[62.0],[169.0],[62.0],[282.0],[169.0],[192.0],[169.0],[238.0],[217.0],[188.0],[41.0],[62.0],[235.0],[312.0],[188.0],[127.0],[305.0],[37.0],[223.0],[234.0],[214.0],[168.0],[338.0],[265.0],[86.0],[272.0],[363.0],[72.0],[194.0],[232.0],[193.0],[314.0],[41.0],[265.0],[214.0],[16.0],[72.0],[261.0],[168.0],[208.0],[255.0],[87.0],[254.0],[64.0],[62.0],[214.0],[127.0],[89.0],[152.0],[208.0],[279.0],[153.0],[227.0],[208.0],[130.0],[101.0],[66.0],[223.0],[134.0],[259.0],[176.0],[169.0],[188.0],[265.0],[130.0],[279.0],[127.0],[214.0],[41.0],[208.0],[237.0]
336,[254.0],[261.0],[99.0],[214.0],[363.0],[153.0],[127.0],[260.0],[127.0],[337.0],[205.0],[205.0],[169.0],[254.0],[227.0],[259.0],[250.0],[93.0],[273.0],[190.0],[239.0],[38.0],[99.0],[305.0],[128.0],[92.0],[89.0],[188.0],[220.0],[253.0],[253.0],[204.0],[193.0],[69.0],[135.0],[215.0],[85.0],[40.0],[253.0],[64.0],[279.0],[305.0],[279.0],[234.0],[279.0],[234.0],[127.0],[169.0],[169.0],[72.0],[69.0],[227.0],[314.0],[38.0],[188.0],[127.0],[152.0],[279.0],[127.0],[101.0],[185.0],[282.0],[237.0],[253.0],[260.0],[75.0],[259.0],[223.0],[234.0],[169.0],[193.0],[213.0],[253.0],[238.0],[260.0],[281.0],[314.0],[259.0],[199.0],[62.0],[208.0],[214.0],[184.0],[234.0],[72.0],[221.0],[99.0],[312.0],[127.0],[69.0],[220.0],[127.0],[253.0],[15.0],[168.0],[234.0],[101.0],[266.0],[266.0],[363.0]
337,[312.0],[305.0],[168.0],[89.0],[217.0],[322.0],[101.0],[279.0],[38.0],[227.0],[253.0],[257.0],[69.0],[279.0],[69.0],[99.0],[205.0],[220.0],[152.0],[338.0],[88.0],[214.0],[363.0],[41.0],[254.0],[232.0],[169.0],[93.0],[192.0],[192.0],[64.0],[313.0],[89.0],[282.0],[266.0],[234.0],[205.0],[170.0],[239.0],[107.0],[214.0],[230.0],[220.0],[15.0],[40.0],[41.0],[115.0],[272.0],[281.0],[89.0],[87.0],[87.0],[128.0],[127.0],[279.0],[188.0],[239.0],[259.0],[282.0],[86.0],[169.0],[237.0],[99.0],[99.0],[101.0],[199.0],[170.0],[221.0],[130.0],[232.0],[130.0],[69.0],[101.0],[157.0],[41.0],[69.0],[232.0],[88.0],[176.0],[314.0],[227.0],[253.0],[204.0],[223.0],[208.0],[15.0],[259.0],[230.0],[37.0],[254.0],[254.0],[99.0],[40.0],[253.0],[169.0],[115.0],[204.0],[265.0],[237.0],[279.0]
338,[208.0],[234.0],[134.0],[157.0],[313.0],[232.0],[232.0],[266.0],[176.0],[99.0],[135.0],[176.0],[16.0],[192.0],[190.0],[204.0],[363.0],[282.0],[305.0],[127.0],[261.0],[253.0],[38.0],[227.0],[170.0],[87.0],[62.0],[169.0],[204.0],[168.0],[184.0],[205.0],[38.0],[221.0],[193.0],[208.0],[204.0],[86.0],[153.0],[234.0],[64.0],[220.0],[115.0],[192.0],[282.0],[279.0],[208.0],[227.0],[190.0],[41.0],[194.0],[153.0],[99.0],[170.0],[305.0],[214.0],[99.0],[205.0],[152.0],[87.0],[257.0],[64.0],[168.0],[223.0],[176.0],[188.0],[38.0],[259.0],[134.0],[99.0],[176.0],[232.0],[227.0],[260.0],[237.0],[93.0],[259.0],[363.0],[260.0],[205.0],[266.0],[99.0],[305.0],[232.0],[130.0],[279.0],[201.0],[199.0],[227.0],[234.0],[266.0],[223.0],[282.0],[93.0],[214.0],[66.0],[279.0],[192.0],[188.0],[337.0]
339,[279.0],[281.0],[128.0],[130.0],[127.0],[265.0],[237.0],[239.0],[169.0],[130.0],[188.0],[213.0],[15.0],[188.0],[176.0],[69.0],[85.0],[279.0],[260.0],[363.0],[266.0],[128.0],[259.0],[252.0],[214.0],[282.0],[101.0],[99.0],[208.0],[284.0],[259.0],[69.0],[135.0],[168.0],[168.0],[253.0],[259.0],[68.0],[88.0],[190.0],[223.0],[265.0],[266.0],[282.0],[192.0],[64.0],[227.0],[87.0],[72.0],[257.0],[259.0],[88.0],[41.0],[223.0],[41.0],[62.0],[234.0],[69.0],[236.0],[232.0],[176.0],[153.0],[188.0],[217.0],[184.0],[313.0],[363.0],[199.0],[69.0],[127.0],[184.0],[87.0],[221.0],[125.0],[232.0],[313.0],[279.0],[190.0],[232.0],[176.0],[213.0],[87.0],[192.0],[99.0],[232.0],[208.0],[185.0],[272.0],[363.0],[192.0],[253.0],[136.0],[257.0],[89.0],[227.0],[220.0],[363.0],[239.0],[227.0],[127.0]
340,[89.0],[168.0],[314.0],[223.0],[99.0],[220.0],[279.0],[64.0],[185.0],[135.0],[64.0],[365.0],[254.0],[266.0],[88.0],[272.0],[204.0],[255.0],[261.0],[168.0],[168.0],[69.0],[157.0],[69.0],[363.0],[72.0],[184.0],[66.0],[88.0],[201.0],[239.0],[188.0],[69.0],[254.0],[227.0],[87.0],[169.0],[205.0],[72.0],[305.0],[132.0],[223.0],[193.0],[75.0],[337.0],[128.0],[169.0],[99.0],[64.0],[64.0],[272.0],[214.0],[64.0],[314.0],[205.0],[305.0],[265.0],[192.0],[176.0],[99.0],[363.0],[363.0],[87.0],[41.0],[234.0],[259.0],[107.0],[236.0],[169.0],[157.0],[93.0],[99.0],[259.0],[208.0],[89.0],[208.0],[15.0],[16.0],[101.0],[363.0],[223.0],[363.0],[232.0],[356.0],[254.0],[62.0],[236.0],[227.0],[313.0],[201.0],[279.0],[153.0],[237.0],[168.0],[99.0],[168.0],[236.0],[305.0],[223.0],[227.0]
341,[259.0],[188.0],[282.0],[88.0],[266.0],[266.0],[68.0],[227.0],[214.0],[234.0],[99.0],[230.0],[305.0],[220.0],[223.0],[62.0],[234.0],[41.0],[265.0],[41.0],[101.0],[89.0],[232.0],[279.0],[38.0],[253.0],[99.0],[265.0],[40.0],[64.0],[40.0],[305.0],[169.0],[365.0],[176.0],[69.0],[261.0],[201.0],[223.0],[168.0],[152.0],[227.0],[89.0],[93.0],[254.0],[208.0],[201.0],[237.0],[253.0],[101.0],[153.0],[188.0],[253.0],[232.0],[234.0],[15.0],[38.0],[38.0],[235.0],[188.0],[99.0],[69.0],[15.0],[92.0],[99.0],[223.0],[257.0],[62.0],[128.0],[213.0],[134.0],[168.0],[62.0],[128.0],[125.0],[305.0],[223.0],[253.0],[223.0],[208.0],[305.0],[69.0],[87.0],[184.0],[64.0],[239.0],[190.0],[363.0],[280.0],[190.0],[239.0],[87.0],[254.0],[41.0],[232.0],[261.0],[184.0],[272.0],[87.0],[69.0]
342,[192.0],[62.0],[272.0],[193.0],[66.0],[253.0],[69.0],[363.0],[313.0],[232.0],[234.0],[266.0],[208.0],[214.0],[62.0],[279.0],[64.0],[115.0],[69.0],[193.0],[153.0],[254.0],[176.0],[92.0],[199.0],[254.0],[88.0],[232.0],[363.0],[153.0],[38.0],[363.0],[220.0],[253.0],[259.0],[92.0],[255.0],[41.0],[193.0],[214.0],[193.0],[41.0],[40.0],[99.0],[69.0],[135.0],[259.0],[64.0],[201.0],[208.0],[253.0],[305.0],[153.0],[282.0],[88.0],[128.0],[190.0],[87.0],[234.0],[223.0],[214.0],[221.0],[236.0],[237.0],[313.0],[257.0],[130.0],[169.0],[305.0],[214.0],[128.0],[253.0],[176.0],[176.0],[99.0],[265.0],[188.0],[169.0],[40.0],[157.0],[214.0],[72.0],[127.0],[69.0],[227.0],[190.0],[40.0],[193.0],[64.0],[169.0],[188.0],[130.0],[214.0],[99.0],[322.0],[188.0],[128.0],[40.0],[169.0],[313.0]
343,[168.0],[40.0],[93.0],[192.0],[152.0],[223.0],[259.0],[234.0],[266.0],[38.0],[232.0],[72.0],[223.0],[232.0],[93.0],[89.0],[38.0],[38.0],[266.0],[227.0],[265.0],[115.0],[62.0],[214.0],[221.0],[239.0],[266.0],[192.0],[115.0],[89.0],[220.0],[201.0],[37.0],[62.0],[38.0],[193.0],[89.0],[237.0],[232.0],[125.0],[75.0],[190.0],[152.0],[339.0],[99.0],[232.0],[176.0],[69.0],[176.0],[135.0],[192.0],[313.0],[93.0],[190.0],[168.0],[193.0],[280.0],[227.0],[38.0],[62.0],[199.0],[223.0],[37.0],[232.0],[227.0],[227.0],[176.0],[176.0],[127.0],[62.0],[305.0],[62.0],[188.0],[130.0],[201.0],[40.0],[305.0],[266.0],[236.0],[254.0],[99.0],[169.0],[115.0],[41.0],[253.0],[192.0],[192.0],[72.0],[168.0],[88.0],[135.0],[305.0],[176.0],[115.0],[40.0],[214.0],[107.0],[168.0],[168.0],[136.0]
344,[272.0],[89.0],[192.0],[64.0],[190.0],[239.0],[38.0],[208.0],[193.0],[62.0],[259.0],[101.0],[64.0],[193.0],[322.0],[282.0],[199.0],[305.0],[259.0],[169.0],[227.0],[223.0],[87.0],[237.0],[176.0],[93.0],[205.0],[305.0],[205.0],[280.0],[254.0],[93.0],[99.0],[89.0],[232.0],[265.0],[62.0],[87.0],[89.0],[176.0],[127.0],[152.0],[259.0],[87.0],[193.0],[92.0],[188.0],[266.0],[69.0],[253.0],[266.0],[201.0],[192.0],[176.0],[223.0],[169.0],[130.0],[99.0],[87.0],[169.0],[75.0],[93.0],[223.0],[190.0],[363.0],[254.0],[260.0],[192.0],[225.0],[305.0],[208.0],[92.0],[223.0],[227.0],[208.0],[201.0],[272.0],[69.0],[282.0],[223.0],[201.0],[254.0],[168.0],[64.0],[92.0],[89.0],[87.0],[168.0],[192.0],[214.0],[190.0],[69.0],[38.0],[134.0],[265.0],[223.0],[223.0],[93.0],[259.0],[62.0]
345,[232.0],[127.0],[38.0],[38.0],[135.0],[115.0],[115.0],[62.0],[87.0],[69.0],[363.0],[168.0],[363.0],[87.0],[214.0],[266.0],[157.0],[168.0],[363.0],[253.0],[115.0],[130.0],[201.0],[88.0],[89.0],[40.0],[125.0],[101.0],[135.0],[152.0],[99.0],[168.0],[88.0],[234.0],[184.0],[284.0],[208.0],[168.0],[62.0],[87.0],[87.0],[168.0],[272.0],[265.0],[305.0],[89.0],[72.0],[188.0],[223.0],[92.0],[38.0],[314.0],[75.0],[192.0],[75.0],[192.0],[201.0],[185.0],[115.0],[38.0],[223.0],[266.0],[93.0],[272.0],[265.0],[125.0],[253.0],[87.0],[41.0],[64.0],[64.0],[153.0],[363.0],[282.0],[363.0],[169.0],[193.0],[125.0],[64.0],[227.0],[127.0],[176.0],[256.0],[236.0],[115.0],[135.0],[38.0],[64.0],[169.0],[62.0],[305.0],[38.0],[62.0],[69.0],[38.0],[208.0],[201.0],[152.0],[305.0],[234.0]
346,[92.0],[125.0],[64.0],[62.0],[284.0],[279.0],[40.0],[99.0],[99.0],[190.0],[227.0],[170.0],[260.0],[38.0],[253.0],[265.0],[223.0],[253.0],[280.0],[265.0],[260.0],[64.0],[40.0],[128.0],[259.0],[223.0],[208.0],[168.0],[99.0],[75.0],[168.0],[99.0],[93.0],[272.0],[313.0],[64.0],[101.0],[89.0],[214.0],[93.0],[201.0],[62.0],[127.0],[259.0],[128.0],[204.0],[101.0],[152.0],[265.0],[128.0],[237.0],[69.0],[223.0],[259.0],[169.0],[232.0],[89.0],[125.0],[62.0],[152.0],[225.0],[168.0],[208.0],[64.0],[87.0],[89.0],[208.0],[88.0],[261.0],[190.0],[127.0],[101.0],[75.0],[305.0],[69.0],[38.0],[16.0],[130.0],[38.0],[192.0],[69.0],[92.0],[201.0],[192.0],[62.0],[64.0],[234.0],[261.0],[232.0],[259.0],[192.0],[234.0],[313.0],[62.0],[261.0],[99.0],[259.0],[169.0],[130.0],[168.0]
347,[169.0],[128.0],[152.0],[280.0],[305.0],[305.0],[223.0],[135.0],[89.0],[259.0],[223.0],[305.0],[259.0],[201.0],[312.0],[88.0],[237.0],[176.0],[62.0],[259.0],[62.0],[168.0],[64.0],[259.0],[115.0],[185.0],[168.0],[214.0],[128.0],[256.0],[201.0],[192.0],[230.0],[192.0],[62.0],[168.0],[192.0],[208.0],[259.0],[152.0],[99.0],[99.0],[38.0],[101.0],[64.0],[255.0],[40.0],[89.0],[254.0],[168.0],[223.0],[363.0],[363.0],[201.0],[363.0],[99.0],[87.0],[363.0],[192.0],[127.0],[157.0],[89.0],[193.0],[234.0],[69.0],[87.0],[127.0],[208.0],[99.0],[75.0],[253.0],[64.0],[87.0],[93.0],[192.0],[128.0],[237.0],[101.0],[127.0],[107.0],[38.0],[223.0],[88.0],[322.0],[168.0],[99.0],[62.0],[62.0],[38.0],[89.0],[40.0],[93.0],[89.0],[176.0],[62.0],[15.0],[62.0],[127.0],[284.0],[188.0]
348,[223.0],[253.0],[356.0],[87.0],[261.0],[256.0],[41.0],[89.0],[259.0],[305.0],[266.0],[363.0],[89.0],[69.0],[220.0],[208.0],[99.0],[69.0],[192.0],[99.0],[164.0],[93.0],[101.0],[261.0],[85.0],[65.0],[176.0],[38.0],[225.0],[261.0],[101.0],[75.0],[363.0],[188.0],[201.0],[363.0],[64.0],[266.0],[69.0],[101.0],[169.0],[254.0],[265.0],[305.0],[92.0],[97.0],[192.0],[128.0],[193.0],[227.0],[64.0],[115.0],[168.0],[69.0],[261.0],[223.0],[214.0],[190.0],[223.0],[190.0],[190.0],[214.0],[75.0],[314.0],[152.0],[115.0],[88.0],[260.0],[232.0],[115.0],[92.0],[223.0],[193.0],[192.0],[261.0],[232.0],[99.0],[188.0],[92.0],[259.0],[92.0],[153.0],[190.0],[279.0],[257.0],[261.0],[168.0],[89.0],[193.0],[99.0],[259.0],[64.0],[232.0],[38.0],[69.0],[169.0],[176.0],[259.0],[234.0],[170.0]
349,[101.0],[99.0],[75.0],[208.0],[168.0],[64.0],[153.0],[232.0],[208.0],[89.0],[214.0],[214.0],[93.0],[40.0],[261.0],[363.0],[254.0],[62.0],[87.0],[64.0],[64.0],[176.0],[230.0],[201.0],[127.0],[75.0],[201.0],[259.0],[227.0],[265.0],[62.0],[254.0],[64.0],[87.0],[87.0],[223.0],[284.0],[69.0],[363.0],[115.0],[128.0],[115.0],[99.0],[261.0],[208.0],[101.0],[152.0],[201.0],[208.0],[193.0],[89.0],[193.0],[261.0],[363.0],[89.0],[284.0],[169.0],[237.0],[322.0],[89.0],[193.0],[38.0],[256.0],[93.0],[38.0],[214.0],[40.0],[152.0],[192.0],[208.0],[65.0],[261.0],[256.0],[153.0],[223.0],[280.0],[253.0],[261.0],[234.0],[93.0],[193.0],[115.0],[152.0],[153.0],[75.0],[16.0],[88.0],[208.0],[223.0],[93.0],[227.0],[62.0],[69.0],[208.0],[223.0],[176.0],[190.0],[99.0],[40.0],[190.0]
350,[93.0],[92.0],[62.0],[168.0],[87.0],[272.0],[89.0],[93.0],[69.0],[256.0],[237.0],[223.0],[227.0],[305.0],[64.0],[153.0],[87.0],[272.0],[153.0],[152.0],[89.0],[92.0],[153.0],[223.0],[169.0],[193.0],[115.0],[227.0],[256.0],[93.0],[87.0],[92.0],[157.0],[115.0],[64.0],[40.0],[99.0],[115.0],[152.0],[99.0],[40.0],[208.0],[64.0],[232.0],[280.0],[199.0],[38.0],[93.0],[261.0],[232.0],[214.0],[65.0],[280.0],[92.0],[40.0],[201.0],[101.0],[223.0],[40.0],[305.0],[69.0],[193.0],[266.0],[75.0],[261.0],[190.0],[64.0],[227.0],[168.0],[93.0],[255.0],[93.0],[93.0],[236.0],[193.0],[253.0],[266.0],[234.0],[99.0],[168.0],[363.0],[201.0],[214.0],[282.0],[176.0],[75.0],[265.0],[115.0],[125.0],[208.0],[280.0],[169.0],[266.0],[227.0],[176.0],[89.0],[208.0],[261.0],[64.0],[253.0]
351,[256.0],[169.0],[153.0],[128.0],[69.0],[208.0],[62.0],[97.0],[153.0],[115.0],[201.0],[125.0],[232.0],[92.0],[256.0],[93.0],[284.0],[208.0],[190.0],[192.0],[92.0],[225.0],[223.0],[93.0],[87.0],[363.0],[253.0],[201.0],[101.0],[254.0],[214.0],[101.0],[101.0],[305.0],[152.0],[115.0],[253.0],[101.0],[93.0],[127.0],[208.0],[88.0],[87.0],[227.0],[115.0],[115.0],[272.0],[62.0],[62.0],[127.0],[190.0],[99.0],[152.0],[152.0],[176.0],[40.0],[208.0],[93.0],[208.0],[115.0],[201.0],[280.0],[101.0],[266.0],[41.0],[261.0],[223.0],[64.0],[93.0],[223.0],[254.0],[199.0],[40.0],[64.0],[64.0],[62.0],[363.0],[164.0],[201.0],[127.0],[169.0],[225.0],[153.0],[87.0],[190.0],[223.0],[93.0],[101.0],[190.0],[127.0],[125.0],[168.0],[225.0],[261.0],[64.0],[201.0],[69.0],[64.0],[92.0],[97.0]
352,[64.0],[176.0],[265.0],[363.0],[92.0],[101.0],[199.0],[87.0],[101.0],[284.0],[284.0],[208.0],[40.0],[259.0],[208.0],[101.0],[201.0],[99.0],[214.0],[125.0],[199.0],[305.0],[208.0],[153.0],[168.0],[99.0],[232.0],[153.0],[38.0],[38.0],[223.0],[130.0],[153.0],[92.0],[363.0],[93.0],[256.0],[280.0],[38.0],[69.0],[254.0],[87.0],[254.0],[176.0],[253.0],[87.0],[69.0],[259.0],[93.0],[169.0],[65.0],[38.0],[87.0],[99.0],[256.0],[190.0],[40.0],[62.0],[99.0],[227.0],[305.0],[227.0],[190.0],[89.0],[223.0],[363.0],[169.0],[75.0],[38.0],[256.0],[153.0],[115.0],[128.0],[89.0],[153.0],[101.0],[87.0],[176.0],[115.0],[92.0],[93.0],[93.0],[40.0],[256.0],[127.0],[237.0],[208.0],[164.0],[75.0],[87.0],[223.0],[214.0],[152.0],[97.0],[153.0],[40.0],[237.0],[208.0],[232.0],[152.0]
353,[188.0],[64.0],[261.0],[134.0],[259.0],[152.0],[208.0],[305.0],[125.0],[193.0],[152.0],[64.0],[87.0],[101.0],[279.0],[305.0],[101.0],[190.0],[125.0],[62.0],[188.0],[101.0],[88.0],[253.0],[99.0],[169.0],[259.0],[208.0],[261.0],[99.0],[261.0],[40.0],[62.0],[363.0],[93.0],[99.0],[93.0],[188.0],[280.0],[188.0],[363.0],[201.0],[97.0],[97.0],[65.0],[254.0],[234.0],[190.0],[101.0],[115.0],[261.0],[41.0],[191.0],[40.0],[64.0],[87.0],[191.0],[128.0],[220.0],[93.0],[97.0],[260.0],[92.0],[284.0],[208.0],[208.0],[282.0],[253.0],[62.0],[69.0],[168.0],[227.0],[261.0],[190.0],[225.0],[176.0],[153.0],[232.0],[253.0],[40.0],[62.0],[38.0],[64.0],[89.0],[87.0],[40.0],[97.0],[75.0],[40.0],[223.0],[214.0],[272.0],[101.0],[237.0],[254.0],[258.0],[253.0],[115.0],[62.0],[64.0]
354,[40.0],[223.0],[214.0],[92.0],[101.0],[75.0],[99.0],[75.0],[280.0],[88.0],[115.0],[201.0],[280.0],[115.0],[225.0],[115.0],[259.0],[223.0],[40.0],[305.0],[253.0],[259.0],[152.0],[176.0],[152.0],[127.0],[261.0],[97.0],[152.0],[225.0],[208.0],[253.0],[223.0],[99.0],[92.0],[97.0],[75.0],[93.0],[64.0],[201.0],[153.0],[256.0],[223.0],[64.0],[89.0],[227.0],[223.0],[208.0],[75.0],[99.0],[208.0],[62.0],[201.0],[115.0],[101.0],[38.0],[125.0],[256.0],[201.0],[64.0],[38.0],[92.0],[253.0],[256.0],[153.0],[38.0],[87.0],[261.0],[256.0],[201.0],[234.0],[201.0],[284.0],[92.0],[190.0],[261.0],[65.0],[282.0],[62.0],[152.0],[190.0],[259.0],[99.0],[75.0],[261.0],[363.0],[89.0],[223.0],[284.0],[115.0],[225.0],[259.0],[261.0],[92.0],[92.0],[64.0],[125.0],[201.0],[192.0],[305.0]
355,[87.0],[153.0],[201.0],[101.0],[38.0],[169.0],[227.0],[92.0],[75.0],[75.0],[208.0],[115.0],[101.0],[284.0],[115.0],[75.0],[62.0],[64.0],[89.0],[223.0],[193.0],[192.0],[190.0],[16.0],[62.0],[89.0],[64.0],[223.0],[89.0],[87.0],[153.0],[89.0],[208.0],[125.0],[208.0],[259.0],[152.0],[152.0],[87.0],[208.0],[176.0],[259.0],[65.0],[153.0],[87.0],[201.0],[153.0],[75.0],[280.0],[190.0],[115.0],[223.0],[256.0],[64.0],[201.0],[65.0],[193.0],[101.0],[65.0],[201.0],[62.0],[188.0],[201.0],[305.0],[305.0],[62.0],[168.0],[164.0],[64.0],[164.0],[259.0],[190.0],[38.0],[169.0],[169.0],[192.0],[208.0],[284.0],[93.0],[99.0],[254.0],[125.0],[125.0],[62.0],[89.0],[176.0],[101.0],[280.0],[115.0],[193.0],[93.0],[152.0],[256.0],[201.0],[87.0],[69.0],[127.0],[363.0],[115.0],[208.0]
356,[190.0],[201.0],[208.0],[152.0],[75.0],[201.0],[64.0],[201.0],[115.0],[225.0],[190.0],[40.0],[190.0],[97.0],[97.0],[64.0],[190.0],[256.0],[168.0],[208.0],[280.0],[153.0],[89.0],[152.0],[190.0],[125.0],[190.0],[284.0],[280.0],[190.0],[89.0],[227.0],[259.0],[101.0],[223.0],[272.0],[164.0],[38.0],[92.0],[75.0],[97.0],[280.0],[190.0],[190.0],[259.0],[223.0],[65.0],[261.0],[38.0],[259.0],[152.0],[75.0],[190.0],[280.0],[87.0],[64.0],[259.0],[152.0],[363.0],[92.0],[125.0],[87.0],[234.0],[208.0],[225.0],[92.0],[125.0],[115.0],[89.0],[226.0],[188.0],[234.0],[280.0],[168.0],[152.0],[64.0],[62.0],[193.0],[75.0],[153.0],[259.0],[190.0],[261.0],[152.0],[125.0],[92.0],[64.0],[38.0],[152.0],[101.0],[115.0],[190.0],[164.0],[40.0],[72.0],[152.0],[65.0],[92.0],[89.0],[193.0]
357,[75.0],[193.0],[256.0],[190.0],[115.0],[62.0],[176.0],[190.0],[62.0],[92.0],[92.0],[87.0],[99.0],[89.0],[92.0],[201.0],[152.0],[75.0],[64.0],[89.0],[223.0],[125.0],[225.0],[75.0],[75.0],[64.0],[256.0],[256.0],[223.0],[69.0],[256.0],[258.0],[92.0],[93.0],[101.0],[256.0],[223.0],[62.0],[201.0],[169.0],[253.0],[128.0],[101.0],[40.0],[152.0],[261.0],[265.0],[193.0],[89.0],[40.0],[62.0],[89.0],[38.0],[62.0],[92.0],[259.0],[284.0],[225.0],[75.0],[125.0],[280.0],[62.0],[125.0],[125.0],[75.0],[176.0],[92.0],[284.0],[101.0],[87.0],[99.0],[208.0],[225.0],[97.0],[280.0],[284.0],[280.0],[223.0],[65.0],[97.0],[152.0],[62.0],[101.0],[115.0],[152.0],[259.0],[258.0],[135.0],[261.0],[153.0],[69.0],[75.0],[93.0],[192.0],[363.0],[38.0],[280.0],[65.0],[256.0],[101.0]
358,[225.0],[75.0],[125.0],[115.0],[125.0],[40.0],[254.0],[115.0],[261.0],[153.0],[89.0],[259.0],[92.0],[152.0],[153.0],[92.0],[208.0],[259.0],[65.0],[97.0],[87.0],[208.0],[115.0],[64.0],[97.0],[101.0],[69.0],[65.0],[93.0],[259.0],[191.0],[232.0],[164.0],[201.0],[190.0],[152.0],[125.0],[65.0],[75.0],[223.0],[92.0],[176.0],[92.0],[201.0],[190.0],[259.0],[256.0],[101.0],[259.0],[65.0],[92.0],[152.0],[125.0],[65.0],[225.0],[93.0],[261.0],[64.0],[190.0],[363.0],[92.0],[97.0],[115.0],[101.0],[92.0],[40.0],[152.0],[153.0],[153.0],[284.0],[256.0],[75.0],[164.0],[65.0],[75.0],[223.0],[92.0],[280.0],[190.0],[125.0],[101.0],[64.0],[62.0],[284.0],[259.0],[65.0],[280.0],[97.0],[92.0],[261.0],[62.0],[125.0],[97.0],[152.0],[190.0],[97.0],[284.0],[190.0],[258.0],[75.0]
359,[261.0],[208.0],[190.0],[201.0],[280.0],[69.0],[363.0],[153.0],[64.0],[93.0],[40.0],[284.0],[97.0],[256.0],[284.0],[65.0],[256.0],[284.0],[201.0],[261.0],[256.0],[201.0],[164.0],[225.0],[92.0],[259.0],[75.0],[92.0],[64.0],[164.0],[232.0],[225.0],[97.0],[40.0],[261.0],[226.0],[92.0],[261.0],[261.0],[227.0],[280.0],[64.0],[188.0],[92.0],[75.0],[62.0],[284.0],[192.0],[152.0],[192.0],[363.0],[259.0],[62.0],[89.0],[115.0],[261.0],[93.0],[208.0],[261.0],[259.0],[208.0],[225.0],[259.0],[164.0],[284.0],[97.0],[305.0],[101.0],[280.0],[101.0],[115.0],[280.0],[89.0],[115.0],[62.0],[188.0],[69.0],[208.0],[152.0],[280.0],[256.0],[261.0],[280.0],[201.0],[65.0],[193.0],[115.0],[92.0],[256.0],[284.0],[75.0],[261.0],[192.0],[75.0],[256.0],[75.0],[256.0],[253.0],[125.0],[201.0]
360,[284.0],[280.0],[223.0],[261.0],[97.0],[259.0],[65.0],[101.0],[284.0],[101.0],[75.0],[164.0],[256.0],[223.0],[40.0],[284.0],[280.0],[152.0],[75.0],[92.0],[254.0],[75.0],[261.0],[89.0],[40.0],[190.0],[87.0],[64.0],[190.0],[232.0],[190.0],[223.0],[201.0],[223.0],[284.0],[153.0],[153.0],[64.0],[40.0],[40.0],[101.0],[101.0],[208.0],[125.0],[125.0],[266.0],[280.0],[153.0],[115.0],[152.0],[93.0],[97.0],[89.0],[75.0],[208.0],[280.0],[223.0],[75.0],[92.0],[40.0],[284.0],[259.0],[97.0],[65.0],[259.0],[152.0],[93.0],[125.0],[152.0],[192.0],[223.0],[256.0],[115.0],[201.0],[40.0],[115.0],[284.0],[92.0],[363.0],[284.0],[261.0],[101.0],[93.0],[226.0],[258.0],[188.0],[75.0],[284.0],[153.0],[65.0],[256.0],[201.0],[259.0],[153.0],[225.0],[153.0],[153.0],[125.0],[201.0],[284.0]
361,[115.0],[88.0],[101.0],[176.0],[40.0],[190.0],[92.0],[256.0],[201.0],[125.0],[65.0],[152.0],[164.0],[190.0],[280.0],[261.0],[125.0],[40.0],[208.0],[115.0],[259.0],[261.0],[93.0],[284.0],[280.0],[256.0],[280.0],[152.0],[153.0],[92.0],[225.0],[87.0],[261.0],[64.0],[40.0],[261.0],[190.0],[92.0],[225.0],[97.0],[125.0],[284.0],[75.0],[89.0],[169.0],[125.0],[89.0],[256.0],[191.0],[363.0],[97.0],[256.0],[101.0],[225.0],[280.0],[75.0],[62.0],[97.0],[253.0],[280.0],[101.0],[152.0],[176.0],[280.0],[64.0],[65.0],[75.0],[97.0],[164.0],[153.0],[152.0],[125.0],[92.0],[261.0],[101.0],[256.0],[88.0],[168.0],[259.0],[115.0],[65.0],[284.0],[89.0],[168.0],[99.0],[101.0],[125.0],[65.0],[208.0],[64.0],[153.0],[225.0],[92.0],[65.0],[284.0],[62.0],[40.0],[280.0],[225.0],[280.0]
362,[280.0],[115.0],[191.0],[99.0],[65.0],[225.0],[152.0],[125.0],[92.0],[152.0],[261.0],[153.0],[75.0],[261.0],[75.0],[152.0],[97.0],[89.0],[284.0],[153.0],[130.0],[40.0],[69.0],[62.0],[101.0],[115.0],[164.0],[115.0],[62.0],[65.0],[164.0],[65.0],[115.0],[153.0],[256.0],[89.0],[97.0],[223.0],[65.0],[284.0],[261.0],[92.0],[256.0],[65.0],[153.0],[75.0],[164.0],[40.0],[92.0],[97.0],[225.0],[208.0],[92.0],[208.0],[152.0],[153.0],[92.0],[191.0],[93.0],[65.0],[40.0],[208.0],[164.0],[201.0],[168.0],[280.0],[190.0],[193.0],[190.0],[40.0],[75.0],[152.0],[153.0],[225.0],[92.0],[88.0],[258.0],[201.0],[258.0],[164.0],[97.0],[280.0],[223.0],[101.0],[40.0],[201.0],[225.0],[259.0],[258.0],[125.0],[89.0],[256.0],[226.0],[190.0],[97.0],[92.0],[261.0],[101.0],[261.0],[125.0]
363,[153.0],[152.0],[40.0],[125.0],[93.0],[65.0],[191.0],[152.0],[152.0],[64.0],[280.0],[225.0],[261.0],[65.0],[89.0],[225.0],[115.0],[225.0],[92.0],[191.0],[40.0],[152.0],[125.0],[40.0],[261.0],[261.0],[92.0],[89.0],[284.0],[97.0],[97.0],[256.0],[40.0],[256.0],[65.0],[201.0],[225.0],[75.0],[190.0],[225.0],[284.0],[65.0],[280.0],[363.0],[101.0],[225.0],[190.0],[115.0],[40.0],[256.0],[201.0],[261.0],[208.0],[253.0],[125.0],[97.0],[225.0],[40.0],[164.0],[284.0],[227.0],[75.0],[280.0],[97.0],[65.0],[164.0],[280.0],[65.0],[40.0],[97.0],[190.0],[65.0],[125.0],[87.0],[259.0],[75.0],[97.0],[191.0],[280.0],[75.0],[258.0],[89.0],[92.0],[261.0],[280.0],[97.0],[261.0],[153.0],[89.0],[75.0],[101.0],[208.0],[223.0],[225.0],[192.0],[65.0],[92.0],[153.0],[164.0],[164.0]
364,[125.0],[191.0],[280.0],[164.0],[64.0],[97.0],[97.0],[261.0],[225.0],[280.0],[256.0],[190.0],[65.0],[64.0],[258.0],[125.0],[153.0],[97.0],[223.0],[93.0],[65.0],[256.0],[256.0],[38.0],[258.0],[152.0],[65.0],[125.0],[191.0],[188.0],[284.0],[125.0],[192.0],[65.0],[280.0],[65.0],[226.0],[284.0],[115.0],[280.0],[65.0],[225.0],[201.0],[223.0],[164.0],[280.0],[125.0],[92.0],[125.0],[125.0],[280.0],[284.0],[40.0],[153.0],[284.0],[256.0],[97.0],[92.0],[256.0],[191.0],[87.0],[125.0],[284.0],[261.0],[201.0],[153.0],[99.0],[92.0],[201.0],[225.0],[101.0],[225.0],[97.0],[75.0],[115.0],[87.0],[101.0],[97.0],[97.0],[261.0],[87.0],[164.0],[75.0],[164.0],[201.0],[153.0],[153.0],[201.0],[87.0],[225.0],[152.0],[101.0],[115.0],[101.0],[75.0],[101.0],[99.0],[164.0],[190.0],[191.0]
365,[152.0],[101.0],[284.0],[225.0],[191.0],[261.0],[125.0],[225.0],[97.0],[87.0],[226.0],[280.0],[153.0],[153.0],[152.0],[97.0],[69.0],[65.0],[101.0],[65.0],[152.0],[191.0],[75.0],[191.0],[153.0],[201.0],[153.0],[190.0],[92.0],[208.0],[258.0],[153.0],[225.0],[284.0],[225.0],[190.0],[115.0],[256.0],[256.0],[258.0],[190.0],[153.0],[261.0],[208.0],[284.0],[164.0],[261.0],[225.0],[256.0],[201.0],[191.0],[191.0],[115.0],[97.0],[191.0],[89.0],[64.0],[164.0],[284.0],[153.0],[152.0],[40.0],[261.0],[115.0],[40.0],[101.0],[164.0],[191.0],[65.0],[261.0],[284.0],[164.0],[190.0],[280.0],[97.0],[97.0],[152.0],[40.0],[226.0],[89.0],[64.0],[75.0],[65.0],[280.0],[153.0],[284.0],[92.0],[225.0],[65.0],[152.0],[92.0],[97.0],[190.0],[125.0],[125.0],[125.0],[64.0],[75.0],[226.0],[225.0]
366,[201.0],[65.0],[92.0],[258.0],[256.0],[164.0],[225.0],[191.0],[256.0],[65.0],[258.0],[256.0],[284.0],[208.0],[201.0],[190.0],[225.0],[125.0],[164.0],[75.0],[125.0],[97.0],[284.0],[256.0],[201.0],[97.0],[152.0],[164.0],[75.0],[115.0],[125.0],[190.0],[152.0],[191.0],[191.0],[101.0],[201.0],[125.0],[101.0],[153.0],[259.0],[75.0],[284.0],[225.0],[256.0],[65.0],[225.0],[65.0],[225.0],[225.0],[164.0],[64.0],[284.0],[125.0],[153.0],[225.0],[115.0],[115.0],[97.0],[256.0],[258.0],[258.0],[40.0],[87.0],[191.0],[284.0],[225.0],[201.0],[75.0],[125.0],[164.0],[284.0],[65.0],[191.0],[127.0],[258.0],[201.0],[62.0],[284.0],[87.0],[89.0],[65.0],[97.0],[40.0],[164.0],[152.0],[164.0],[152.0],[226.0],[256.0],[65.0],[284.0],[208.0],[223.0],[201.0],[256.0],[225.0],[89.0],[65.0],[261.0]
367,[65.0],[225.0],[65.0],[153.0],[89.0],[125.0],[284.0],[65.0],[40.0],[191.0],[191.0],[65.0],[201.0],[75.0],[65.0],[256.0],[164.0],[101.0],[256.0],[225.0],[190.0],[280.0],[191.0],[65.0],[284.0],[225.0],[225.0],[75.0],[65.0],[223.0],[75.0],[284.0],[190.0],[75.0],[164.0],[258.0],[280.0],[258.0],[258.0],[226.0],[191.0],[164.0],[225.0],[280.0],[97.0],[152.0],[226.0],[97.0],[65.0],[284.0],[226.0],[92.0],[226.0],[164.0],[190.0],[125.0],[153.0],[280.0],[89.0],[176.0],[65.0],[65.0],[65.0],[152.0],[280.0],[256.0],[65.0],[280.0],[258.0],[258.0],[97.0],[89.0],[208.0],[40.0],[284.0],[65.0],[64.0],[153.0],[261.0],[65.0],[226.0],[152.0],[169.0],[125.0],[97.0],[191.0],[152.0],[40.0],[201.0],[226.0],[97.0],[115.0],[280.0],[256.0],[280.0],[284.0],[152.0],[97.0],[153.0],[40.0]
368,[97.0],[164.0],[164.0],[65.0],[225.0],[280.0],[164.0],[284.0],[258.0],[164.0],[225.0],[75.0],[225.0],[225.0],[164.0],[280.0],[65.0],[92.0],[225.0],[256.0],[191.0],[284.0],[92.0],[226.0],[256.0],[280.0],[97.0],[191.0],[201.0],[125.0],[115.0],[97.0],[191.0],[225.0],[75.0],[225.0],[87.0],[164.0],[191.0],[92.0],[256.0],[125.0],[125.0],[191.0],[226.0],[256.0],[75.0],[191.0],[164.0],[280.0],[101.0],[101.0],[225.0],[191.0],[164.0],[101.0],[65.0],[65.0],[101.0],[164.0],[256.0],[101.0],[152.0],[153.0],[164.0],[226.0],[191.0],[226.0],[284.0],[92.0],[125.0],[226.0],[201.0],[256.0],[191.0],[190.0],[125.0],[64.0],[125.0],[201.0],[191.0],[97.0],[258.0],[92.0],[225.0],[164.0],[65.0],[125.0],[225.0],[280.0],[258.0],[226.0],[201.0],[280.0],[65.0],[191.0],[97.0],[191.0],[75.0],[92.0]
369,[191.0],[284.0],[97.0],[256.0],[201.0],[284.0],[258.0],[164.0],[164.0],[97.0],[101.0],[97.0],[258.0],[164.0],[125.0],[226.0],[92.0],[280.0],[258.0],[258.0],[97.0],[258.0],[65.0],[280.0],[164.0],[164.0],[284.0],[280.0],[226.0],[226.0],[92.0],[152.0],[256.0],[97.0],[258.0],[125.0],[191.0],[97.0],[125.0],[191.0],[258.0],[226.0],[258.0],[164.0],[261.0],[258.0],[191.0],[164.0],[258.0],[226.0],[284.0],[226.0],[258.0],[284.0],[97.0],[164.0],[75.0],[201.0],[191.0],[97.0],[191.0],[256.0],[191.0],[225.0],[258.0],[201.0],[256.0],[256.0],[125.0],[152.0],[191.0],[40.0],[152.0],[164.0],[256.0],[164.0],[164.0],[256.0],[153.0],[225.0],[75.0],[191.0],[225.0],[65.0],[191.0],[280.0],[284.0],[258.0],[191.0],[258.0],[164.0],[258.0],[258.0],[164.0],[101.0],[164.0],[226.0],[284.0],[97.0],[115.0]
370,[226.0],[97.0],[258.0],[191.0],[258.0],[226.0],[256.0],[280.0],[65.0],[201.0],[125.0],[92.0],[226.0],[125.0],[191.0],[258.0],[191.0],[226.0],[191.0],[164.0],[225.0],[65.0],[280.0],[97.0],[225.0],[258.0],[191.0],[261.0],[258.0],[191.0],[65.0],[191.0],[280.0],[280.0],[226.0],[280.0],[258.0],[225.0],[97.0],[65.0],[164.0],[258.0],[191.0],[284.0],[225.0],[284.0],[92.0],[226.0],[284.0],[258.0],[256.0],[225.0],[65.0],[226.0],[258.0],[152.0],[256.0],[284.0],[280.0],[226.0],[115.0],[284.0],[225.0],[258.0],[97.0],[191.0],[284.0],[225.0],[226.0],[280.0],[225.0],[191.0],[226.0],[284.0],[164.0],[153.0],[191.0],[75.0],[164.0],[191.0],[40.0],[226.0],[284.0],[225.0],[256.0],[225.0],[226.0],[256.0],[164.0],[97.0],[284.0],[164.0],[125.0],[191.0],[164.0],[280.0],[164.0],[258.0],[280.0],[226.0]
371,[164.0],[256.0],[225.0],[97.0],[226.0],[191.0],[226.0],[258.0],[226.0],[258.0],[97.0],[191.0],[191.0],[258.0],[101.0],[164.0],[258.0],[258.0],[226.0],[284.0],[284.0],[164.0],[258.0],[101.0],[191.0],[226.0],[258.0],[225.0],[97.0],[101.0],[226.0],[226.0],[226.0],[226.0],[97.0],[164.0],[40.0],[191.0],[164.0],[164.0],[89.0],[191.0],[226.0],[256.0],[191.0],[226.0],[97.0],[125.0],[226.0],[153.0],[125.0],[164.0],[97.0],[258.0],[65.0],[191.0],[258.0],[258.0],[258.0],[225.0],[226.0],[191.0],[226.0],[191.0],[256.0],[225.0],[226.0],[89.0],[191.0],[65.0],[226.0],[97.0],[258.0],[152.0],[65.0],[191.0],[226.0],[258.0],[191.0],[258.0],[125.0],[256.0],[164.0],[258.0],[284.0],[256.0],[256.0],[191.0],[101.0],[191.0],[191.0],[65.0],[65.0],[226.0],[258.0],[226.0],[191.0],[225.0],[191.0],[65.0]
372,[258.0],[226.0],[226.0],[226.0],[164.0],[258.0],[201.0],[226.0],[191.0],[226.0],[164.0],[226.0],[125.0],[226.0],[226.0],[191.0],[226.0],[164.0],[97.0],[280.0],[258.0],[226.0],[226.0],[258.0],[226.0],[284.0],[226.0],[258.0],[125.0],[258.0],[280.0],[115.0],[258.0],[164.0],[125.0],[191.0],[65.0],[226.0],[226.0],[261.0],[226.0],[261.0],[164.0],[226.0],[258.0],[191.0],[258.0],[258.0],[97.0],[191.0],[258.0],[258.0],[164.0],[256.0],[226.0],[258.0],[226.0],[226.0],[226.0],[258.0],[164.0],[226.0],[258.0],[226.0],[226.0],[258.0],[258.0],[258.0],[97.0],[191.0],[258.0],[258.0],[191.0],[226.0],[258.0],[226.0],[225.0],[225.0],[225.0],[256.0],[115.0],[258.0],[226.0],[191.0],[226.0],[226.0],[191.0],[226.0],[97.0],[164.0],[226.0],[191.0],[284.0],[258.0],[226.0],[225.0],[258.0],[226.0],[152.0],[258.0]
