Iteration,Sim_0,Sim_1,Sim_2,Sim_3,Sim_4,Sim_5,Sim_6,Sim_7,Sim_8,Sim_9,Sim_10,Sim_11,Sim_12,Sim_13,Sim_14,Sim_15,Sim_16,Sim_17,Sim_18,Sim_19,Sim_20,Sim_21,Sim_22,Sim_23,Sim_24,Sim_25,Sim_26,Sim_27,Sim_28,Sim_29,Sim_30,Sim_31,Sim_32,Sim_33,Sim_34,Sim_35,Sim_36,Sim_37,Sim_38,Sim_39,Sim_40,Sim_41,Sim_42,Sim_43,Sim_44,Sim_45,Sim_46,Sim_47,Sim_48,Sim_49,Sim_50,Sim_51,Sim_52,Sim_53,Sim_54,Sim_55,Sim_56,Sim_57,Sim_58,Sim_59,Sim_60,Sim_61,Sim_62,Sim_63,Sim_64,Sim_65,Sim_66,Sim_67,Sim_68,Sim_69,Sim_70,Sim_71,Sim_72,Sim_73,Sim_74,Sim_75,Sim_76,Sim_77,Sim_78,Sim_79,Sim_80,Sim_81,Sim_82,Sim_83,Sim_84,Sim_85,Sim_86,Sim_87,Sim_88,Sim_89,Sim_90,Sim_91,Sim_92,Sim_93,Sim_94,Sim_95,Sim_96,Sim_97,Sim_98,Sim_99
0,[377.0],[340.0],[377.0],[823.0],[504.0],[642.0],[463.0],[411.0],[236.0],[236.0],[248.0],[722.0],[629.0],[340.0],[377.0],[693.0],[204.0],[739.0],[390.0],[580.0],[739.0],[538.0],[696.0],[669.0],[580.0],[905.0],[739.0],[142.0],[390.0],[244.0],[142.0],[846.0],[888.0],[162.0],[693.0],[463.0],[390.0],[829.0],[722.0],[829.0],[696.0],[629.0],[375.0],[139.0],[340.0],[823.0],[693.0],[823.0],[390.0],[696.0],[905.0],[823.0],[463.0],[739.0],[949.0],[693.0],[504.0],[204.0],[631.0],[377.0],[829.0],[669.0],[142.0],[411.0],[139.0],[669.0],[345.0],[411.0],[538.0],[340.0],[204.0],[676.0],[345.0],[829.0],[236.0],[846.0],[888.0],[629.0],[580.0],[829.0],[139.0],[204.0],[504.0],[411.0],[504.0],[823.0],[226.0],[693.0],[888.0],[463.0],[669.0],[905.0],[377.0],[463.0],[142.0],[142.0],[676.0],[479.0],[293.0],[204.0]
1,[236.0],[453.0],[453.0],[142.0],[642.0],[949.0],[739.0],[631.0],[463.0],[390.0],[504.0],[504.0],[273.0],[947.0],[345.0],[642.0],[504.0],[273.0],[340.0],[411.0],[631.0],[463.0],[142.0],[273.0],[693.0],[248.0],[411.0],[345.0],[693.0],[823.0],[226.0],[631.0],[829.0],[947.0],[248.0],[538.0],[248.0],[693.0],[696.0],[888.0],[629.0],[504.0],[846.0],[345.0],[888.0],[693.0],[453.0],[293.0],[669.0],[580.0],[676.0],[629.0],[142.0],[722.0],[693.0],[722.0],[479.0],[905.0],[293.0],[504.0],[949.0],[696.0],[226.0],[947.0],[829.0],[453.0],[273.0],[739.0],[631.0],[642.0],[753.0],[642.0],[236.0],[739.0],[947.0],[273.0],[139.0],[411.0],[340.0],[693.0],[204.0],[739.0],[829.0],[244.0],[453.0],[829.0],[905.0],[823.0],[504.0],[162.0],[377.0],[739.0],[142.0],[949.0],[739.0],[248.0],[949.0],[248.0],[139.0],[226.0]
2,[676.0],[390.0],[905.0],[553.0],[739.0],[142.0],[142.0],[957.0],[504.0],[580.0],[739.0],[453.0],[580.0],[722.0],[340.0],[669.0],[905.0],[204.0],[631.0],[631.0],[669.0],[236.0],[204.0],[248.0],[411.0],[226.0],[905.0],[463.0],[139.0],[553.0],[162.0],[390.0],[693.0],[829.0],[949.0],[642.0],[949.0],[949.0],[957.0],[273.0],[888.0],[739.0],[345.0],[293.0],[463.0],[463.0],[204.0],[411.0],[411.0],[411.0],[722.0],[453.0],[204.0],[377.0],[580.0],[823.0],[463.0],[340.0],[377.0],[829.0],[162.0],[453.0],[829.0],[823.0],[30.0],[504.0],[142.0],[390.0],[553.0],[888.0],[244.0],[696.0],[204.0],[722.0],[629.0],[538.0],[142.0],[669.0],[345.0],[236.0],[506.0],[273.0],[739.0],[947.0],[580.0],[504.0],[823.0],[236.0],[244.0],[293.0],[142.0],[30.0],[905.0],[888.0],[411.0],[753.0],[345.0],[463.0],[236.0],[631.0]
3,[411.0],[722.0],[693.0],[693.0],[236.0],[340.0],[345.0],[722.0],[846.0],[340.0],[949.0],[273.0],[669.0],[453.0],[139.0],[829.0],[739.0],[753.0],[957.0],[947.0],[340.0],[390.0],[580.0],[340.0],[463.0],[236.0],[377.0],[453.0],[753.0],[693.0],[463.0],[676.0],[375.0],[722.0],[463.0],[377.0],[463.0],[642.0],[273.0],[947.0],[949.0],[463.0],[905.0],[463.0],[204.0],[829.0],[538.0],[236.0],[293.0],[846.0],[846.0],[30.0],[888.0],[204.0],[377.0],[676.0],[553.0],[753.0],[696.0],[739.0],[538.0],[538.0],[669.0],[377.0],[236.0],[553.0],[244.0],[949.0],[390.0],[829.0],[139.0],[949.0],[722.0],[580.0],[553.0],[453.0],[504.0],[947.0],[947.0],[226.0],[693.0],[142.0],[506.0],[30.0],[345.0],[453.0],[142.0],[631.0],[390.0],[580.0],[949.0],[829.0],[739.0],[693.0],[580.0],[888.0],[693.0],[411.0],[669.0],[293.0]
4,[823.0],[823.0],[204.0],[236.0],[823.0],[236.0],[888.0],[390.0],[580.0],[947.0],[162.0],[888.0],[248.0],[375.0],[829.0],[162.0],[293.0],[244.0],[375.0],[340.0],[236.0],[411.0],[248.0],[829.0],[696.0],[411.0],[162.0],[538.0],[204.0],[411.0],[506.0],[30.0],[293.0],[204.0],[244.0],[139.0],[669.0],[739.0],[553.0],[905.0],[273.0],[340.0],[204.0],[580.0],[949.0],[888.0],[846.0],[669.0],[722.0],[204.0],[30.0],[739.0],[829.0],[669.0],[669.0],[739.0],[753.0],[139.0],[506.0],[629.0],[693.0],[293.0],[696.0],[829.0],[553.0],[248.0],[949.0],[345.0],[642.0],[293.0],[390.0],[273.0],[957.0],[204.0],[753.0],[248.0],[631.0],[248.0],[829.0],[162.0],[390.0],[669.0],[823.0],[696.0],[30.0],[375.0],[463.0],[580.0],[739.0],[642.0],[390.0],[162.0],[411.0],[390.0],[823.0],[846.0],[905.0],[340.0],[142.0],[244.0]
5,[340.0],[631.0],[739.0],[580.0],[957.0],[629.0],[553.0],[949.0],[411.0],[629.0],[293.0],[345.0],[411.0],[479.0],[905.0],[947.0],[463.0],[538.0],[949.0],[30.0],[293.0],[293.0],[888.0],[888.0],[629.0],[479.0],[629.0],[236.0],[949.0],[506.0],[345.0],[411.0],[411.0],[226.0],[669.0],[204.0],[676.0],[340.0],[453.0],[669.0],[463.0],[669.0],[236.0],[905.0],[30.0],[293.0],[463.0],[142.0],[693.0],[30.0],[142.0],[888.0],[669.0],[411.0],[888.0],[204.0],[30.0],[846.0],[463.0],[411.0],[846.0],[375.0],[390.0],[204.0],[479.0],[390.0],[947.0],[340.0],[947.0],[375.0],[538.0],[139.0],[139.0],[669.0],[580.0],[676.0],[642.0],[580.0],[642.0],[340.0],[888.0],[642.0],[142.0],[504.0],[506.0],[949.0],[236.0],[753.0],[947.0],[30.0],[693.0],[722.0],[846.0],[823.0],[345.0],[739.0],[30.0],[226.0],[693.0],[846.0]
6,[273.0],[696.0],[888.0],[957.0],[676.0],[538.0],[162.0],[753.0],[293.0],[293.0],[888.0],[463.0],[722.0],[411.0],[504.0],[411.0],[345.0],[463.0],[642.0],[722.0],[696.0],[629.0],[669.0],[642.0],[345.0],[139.0],[504.0],[340.0],[236.0],[642.0],[538.0],[273.0],[30.0],[753.0],[453.0],[293.0],[957.0],[823.0],[204.0],[139.0],[753.0],[696.0],[629.0],[273.0],[504.0],[236.0],[142.0],[642.0],[580.0],[390.0],[506.0],[846.0],[722.0],[753.0],[411.0],[949.0],[739.0],[30.0],[479.0],[949.0],[631.0],[204.0],[479.0],[139.0],[411.0],[340.0],[580.0],[479.0],[340.0],[453.0],[30.0],[957.0],[293.0],[340.0],[949.0],[377.0],[957.0],[204.0],[411.0],[739.0],[236.0],[504.0],[377.0],[538.0],[957.0],[377.0],[829.0],[142.0],[204.0],[947.0],[846.0],[949.0],[722.0],[139.0],[949.0],[273.0],[846.0],[538.0],[888.0],[506.0]
7,[293.0],[739.0],[411.0],[204.0],[553.0],[631.0],[504.0],[739.0],[142.0],[504.0],[693.0],[236.0],[390.0],[463.0],[293.0],[957.0],[823.0],[248.0],[722.0],[375.0],[139.0],[739.0],[504.0],[390.0],[479.0],[506.0],[345.0],[823.0],[411.0],[463.0],[888.0],[693.0],[949.0],[390.0],[479.0],[739.0],[506.0],[629.0],[693.0],[504.0],[947.0],[226.0],[30.0],[629.0],[506.0],[377.0],[629.0],[377.0],[538.0],[375.0],[479.0],[753.0],[345.0],[504.0],[236.0],[226.0],[888.0],[631.0],[693.0],[390.0],[453.0],[829.0],[293.0],[949.0],[696.0],[696.0],[676.0],[580.0],[739.0],[390.0],[553.0],[30.0],[411.0],[693.0],[693.0],[506.0],[375.0],[340.0],[390.0],[142.0],[479.0],[629.0],[463.0],[888.0],[273.0],[957.0],[345.0],[248.0],[345.0],[722.0],[273.0],[204.0],[823.0],[377.0],[139.0],[538.0],[629.0],[693.0],[739.0],[504.0]
8,[390.0],[905.0],[669.0],[722.0],[411.0],[739.0],[629.0],[453.0],[553.0],[696.0],[345.0],[226.0],[739.0],[142.0],[390.0],[580.0],[162.0],[30.0],[888.0],[676.0],[642.0],[453.0],[453.0],[162.0],[949.0],[629.0],[142.0],[669.0],[580.0],[669.0],[204.0],[722.0],[823.0],[553.0],[629.0],[823.0],[345.0],[293.0],[504.0],[580.0],[453.0],[693.0],[642.0],[244.0],[957.0],[30.0],[957.0],[204.0],[340.0],[226.0],[139.0],[676.0],[696.0],[390.0],[957.0],[669.0],[676.0],[538.0],[273.0],[204.0],[345.0],[693.0],[345.0],[722.0],[957.0],[722.0],[162.0],[293.0],[676.0],[823.0],[479.0],[162.0],[142.0],[293.0],[244.0],[949.0],[248.0],[696.0],[142.0],[204.0],[669.0],[162.0],[244.0],[553.0],[829.0],[722.0],[244.0],[30.0],[553.0],[538.0],[739.0],[248.0],[506.0],[375.0],[293.0],[693.0],[669.0],[273.0],[463.0],[453.0]
9,[949.0],[139.0],[142.0],[293.0],[204.0],[162.0],[506.0],[846.0],[829.0],[538.0],[823.0],[669.0],[453.0],[377.0],[949.0],[823.0],[829.0],[829.0],[676.0],[390.0],[506.0],[162.0],[947.0],[947.0],[722.0],[829.0],[631.0],[479.0],[504.0],[722.0],[947.0],[226.0],[390.0],[888.0],[293.0],[248.0],[236.0],[377.0],[846.0],[293.0],[957.0],[293.0],[463.0],[957.0],[669.0],[226.0],[580.0],[631.0],[142.0],[888.0],[236.0],[693.0],[504.0],[629.0],[696.0],[139.0],[538.0],[273.0],[823.0],[538.0],[753.0],[506.0],[905.0],[30.0],[693.0],[204.0],[553.0],[248.0],[506.0],[463.0],[676.0],[553.0],[947.0],[506.0],[829.0],[204.0],[669.0],[390.0],[629.0],[580.0],[957.0],[236.0],[722.0],[823.0],[888.0],[553.0],[506.0],[453.0],[411.0],[888.0],[244.0],[888.0],[696.0],[676.0],[538.0],[722.0],[162.0],[947.0],[204.0],[905.0]
10,[345.0],[226.0],[463.0],[753.0],[162.0],[377.0],[846.0],[829.0],[739.0],[463.0],[722.0],[739.0],[236.0],[949.0],[236.0],[846.0],[631.0],[479.0],[739.0],[377.0],[244.0],[204.0],[846.0],[722.0],[340.0],[273.0],[506.0],[248.0],[739.0],[696.0],[504.0],[244.0],[504.0],[823.0],[722.0],[142.0],[722.0],[676.0],[340.0],[629.0],[642.0],[580.0],[553.0],[753.0],[553.0],[949.0],[669.0],[30.0],[949.0],[538.0],[631.0],[411.0],[957.0],[453.0],[846.0],[631.0],[722.0],[957.0],[248.0],[345.0],[244.0],[629.0],[722.0],[629.0],[629.0],[226.0],[390.0],[538.0],[375.0],[949.0],[949.0],[538.0],[642.0],[629.0],[293.0],[30.0],[753.0],[244.0],[949.0],[629.0],[345.0],[453.0],[753.0],[829.0],[479.0],[293.0],[30.0],[642.0],[479.0],[696.0],[504.0],[693.0],[236.0],[642.0],[629.0],[479.0],[631.0],[905.0],[345.0],[390.0]
11,[693.0],[142.0],[676.0],[538.0],[30.0],[947.0],[823.0],[479.0],[375.0],[273.0],[553.0],[949.0],[377.0],[642.0],[753.0],[949.0],[753.0],[162.0],[204.0],[642.0],[629.0],[139.0],[463.0],[696.0],[669.0],[293.0],[676.0],[629.0],[463.0],[139.0],[642.0],[139.0],[696.0],[345.0],[696.0],[411.0],[696.0],[553.0],[30.0],[676.0],[823.0],[345.0],[631.0],[888.0],[345.0],[139.0],[340.0],[629.0],[204.0],[722.0],[162.0],[139.0],[538.0],[888.0],[204.0],[293.0],[506.0],[739.0],[949.0],[236.0],[957.0],[463.0],[846.0],[580.0],[244.0],[377.0],[669.0],[204.0],[248.0],[629.0],[888.0],[580.0],[693.0],[463.0],[463.0],[722.0],[204.0],[504.0],[293.0],[390.0],[905.0],[340.0],[669.0],[479.0],[949.0],[696.0],[947.0],[629.0],[30.0],[676.0],[375.0],[947.0],[947.0],[293.0],[375.0],[463.0],[504.0],[345.0],[580.0],[580.0]
12,[226.0],[669.0],[696.0],[345.0],[273.0],[293.0],[905.0],[345.0],[696.0],[479.0],[957.0],[162.0],[139.0],[829.0],[739.0],[293.0],[696.0],[722.0],[142.0],[949.0],[676.0],[226.0],[375.0],[739.0],[846.0],[30.0],[538.0],[244.0],[823.0],[629.0],[669.0],[162.0],[753.0],[739.0],[538.0],[506.0],[739.0],[273.0],[823.0],[957.0],[236.0],[142.0],[739.0],[693.0],[829.0],[506.0],[293.0],[722.0],[739.0],[479.0],[580.0],[553.0],[739.0],[829.0],[538.0],[538.0],[340.0],[236.0],[345.0],[506.0],[273.0],[504.0],[739.0],[696.0],[390.0],[753.0],[846.0],[142.0],[463.0],[905.0],[293.0],[905.0],[631.0],[236.0],[696.0],[390.0],[162.0],[631.0],[905.0],[631.0],[375.0],[829.0],[631.0],[453.0],[411.0],[248.0],[669.0],[905.0],[722.0],[693.0],[345.0],[479.0],[345.0],[204.0],[947.0],[411.0],[142.0],[453.0],[947.0],[479.0]
13,[957.0],[957.0],[504.0],[30.0],[142.0],[204.0],[580.0],[580.0],[204.0],[345.0],[377.0],[204.0],[293.0],[273.0],[580.0],[204.0],[248.0],[642.0],[479.0],[204.0],[846.0],[693.0],[377.0],[629.0],[244.0],[957.0],[139.0],[204.0],[888.0],[739.0],[693.0],[669.0],[739.0],[693.0],[162.0],[340.0],[142.0],[504.0],[676.0],[345.0],[538.0],[553.0],[580.0],[722.0],[273.0],[204.0],[236.0],[390.0],[345.0],[506.0],[411.0],[273.0],[293.0],[947.0],[30.0],[30.0],[244.0],[463.0],[411.0],[722.0],[142.0],[553.0],[693.0],[669.0],[345.0],[629.0],[888.0],[693.0],[453.0],[139.0],[463.0],[629.0],[949.0],[846.0],[390.0],[345.0],[693.0],[693.0],[506.0],[823.0],[629.0],[463.0],[905.0],[739.0],[947.0],[538.0],[888.0],[676.0],[273.0],[506.0],[888.0],[293.0],[390.0],[248.0],[463.0],[139.0],[553.0],[629.0],[340.0],[273.0]
14,[204.0],[504.0],[642.0],[390.0],[631.0],[30.0],[693.0],[142.0],[345.0],[753.0],[453.0],[553.0],[142.0],[204.0],[823.0],[453.0],[949.0],[846.0],[506.0],[504.0],[823.0],[580.0],[829.0],[345.0],[676.0],[631.0],[375.0],[411.0],[340.0],[273.0],[139.0],[479.0],[538.0],[629.0],[739.0],[905.0],[580.0],[463.0],[580.0],[142.0],[375.0],[957.0],[722.0],[504.0],[236.0],[244.0],[345.0],[949.0],[553.0],[739.0],[377.0],[829.0],[949.0],[236.0],[390.0],[463.0],[162.0],[642.0],[722.0],[947.0],[139.0],[722.0],[139.0],[390.0],[226.0],[631.0],[504.0],[553.0],[345.0],[538.0],[506.0],[453.0],[629.0],[226.0],[823.0],[888.0],[411.0],[739.0],[739.0],[139.0],[829.0],[479.0],[538.0],[340.0],[139.0],[629.0],[580.0],[504.0],[629.0],[142.0],[204.0],[696.0],[888.0],[411.0],[236.0],[905.0],[293.0],[753.0],[504.0],[676.0]
15,[888.0],[463.0],[236.0],[162.0],[949.0],[411.0],[377.0],[506.0],[340.0],[244.0],[538.0],[248.0],[823.0],[631.0],[957.0],[676.0],[142.0],[696.0],[947.0],[479.0],[345.0],[345.0],[905.0],[375.0],[142.0],[204.0],[244.0],[676.0],[30.0],[162.0],[273.0],[629.0],[340.0],[293.0],[829.0],[162.0],[244.0],[846.0],[642.0],[753.0],[506.0],[273.0],[753.0],[669.0],[696.0],[479.0],[504.0],[340.0],[236.0],[629.0],[629.0],[340.0],[753.0],[142.0],[463.0],[479.0],[377.0],[669.0],[340.0],[693.0],[390.0],[377.0],[753.0],[753.0],[453.0],[293.0],[30.0],[506.0],[236.0],[631.0],[642.0],[244.0],[453.0],[947.0],[888.0],[226.0],[244.0],[722.0],[463.0],[30.0],[947.0],[693.0],[340.0],[273.0],[846.0],[226.0],[739.0],[293.0],[580.0],[669.0],[463.0],[846.0],[631.0],[504.0],[722.0],[226.0],[236.0],[236.0],[846.0],[139.0]
16,[375.0],[273.0],[244.0],[829.0],[375.0],[888.0],[947.0],[669.0],[669.0],[739.0],[905.0],[390.0],[957.0],[669.0],[888.0],[30.0],[947.0],[693.0],[162.0],[273.0],[377.0],[504.0],[236.0],[905.0],[888.0],[375.0],[696.0],[504.0],[696.0],[949.0],[236.0],[506.0],[345.0],[411.0],[345.0],[580.0],[631.0],[696.0],[629.0],[411.0],[722.0],[236.0],[949.0],[538.0],[142.0],[722.0],[375.0],[676.0],[248.0],[905.0],[375.0],[226.0],[823.0],[162.0],[676.0],[345.0],[957.0],[553.0],[753.0],[463.0],[204.0],[30.0],[506.0],[244.0],[753.0],[30.0],[236.0],[823.0],[949.0],[411.0],[846.0],[340.0],[676.0],[375.0],[162.0],[375.0],[463.0],[479.0],[377.0],[377.0],[722.0],[244.0],[553.0],[226.0],[905.0],[390.0],[949.0],[139.0],[162.0],[236.0],[293.0],[142.0],[162.0],[957.0],[504.0],[829.0],[739.0],[377.0],[722.0],[538.0]
17,[538.0],[538.0],[390.0],[479.0],[453.0],[722.0],[722.0],[273.0],[377.0],[411.0],[411.0],[580.0],[463.0],[538.0],[453.0],[236.0],[411.0],[236.0],[823.0],[829.0],[375.0],[375.0],[273.0],[504.0],[829.0],[888.0],[273.0],[957.0],[553.0],[538.0],[453.0],[696.0],[629.0],[340.0],[390.0],[273.0],[273.0],[30.0],[377.0],[162.0],[411.0],[375.0],[273.0],[642.0],[676.0],[345.0],[739.0],[905.0],[676.0],[377.0],[538.0],[642.0],[375.0],[580.0],[375.0],[629.0],[345.0],[345.0],[888.0],[340.0],[676.0],[142.0],[676.0],[538.0],[504.0],[345.0],[823.0],[226.0],[693.0],[696.0],[823.0],[375.0],[739.0],[538.0],[905.0],[553.0],[629.0],[905.0],[226.0],[553.0],[504.0],[888.0],[226.0],[377.0],[390.0],[676.0],[957.0],[947.0],[506.0],[553.0],[411.0],[345.0],[949.0],[696.0],[377.0],[947.0],[479.0],[669.0],[753.0],[696.0]
18,[139.0],[506.0],[846.0],[669.0],[226.0],[905.0],[676.0],[823.0],[226.0],[888.0],[696.0],[538.0],[504.0],[957.0],[846.0],[629.0],[642.0],[142.0],[139.0],[553.0],[411.0],[506.0],[340.0],[949.0],[957.0],[538.0],[829.0],[293.0],[142.0],[888.0],[30.0],[375.0],[142.0],[696.0],[204.0],[244.0],[947.0],[506.0],[162.0],[949.0],[345.0],[506.0],[453.0],[204.0],[947.0],[162.0],[139.0],[846.0],[696.0],[293.0],[669.0],[504.0],[453.0],[693.0],[142.0],[553.0],[631.0],[504.0],[453.0],[823.0],[553.0],[411.0],[30.0],[340.0],[506.0],[506.0],[248.0],[696.0],[504.0],[162.0],[693.0],[248.0],[504.0],[273.0],[504.0],[753.0],[345.0],[139.0],[753.0],[696.0],[273.0],[226.0],[696.0],[463.0],[162.0],[345.0],[411.0],[463.0],[823.0],[377.0],[139.0],[642.0],[273.0],[226.0],[669.0],[204.0],[377.0],[293.0],[248.0],[949.0]
19,[829.0],[753.0],[375.0],[905.0],[829.0],[273.0],[696.0],[204.0],[949.0],[631.0],[846.0],[829.0],[538.0],[580.0],[538.0],[553.0],[538.0],[823.0],[273.0],[248.0],[30.0],[947.0],[949.0],[142.0],[553.0],[846.0],[463.0],[139.0],[506.0],[142.0],[829.0],[453.0],[204.0],[30.0],[236.0],[949.0],[642.0],[538.0],[506.0],[244.0],[905.0],[829.0],[676.0],[949.0],[377.0],[538.0],[722.0],[345.0],[273.0],[162.0],[273.0],[390.0],[629.0],[957.0],[340.0],[888.0],[375.0],[162.0],[226.0],[669.0],[629.0],[823.0],[204.0],[479.0],[162.0],[693.0],[829.0],[753.0],[722.0],[204.0],[340.0],[293.0],[696.0],[642.0],[669.0],[293.0],[722.0],[538.0],[236.0],[453.0],[162.0],[949.0],[888.0],[142.0],[244.0],[739.0],[631.0],[479.0],[846.0],[629.0],[538.0],[226.0],[580.0],[453.0],[248.0],[236.0],[204.0],[244.0],[629.0],[345.0]
20,[722.0],[693.0],[580.0],[504.0],[479.0],[829.0],[244.0],[504.0],[273.0],[162.0],[30.0],[142.0],[345.0],[676.0],[142.0],[739.0],[273.0],[947.0],[553.0],[538.0],[479.0],[753.0],[739.0],[377.0],[823.0],[345.0],[340.0],[377.0],[829.0],[390.0],[411.0],[642.0],[722.0],[377.0],[377.0],[957.0],[226.0],[669.0],[479.0],[479.0],[631.0],[631.0],[947.0],[377.0],[753.0],[947.0],[947.0],[753.0],[375.0],[463.0],[345.0],[479.0],[693.0],[905.0],[553.0],[642.0],[139.0],[823.0],[162.0],[580.0],[463.0],[236.0],[949.0],[631.0],[248.0],[580.0],[905.0],[631.0],[377.0],[377.0],[957.0],[753.0],[846.0],[162.0],[538.0],[139.0],[580.0],[506.0],[273.0],[411.0],[580.0],[553.0],[139.0],[631.0],[538.0],[753.0],[139.0],[390.0],[693.0],[949.0],[629.0],[504.0],[504.0],[829.0],[390.0],[162.0],[340.0],[957.0],[226.0],[642.0]
21,[642.0],[293.0],[340.0],[506.0],[390.0],[553.0],[949.0],[947.0],[957.0],[642.0],[226.0],[642.0],[696.0],[226.0],[162.0],[226.0],[139.0],[293.0],[504.0],[753.0],[463.0],[340.0],[722.0],[463.0],[30.0],[390.0],[30.0],[375.0],[345.0],[453.0],[340.0],[538.0],[947.0],[676.0],[888.0],[669.0],[553.0],[142.0],[411.0],[722.0],[846.0],[139.0],[248.0],[947.0],[905.0],[957.0],[888.0],[506.0],[629.0],[248.0],[248.0],[375.0],[506.0],[293.0],[293.0],[504.0],[846.0],[375.0],[669.0],[642.0],[375.0],[888.0],[453.0],[453.0],[676.0],[463.0],[293.0],[722.0],[479.0],[479.0],[453.0],[829.0],[377.0],[905.0],[345.0],[957.0],[538.0],[162.0],[888.0],[293.0],[244.0],[411.0],[479.0],[676.0],[753.0],[693.0],[453.0],[244.0],[696.0],[504.0],[340.0],[823.0],[30.0],[273.0],[696.0],[504.0],[506.0],[829.0],[506.0],[553.0]
22,[580.0],[479.0],[957.0],[463.0],[693.0],[580.0],[248.0],[162.0],[30.0],[139.0],[947.0],[377.0],[204.0],[248.0],[204.0],[538.0],[669.0],[669.0],[244.0],[463.0],[453.0],[949.0],[957.0],[411.0],[504.0],[453.0],[753.0],[947.0],[669.0],[504.0],[244.0],[739.0],[905.0],[580.0],[580.0],[479.0],[377.0],[722.0],[244.0],[642.0],[829.0],[162.0],[693.0],[829.0],[538.0],[504.0],[411.0],[463.0],[226.0],[142.0],[244.0],[905.0],[248.0],[696.0],[947.0],[506.0],[823.0],[722.0],[504.0],[553.0],[739.0],[479.0],[629.0],[236.0],[846.0],[479.0],[957.0],[846.0],[411.0],[722.0],[375.0],[226.0],[905.0],[345.0],[739.0],[631.0],[377.0],[949.0],[244.0],[538.0],[30.0],[696.0],[411.0],[139.0],[553.0],[411.0],[642.0],[722.0],[957.0],[340.0],[829.0],[669.0],[538.0],[947.0],[888.0],[390.0],[248.0],[739.0],[957.0],[30.0]
23,[753.0],[642.0],[722.0],[340.0],[248.0],[504.0],[669.0],[905.0],[248.0],[722.0],[139.0],[823.0],[888.0],[236.0],[248.0],[340.0],[553.0],[957.0],[463.0],[506.0],[905.0],[957.0],[345.0],[293.0],[947.0],[722.0],[553.0],[273.0],[375.0],[293.0],[957.0],[957.0],[377.0],[669.0],[142.0],[696.0],[504.0],[957.0],[226.0],[377.0],[340.0],[905.0],[377.0],[162.0],[375.0],[696.0],[949.0],[479.0],[888.0],[345.0],[226.0],[957.0],[273.0],[949.0],[226.0],[957.0],[829.0],[411.0],[739.0],[888.0],[905.0],[580.0],[504.0],[693.0],[631.0],[905.0],[139.0],[947.0],[957.0],[669.0],[273.0],[142.0],[226.0],[377.0],[139.0],[244.0],[696.0],[236.0],[504.0],[949.0],[949.0],[293.0],[293.0],[957.0],[693.0],[236.0],[538.0],[506.0],[538.0],[204.0],[580.0],[506.0],[676.0],[846.0],[244.0],[553.0],[273.0],[642.0],[411.0],[375.0]
24,[504.0],[162.0],[273.0],[453.0],[538.0],[248.0],[236.0],[244.0],[453.0],[142.0],[390.0],[846.0],[340.0],[504.0],[696.0],[905.0],[236.0],[553.0],[453.0],[629.0],[538.0],[669.0],[293.0],[631.0],[631.0],[463.0],[479.0],[888.0],[293.0],[236.0],[949.0],[345.0],[463.0],[538.0],[553.0],[693.0],[823.0],[631.0],[236.0],[693.0],[142.0],[538.0],[823.0],[375.0],[453.0],[340.0],[553.0],[139.0],[823.0],[693.0],[204.0],[244.0],[553.0],[273.0],[345.0],[829.0],[411.0],[453.0],[244.0],[696.0],[340.0],[947.0],[248.0],[142.0],[293.0],[642.0],[696.0],[888.0],[226.0],[947.0],[739.0],[236.0],[463.0],[139.0],[846.0],[236.0],[947.0],[642.0],[538.0],[722.0],[293.0],[631.0],[273.0],[629.0],[676.0],[846.0],[340.0],[696.0],[631.0],[226.0],[696.0],[273.0],[293.0],[142.0],[905.0],[375.0],[829.0],[676.0],[538.0],[248.0]
25,[739.0],[204.0],[829.0],[696.0],[463.0],[345.0],[631.0],[676.0],[753.0],[669.0],[829.0],[139.0],[947.0],[888.0],[553.0],[479.0],[629.0],[580.0],[293.0],[226.0],[248.0],[377.0],[30.0],[226.0],[293.0],[823.0],[947.0],[226.0],[226.0],[947.0],[390.0],[888.0],[846.0],[846.0],[273.0],[504.0],[846.0],[345.0],[949.0],[506.0],[390.0],[377.0],[506.0],[411.0],[846.0],[642.0],[676.0],[244.0],[504.0],[829.0],[823.0],[162.0],[390.0],[676.0],[453.0],[340.0],[204.0],[248.0],[829.0],[753.0],[506.0],[226.0],[888.0],[739.0],[375.0],[739.0],[411.0],[669.0],[669.0],[739.0],[722.0],[631.0],[753.0],[631.0],[340.0],[463.0],[823.0],[753.0],[669.0],[947.0],[553.0],[823.0],[236.0],[345.0],[642.0],[631.0],[162.0],[846.0],[453.0],[390.0],[162.0],[629.0],[629.0],[30.0],[829.0],[629.0],[411.0],[142.0],[949.0],[753.0]
26,[846.0],[377.0],[248.0],[676.0],[846.0],[453.0],[753.0],[226.0],[629.0],[957.0],[676.0],[753.0],[693.0],[553.0],[479.0],[139.0],[30.0],[631.0],[669.0],[823.0],[829.0],[829.0],[226.0],[693.0],[390.0],[676.0],[846.0],[739.0],[957.0],[345.0],[580.0],[204.0],[236.0],[248.0],[823.0],[345.0],[829.0],[236.0],[538.0],[846.0],[693.0],[390.0],[293.0],[30.0],[629.0],[411.0],[377.0],[453.0],[377.0],[642.0],[453.0],[506.0],[377.0],[823.0],[504.0],[142.0],[273.0],[390.0],[676.0],[293.0],[479.0],[957.0],[631.0],[506.0],[273.0],[957.0],[479.0],[377.0],[273.0],[957.0],[377.0],[823.0],[538.0],[823.0],[479.0],[642.0],[340.0],[226.0],[204.0],[248.0],[142.0],[947.0],[375.0],[248.0],[375.0],[273.0],[248.0],[273.0],[753.0],[739.0],[722.0],[753.0],[340.0],[345.0],[693.0],[506.0],[244.0],[506.0],[823.0],[236.0]
27,[669.0],[949.0],[30.0],[375.0],[139.0],[693.0],[411.0],[696.0],[642.0],[949.0],[204.0],[693.0],[375.0],[390.0],[722.0],[463.0],[676.0],[226.0],[538.0],[696.0],[722.0],[722.0],[823.0],[676.0],[375.0],[696.0],[390.0],[722.0],[722.0],[248.0],[375.0],[377.0],[580.0],[463.0],[411.0],[829.0],[629.0],[375.0],[631.0],[340.0],[204.0],[846.0],[226.0],[479.0],[244.0],[248.0],[390.0],[273.0],[30.0],[823.0],[947.0],[585.0],[642.0],[139.0],[629.0],[248.0],[905.0],[244.0],[30.0],[676.0],[248.0],[345.0],[244.0],[248.0],[905.0],[947.0],[753.0],[139.0],[142.0],[553.0],[226.0],[504.0],[506.0],[453.0],[273.0],[669.0],[905.0],[463.0],[693.0],[669.0],[248.0],[580.0],[947.0],[580.0],[236.0],[30.0],[753.0],[739.0],[236.0],[479.0],[226.0],[139.0],[204.0],[631.0],[204.0],[244.0],[139.0],[162.0],[408.0],[162.0]
28,[142.0],[345.0],[947.0],[631.0],[506.0],[463.0],[453.0],[248.0],[139.0],[248.0],[753.0],[506.0],[949.0],[905.0],[693.0],[377.0],[244.0],[905.0],[411.0],[162.0],[273.0],[905.0],[411.0],[30.0],[506.0],[753.0],[722.0],[696.0],[947.0],[204.0],[722.0],[504.0],[453.0],[957.0],[504.0],[629.0],[453.0],[248.0],[829.0],[739.0],[244.0],[753.0],[957.0],[236.0],[722.0],[453.0],[823.0],[739.0],[162.0],[273.0],[829.0],[293.0],[340.0],[479.0],[273.0],[696.0],[629.0],[293.0],[204.0],[905.0],[226.0],[390.0],[823.0],[463.0],[377.0],[375.0],[631.0],[905.0],[580.0],[345.0],[631.0],[479.0],[375.0],[957.0],[142.0],[693.0],[30.0],[553.0],[553.0],[504.0],[463.0],[345.0],[580.0],[693.0],[340.0],[669.0],[696.0],[226.0],[139.0],[345.0],[823.0],[340.0],[553.0],[479.0],[642.0],[631.0],[226.0],[553.0],[498.0],[957.0]
29,[244.0],[244.0],[538.0],[642.0],[753.0],[823.0],[390.0],[693.0],[244.0],[846.0],[669.0],[905.0],[408.0],[629.0],[411.0],[506.0],[957.0],[345.0],[846.0],[293.0],[580.0],[142.0],[676.0],[236.0],[905.0],[642.0],[204.0],[693.0],[846.0],[753.0],[248.0],[142.0],[408.0],[236.0],[340.0],[947.0],[204.0],[244.0],[293.0],[390.0],[248.0],[453.0],[142.0],[823.0],[479.0],[676.0],[273.0],[829.0],[829.0],[553.0],[553.0],[204.0],[905.0],[642.0],[829.0],[236.0],[236.0],[829.0],[905.0],[479.0],[722.0],[739.0],[411.0],[375.0],[949.0],[676.0],[629.0],[629.0],[829.0],[580.0],[345.0],[377.0],[162.0],[696.0],[248.0],[823.0],[846.0],[957.0],[846.0],[463.0],[377.0],[538.0],[629.0],[722.0],[248.0],[162.0],[846.0],[829.0],[829.0],[411.0],[236.0],[453.0],[463.0],[162.0],[340.0],[345.0],[642.0],[504.0],[875.0],[888.0]
30,[506.0],[829.0],[293.0],[139.0],[293.0],[390.0],[375.0],[340.0],[888.0],[204.0],[340.0],[340.0],[498.0],[753.0],[463.0],[390.0],[377.0],[411.0],[30.0],[846.0],[504.0],[846.0],[390.0],[823.0],[739.0],[580.0],[248.0],[949.0],[479.0],[30.0],[479.0],[905.0],[479.0],[408.0],[631.0],[236.0],[693.0],[753.0],[753.0],[248.0],[676.0],[722.0],[244.0],[739.0],[139.0],[629.0],[696.0],[375.0],[463.0],[753.0],[739.0],[138.0],[411.0],[631.0],[823.0],[453.0],[585.0],[949.0],[947.0],[142.0],[642.0],[846.0],[377.0],[162.0],[585.0],[949.0],[506.0],[676.0],[629.0],[693.0],[629.0],[693.0],[244.0],[553.0],[642.0],[629.0],[236.0],[273.0],[722.0],[753.0],[340.0],[722.0],[345.0],[753.0],[823.0],[463.0],[553.0],[375.0],[377.0],[375.0],[553.0],[538.0],[226.0],[722.0],[30.0],[30.0],[753.0],[580.0],[4.0],[463.0]
31,[629.0],[580.0],[629.0],[411.0],[888.0],[669.0],[479.0],[293.0],[947.0],[377.0],[244.0],[375.0],[244.0],[345.0],[669.0],[888.0],[506.0],[375.0],[905.0],[236.0],[888.0],[888.0],[244.0],[753.0],[377.0],[377.0],[236.0],[408.0],[162.0],[479.0],[846.0],[293.0],[957.0],[631.0],[947.0],[390.0],[538.0],[479.0],[669.0],[226.0],[504.0],[947.0],[479.0],[676.0],[390.0],[375.0],[162.0],[248.0],[947.0],[453.0],[504.0],[669.0],[30.0],[345.0],[739.0],[162.0],[580.0],[479.0],[375.0],[408.0],[823.0],[340.0],[538.0],[293.0],[888.0],[139.0],[375.0],[829.0],[139.0],[142.0],[905.0],[846.0],[888.0],[142.0],[631.0],[829.0],[829.0],[846.0],[453.0],[345.0],[538.0],[139.0],[693.0],[846.0],[226.0],[204.0],[479.0],[162.0],[142.0],[408.0],[408.0],[236.0],[642.0],[506.0],[408.0],[340.0],[947.0],[949.0],[375.0],[585.0]
32,[30.0],[248.0],[408.0],[248.0],[244.0],[408.0],[204.0],[642.0],[905.0],[829.0],[273.0],[676.0],[875.0],[846.0],[629.0],[142.0],[375.0],[139.0],[236.0],[139.0],[947.0],[696.0],[629.0],[580.0],[204.0],[162.0],[949.0],[498.0],[629.0],[676.0],[293.0],[823.0],[498.0],[498.0],[957.0],[408.0],[479.0],[411.0],[905.0],[375.0],[139.0],[676.0],[162.0],[506.0],[693.0],[631.0],[829.0],[580.0],[408.0],[139.0],[957.0],[463.0],[947.0],[538.0],[408.0],[390.0],[138.0],[676.0],[629.0],[498.0],[30.0],[642.0],[947.0],[888.0],[739.0],[244.0],[722.0],[642.0],[244.0],[498.0],[829.0],[506.0],[669.0],[244.0],[226.0],[162.0],[739.0],[823.0],[696.0],[676.0],[823.0],[390.0],[453.0],[949.0],[293.0],[244.0],[377.0],[538.0],[463.0],[498.0],[875.0],[375.0],[753.0],[753.0],[498.0],[957.0],[538.0],[375.0],[905.0],[142.0]
33,[905.0],[553.0],[553.0],[226.0],[345.0],[479.0],[293.0],[375.0],[479.0],[226.0],[375.0],[411.0],[4.0],[293.0],[506.0],[722.0],[888.0],[453.0],[696.0],[957.0],[693.0],[408.0],[642.0],[244.0],[248.0],[504.0],[642.0],[875.0],[453.0],[846.0],[377.0],[248.0],[875.0],[875.0],[846.0],[375.0],[293.0],[139.0],[345.0],[823.0],[479.0],[479.0],[585.0],[142.0],[226.0],[846.0],[408.0],[888.0],[905.0],[947.0],[390.0],[452.0],[580.0],[375.0],[162.0],[846.0],[693.0],[142.0],[390.0],[875.0],[585.0],[949.0],[580.0],[226.0],[138.0],[273.0],[739.0],[463.0],[293.0],[875.0],[142.0],[585.0],[580.0],[949.0],[722.0],[479.0],[949.0],[829.0],[823.0],[479.0],[453.0],[377.0],[30.0],[204.0],[377.0],[340.0],[273.0],[553.0],[676.0],[139.0],[957.0],[411.0],[669.0],[905.0],[875.0],[696.0],[453.0],[30.0],[858.0],[739.0]
34,[479.0],[947.0],[498.0],[846.0],[629.0],[244.0],[538.0],[888.0],[631.0],[693.0],[479.0],[629.0],[858.0],[823.0],[244.0],[248.0],[846.0],[506.0],[377.0],[244.0],[753.0],[875.0],[162.0],[506.0],[538.0],[949.0],[226.0],[30.0],[631.0],[340.0],[553.0],[236.0],[248.0],[642.0],[408.0],[498.0],[375.0],[947.0],[375.0],[30.0],[293.0],[949.0],[138.0],[390.0],[580.0],[273.0],[498.0],[696.0],[498.0],[957.0],[463.0],[345.0],[139.0],[226.0],[905.0],[377.0],[452.0],[506.0],[957.0],[4.0],[888.0],[139.0],[463.0],[345.0],[142.0],[823.0],[453.0],[244.0],[204.0],[244.0],[947.0],[138.0],[30.0],[888.0],[506.0],[138.0],[390.0],[888.0],[408.0],[408.0],[642.0],[957.0],[949.0],[408.0],[585.0],[947.0],[375.0],[340.0],[642.0],[875.0],[631.0],[244.0],[244.0],[553.0],[4.0],[642.0],[375.0],[722.0],[642.0],[823.0]
35,[631.0],[888.0],[162.0],[273.0],[580.0],[753.0],[139.0],[139.0],[693.0],[905.0],[629.0],[408.0],[553.0],[693.0],[947.0],[375.0],[226.0],[676.0],[226.0],[888.0],[957.0],[858.0],[538.0],[538.0],[226.0],[553.0],[585.0],[4.0],[905.0],[377.0],[629.0],[553.0],[858.0],[375.0],[498.0],[875.0],[340.0],[580.0],[142.0],[538.0],[580.0],[888.0],[390.0],[408.0],[248.0],[580.0],[226.0],[553.0],[875.0],[244.0],[642.0],[467.0],[408.0],[463.0],[506.0],[411.0],[142.0],[888.0],[142.0],[226.0],[504.0],[408.0],[162.0],[504.0],[204.0],[411.0],[693.0],[504.0],[162.0],[4.0],[248.0],[204.0],[273.0],[390.0],[375.0],[142.0],[226.0],[142.0],[498.0],[905.0],[411.0],[408.0],[408.0],[375.0],[138.0],[139.0],[676.0],[411.0],[669.0],[631.0],[4.0],[390.0],[957.0],[585.0],[858.0],[453.0],[696.0],[204.0],[676.0],[669.0]
36,[696.0],[629.0],[875.0],[739.0],[585.0],[498.0],[408.0],[30.0],[162.0],[408.0],[585.0],[498.0],[676.0],[408.0],[30.0],[631.0],[580.0],[949.0],[585.0],[345.0],[390.0],[633.0],[479.0],[408.0],[453.0],[244.0],[693.0],[631.0],[377.0],[829.0],[823.0],[585.0],[139.0],[139.0],[226.0],[4.0],[411.0],[408.0],[248.0],[204.0],[30.0],[408.0],[452.0],[498.0],[823.0],[739.0],[875.0],[693.0],[4.0],[631.0],[293.0],[580.0],[498.0],[340.0],[498.0],[947.0],[467.0],[377.0],[538.0],[846.0],[138.0],[498.0],[340.0],[676.0],[463.0],[846.0],[463.0],[273.0],[696.0],[858.0],[669.0],[669.0],[553.0],[504.0],[408.0],[411.0],[408.0],[293.0],[631.0],[642.0],[696.0],[30.0],[676.0],[498.0],[452.0],[905.0],[585.0],[669.0],[293.0],[905.0],[676.0],[676.0],[693.0],[669.0],[631.0],[585.0],[580.0],[139.0],[633.0],[722.0]
37,[947.0],[375.0],[4.0],[377.0],[696.0],[875.0],[957.0],[377.0],[676.0],[498.0],[142.0],[30.0],[905.0],[498.0],[408.0],[273.0],[453.0],[504.0],[138.0],[585.0],[162.0],[631.0],[408.0],[139.0],[408.0],[585.0],[138.0],[858.0],[538.0],[631.0],[696.0],[580.0],[633.0],[479.0],[875.0],[676.0],[888.0],[498.0],[947.0],[463.0],[377.0],[498.0],[340.0],[875.0],[162.0],[753.0],[244.0],[408.0],[858.0],[236.0],[585.0],[840.0],[875.0],[506.0],[753.0],[905.0],[949.0],[226.0],[408.0],[244.0],[236.0],[631.0],[236.0],[408.0],[947.0],[585.0],[204.0],[408.0],[905.0],[676.0],[585.0],[452.0],[829.0],[753.0],[498.0],[340.0],[273.0],[408.0],[479.0],[244.0],[226.0],[248.0],[498.0],[506.0],[142.0],[479.0],[722.0],[585.0],[408.0],[273.0],[479.0],[553.0],[829.0],[629.0],[753.0],[138.0],[957.0],[823.0],[479.0],[138.0]
38,[463.0],[408.0],[226.0],[949.0],[947.0],[375.0],[30.0],[553.0],[390.0],[875.0],[138.0],[875.0],[642.0],[30.0],[498.0],[585.0],[693.0],[585.0],[452.0],[138.0],[949.0],[248.0],[506.0],[453.0],[498.0],[669.0],[452.0],[633.0],[408.0],[580.0],[408.0],[138.0],[874.0],[4.0],[905.0],[226.0],[753.0],[875.0],[585.0],[408.0],[739.0],[30.0],[467.0],[226.0],[411.0],[390.0],[642.0],[498.0],[846.0],[585.0],[949.0],[925.0],[226.0],[408.0],[479.0],[244.0],[840.0],[947.0],[642.0],[273.0],[947.0],[875.0],[273.0],[905.0],[722.0],[142.0],[642.0],[498.0],[30.0],[30.0],[580.0],[390.0],[340.0],[408.0],[875.0],[696.0],[498.0],[498.0],[875.0],[498.0],[846.0],[506.0],[875.0],[905.0],[467.0],[888.0],[693.0],[377.0],[375.0],[753.0],[858.0],[463.0],[408.0],[538.0],[633.0],[293.0],[585.0],[696.0],[553.0],[452.0]
39,[408.0],[846.0],[858.0],[244.0],[138.0],[4.0],[226.0],[463.0],[722.0],[506.0],[580.0],[858.0],[633.0],[506.0],[642.0],[138.0],[390.0],[888.0],[467.0],[142.0],[553.0],[874.0],[553.0],[498.0],[875.0],[138.0],[823.0],[874.0],[875.0],[408.0],[753.0],[947.0],[919.0],[858.0],[753.0],[858.0],[30.0],[162.0],[888.0],[498.0],[408.0],[875.0],[669.0],[553.0],[293.0],[905.0],[4.0],[162.0],[633.0],[138.0],[138.0],[227.0],[631.0],[498.0],[875.0],[580.0],[696.0],[696.0],[875.0],[30.0],[452.0],[248.0],[408.0],[846.0],[452.0],[236.0],[226.0],[875.0],[888.0],[633.0],[696.0],[467.0],[823.0],[498.0],[30.0],[452.0],[875.0],[875.0],[4.0],[506.0],[631.0],[498.0],[4.0],[642.0],[204.0],[506.0],[293.0],[138.0],[226.0],[4.0],[248.0],[631.0],[479.0],[138.0],[874.0],[377.0],[722.0],[888.0],[874.0],[467.0]
40,[553.0],[498.0],[633.0],[888.0],[467.0],[676.0],[642.0],[629.0],[506.0],[453.0],[463.0],[631.0],[919.0],[875.0],[875.0],[504.0],[340.0],[138.0],[925.0],[669.0],[204.0],[919.0],[498.0],[875.0],[753.0],[452.0],[888.0],[919.0],[4.0],[498.0],[676.0],[340.0],[824.0],[273.0],[4.0],[633.0],[139.0],[4.0],[408.0],[553.0],[498.0],[4.0],[411.0],[453.0],[642.0],[669.0],[858.0],[226.0],[874.0],[949.0],[467.0],[650.0],[4.0],[875.0],[631.0],[408.0],[925.0],[585.0],[846.0],[858.0],[411.0],[676.0],[498.0],[957.0],[467.0],[888.0],[340.0],[4.0],[408.0],[874.0],[504.0],[840.0],[479.0],[875.0],[957.0],[504.0],[4.0],[375.0],[858.0],[875.0],[739.0],[875.0],[846.0],[875.0],[840.0],[408.0],[629.0],[345.0],[248.0],[858.0],[633.0],[408.0],[375.0],[452.0],[676.0],[452.0],[138.0],[408.0],[919.0],[840.0]
41,[498.0],[30.0],[874.0],[947.0],[340.0],[858.0],[498.0],[585.0],[823.0],[553.0],[236.0],[244.0],[479.0],[162.0],[226.0],[696.0],[408.0],[452.0],[227.0],[739.0],[408.0],[642.0],[875.0],[957.0],[273.0],[739.0],[669.0],[162.0],[676.0],[875.0],[631.0],[408.0],[743.0],[633.0],[676.0],[846.0],[408.0],[858.0],[138.0],[631.0],[162.0],[858.0],[504.0],[4.0],[631.0],[408.0],[633.0],[957.0],[919.0],[452.0],[888.0],[949.0],[858.0],[4.0],[4.0],[875.0],[390.0],[580.0],[553.0],[633.0],[580.0],[753.0],[875.0],[498.0],[538.0],[138.0],[377.0],[858.0],[875.0],[226.0],[452.0],[925.0],[248.0],[479.0],[4.0],[580.0],[479.0],[4.0],[633.0],[4.0],[408.0],[4.0],[858.0],[585.0],[463.0],[585.0],[204.0],[452.0],[585.0],[633.0],[874.0],[585.0],[248.0],[467.0],[919.0],[949.0],[823.0],[498.0],[631.0],[925.0]
42,[875.0],[676.0],[139.0],[408.0],[377.0],[633.0],[273.0],[138.0],[585.0],[4.0],[408.0],[633.0],[824.0],[4.0],[4.0],[452.0],[585.0],[467.0],[650.0],[452.0],[498.0],[824.0],[4.0],[4.0],[4.0],[340.0],[293.0],[824.0],[858.0],[957.0],[498.0],[498.0],[162.0],[244.0],[858.0],[874.0],[162.0],[633.0],[498.0],[875.0],[875.0],[585.0],[840.0],[248.0],[739.0],[553.0],[874.0],[4.0],[824.0],[467.0],[693.0],[538.0],[633.0],[846.0],[858.0],[753.0],[227.0],[138.0],[585.0],[162.0],[408.0],[244.0],[4.0],[553.0],[823.0],[452.0],[498.0],[30.0],[846.0],[506.0],[236.0],[227.0],[390.0],[30.0],[453.0],[947.0],[858.0],[633.0],[162.0],[957.0],[676.0],[375.0],[162.0],[138.0],[722.0],[138.0],[138.0],[467.0],[138.0],[874.0],[30.0],[498.0],[498.0],[840.0],[479.0],[669.0],[463.0],[875.0],[162.0],[650.0]
43,[248.0],[875.0],[743.0],[585.0],[408.0],[874.0],[585.0],[452.0],[138.0],[858.0],[452.0],[957.0],[753.0],[858.0],[858.0],[408.0],[498.0],[377.0],[629.0],[467.0],[875.0],[743.0],[858.0],[858.0],[858.0],[693.0],[467.0],[743.0],[633.0],[4.0],[905.0],[452.0],[496.0],[874.0],[633.0],[824.0],[498.0],[905.0],[452.0],[4.0],[4.0],[633.0],[925.0],[858.0],[585.0],[498.0],[30.0],[633.0],[453.0],[840.0],[408.0],[236.0],[244.0],[244.0],[248.0],[4.0],[650.0],[629.0],[138.0],[874.0],[498.0],[4.0],[957.0],[4.0],[408.0],[467.0],[585.0],[633.0],[585.0],[919.0],[411.0],[650.0],[585.0],[248.0],[858.0],[408.0],[553.0],[874.0],[874.0],[858.0],[585.0],[858.0],[633.0],[467.0],[925.0],[452.0],[390.0],[949.0],[498.0],[919.0],[919.0],[138.0],[875.0],[925.0],[824.0],[408.0],[408.0],[631.0],[453.0],[629.0]
44,[4.0],[585.0],[479.0],[138.0],[840.0],[919.0],[138.0],[236.0],[452.0],[633.0],[467.0],[874.0],[743.0],[633.0],[633.0],[467.0],[138.0],[840.0],[693.0],[840.0],[4.0],[496.0],[753.0],[633.0],[633.0],[142.0],[580.0],[496.0],[874.0],[375.0],[875.0],[875.0],[676.0],[453.0],[874.0],[743.0],[905.0],[874.0],[467.0],[585.0],[858.0],[874.0],[227.0],[631.0],[408.0],[585.0],[919.0],[585.0],[743.0],[669.0],[498.0],[142.0],[874.0],[30.0],[633.0],[273.0],[408.0],[452.0],[452.0],[919.0],[875.0],[905.0],[642.0],[642.0],[840.0],[538.0],[452.0],[162.0],[4.0],[753.0],[467.0],[247.0],[138.0],[4.0],[585.0],[467.0],[874.0],[453.0],[957.0],[585.0],[138.0],[676.0],[874.0],[840.0],[227.0],[467.0],[504.0],[888.0],[4.0],[824.0],[824.0],[452.0],[139.0],[236.0],[273.0],[840.0],[498.0],[585.0],[824.0],[947.0]
45,[453.0],[4.0],[496.0],[498.0],[498.0],[846.0],[452.0],[467.0],[467.0],[874.0],[498.0],[919.0],[631.0],[244.0],[631.0],[840.0],[875.0],[925.0],[580.0],[925.0],[858.0],[244.0],[631.0],[874.0],[162.0],[467.0],[408.0],[433.0],[248.0],[226.0],[4.0],[4.0],[226.0],[919.0],[375.0],[553.0],[875.0],[919.0],[840.0],[858.0],[633.0],[138.0],[888.0],[633.0],[138.0],[875.0],[824.0],[138.0],[496.0],[340.0],[840.0],[377.0],[676.0],[858.0],[874.0],[858.0],[498.0],[408.0],[467.0],[824.0],[4.0],[858.0],[858.0],[273.0],[498.0],[840.0],[875.0],[375.0],[858.0],[824.0],[840.0],[592.0],[408.0],[676.0],[138.0],[840.0],[919.0],[30.0],[676.0],[138.0],[452.0],[905.0],[919.0],[4.0],[650.0],[498.0],[408.0],[204.0],[452.0],[743.0],[743.0],[875.0],[4.0],[227.0],[846.0],[498.0],[875.0],[4.0],[743.0],[377.0]
46,[858.0],[858.0],[433.0],[875.0],[925.0],[743.0],[875.0],[408.0],[538.0],[375.0],[840.0],[479.0],[496.0],[874.0],[874.0],[498.0],[4.0],[390.0],[345.0],[227.0],[585.0],[433.0],[139.0],[479.0],[874.0],[408.0],[840.0],[553.0],[919.0],[858.0],[858.0],[858.0],[631.0],[824.0],[919.0],[496.0],[138.0],[824.0],[925.0],[138.0],[874.0],[919.0],[650.0],[874.0],[498.0],[4.0],[743.0],[919.0],[433.0],[504.0],[925.0],[838.0],[162.0],[633.0],[824.0],[585.0],[838.0],[498.0],[4.0],[139.0],[467.0],[633.0],[633.0],[858.0],[875.0],[408.0],[467.0],[874.0],[633.0],[273.0],[925.0],[947.0],[452.0],[858.0],[452.0],[925.0],[506.0],[919.0],[919.0],[452.0],[467.0],[633.0],[824.0],[925.0],[838.0],[875.0],[452.0],[840.0],[858.0],[496.0],[496.0],[4.0],[858.0],[739.0],[743.0],[925.0],[452.0],[858.0],[496.0],[838.0]
47,[162.0],[138.0],[794.0],[4.0],[227.0],[226.0],[4.0],[840.0],[840.0],[919.0],[875.0],[743.0],[433.0],[919.0],[676.0],[925.0],[858.0],[408.0],[408.0],[693.0],[138.0],[794.0],[633.0],[553.0],[919.0],[840.0],[498.0],[506.0],[585.0],[905.0],[138.0],[467.0],[433.0],[905.0],[824.0],[433.0],[452.0],[743.0],[875.0],[452.0],[919.0],[824.0],[408.0],[824.0],[875.0],[858.0],[496.0],[824.0],[794.0],[408.0],[875.0],[247.0],[919.0],[553.0],[743.0],[633.0],[247.0],[467.0],[858.0],[743.0],[858.0],[273.0],[874.0],[633.0],[925.0],[925.0],[4.0],[453.0],[874.0],[743.0],[227.0],[324.0],[498.0],[633.0],[633.0],[227.0],[453.0],[824.0],[375.0],[633.0],[498.0],[874.0],[743.0],[227.0],[669.0],[4.0],[498.0],[925.0],[633.0],[244.0],[905.0],[858.0],[585.0],[340.0],[433.0],[875.0],[467.0],[138.0],[794.0],[411.0]
48,[633.0],[633.0],[753.0],[452.0],[650.0],[496.0],[858.0],[498.0],[408.0],[585.0],[925.0],[496.0],[794.0],[824.0],[919.0],[875.0],[874.0],[227.0],[838.0],[408.0],[452.0],[765.0],[874.0],[846.0],[824.0],[498.0],[925.0],[794.0],[138.0],[633.0],[633.0],[633.0],[794.0],[743.0],[743.0],[794.0],[4.0],[226.0],[4.0],[633.0],[226.0],[743.0],[498.0],[585.0],[467.0],[633.0],[433.0],[743.0],[765.0],[925.0],[4.0],[592.0],[824.0],[585.0],[139.0],[874.0],[592.0],[875.0],[633.0],[496.0],[633.0],[874.0],[919.0],[874.0],[227.0],[498.0],[858.0],[585.0],[138.0],[496.0],[650.0],[739.0],[875.0],[874.0],[874.0],[875.0],[824.0],[743.0],[824.0],[874.0],[875.0],[919.0],[496.0],[650.0],[247.0],[858.0],[467.0],[408.0],[467.0],[453.0],[433.0],[467.0],[633.0],[650.0],[162.0],[227.0],[840.0],[633.0],[244.0],[247.0]
49,[874.0],[874.0],[765.0],[467.0],[838.0],[433.0],[633.0],[875.0],[498.0],[824.0],[227.0],[433.0],[765.0],[743.0],[824.0],[4.0],[919.0],[498.0],[498.0],[650.0],[633.0],[676.0],[919.0],[919.0],[139.0],[875.0],[227.0],[846.0],[452.0],[585.0],[452.0],[840.0],[765.0],[506.0],[496.0],[453.0],[467.0],[496.0],[858.0],[874.0],[553.0],[452.0],[875.0],[138.0],[840.0],[138.0],[794.0],[496.0],[631.0],[498.0],[633.0],[324.0],[846.0],[874.0],[496.0],[138.0],[746.0],[4.0],[874.0],[433.0],[840.0],[919.0],[375.0],[919.0],[858.0],[227.0],[633.0],[919.0],[452.0],[846.0],[408.0],[746.0],[467.0],[919.0],[919.0],[4.0],[743.0],[496.0],[743.0],[467.0],[840.0],[753.0],[433.0],[838.0],[592.0],[840.0],[840.0],[227.0],[874.0],[846.0],[765.0],[633.0],[138.0],[580.0],[226.0],[4.0],[4.0],[874.0],[765.0],[340.0]
50,[585.0],[919.0],[599.0],[858.0],[247.0],[794.0],[874.0],[4.0],[4.0],[743.0],[4.0],[794.0],[599.0],[496.0],[273.0],[858.0],[824.0],[875.0],[247.0],[498.0],[874.0],[599.0],[585.0],[824.0],[743.0],[4.0],[650.0],[765.0],[824.0],[452.0],[467.0],[874.0],[273.0],[496.0],[506.0],[30.0],[858.0],[433.0],[633.0],[467.0],[585.0],[496.0],[838.0],[743.0],[4.0],[452.0],[765.0],[433.0],[957.0],[227.0],[874.0],[746.0],[585.0],[138.0],[585.0],[919.0],[875.0],[858.0],[840.0],[375.0],[925.0],[824.0],[743.0],[585.0],[874.0],[875.0],[874.0],[824.0],[467.0],[433.0],[838.0],[782.0],[4.0],[824.0],[824.0],[650.0],[585.0],[433.0],[139.0],[919.0],[4.0],[824.0],[248.0],[858.0],[324.0],[925.0],[875.0],[650.0],[919.0],[585.0],[599.0],[840.0],[874.0],[838.0],[794.0],[858.0],[858.0],[452.0],[599.0],[592.0]
51,[919.0],[452.0],[506.0],[840.0],[875.0],[506.0],[919.0],[858.0],[858.0],[138.0],[858.0],[765.0],[162.0],[433.0],[743.0],[633.0],[743.0],[4.0],[875.0],[875.0],[919.0],[242.0],[138.0],[743.0],[496.0],[925.0],[875.0],[642.0],[743.0],[467.0],[840.0],[919.0],[506.0],[433.0],[433.0],[765.0],[874.0],[794.0],[874.0],[919.0],[824.0],[433.0],[4.0],[452.0],[858.0],[467.0],[599.0],[794.0],[599.0],[650.0],[227.0],[782.0],[138.0],[452.0],[138.0],[452.0],[4.0],[633.0],[919.0],[248.0],[874.0],[743.0],[496.0],[138.0],[650.0],[4.0],[919.0],[743.0],[840.0],[794.0],[247.0],[992.0],[840.0],[743.0],[467.0],[858.0],[496.0],[794.0],[496.0],[840.0],[858.0],[743.0],[794.0],[633.0],[746.0],[633.0],[858.0],[498.0],[824.0],[433.0],[242.0],[925.0],[919.0],[408.0],[765.0],[650.0],[633.0],[824.0],[242.0],[693.0]
52,[138.0],[824.0],[631.0],[633.0],[4.0],[139.0],[824.0],[925.0],[633.0],[452.0],[633.0],[585.0],[506.0],[794.0],[496.0],[227.0],[496.0],[858.0],[4.0],[838.0],[824.0],[298.0],[824.0],[496.0],[433.0],[227.0],[838.0],[599.0],[496.0],[874.0],[925.0],[925.0],[642.0],[794.0],[794.0],[242.0],[840.0],[585.0],[227.0],[743.0],[743.0],[794.0],[858.0],[496.0],[925.0],[874.0],[242.0],[765.0],[642.0],[838.0],[650.0],[947.0],[743.0],[919.0],[433.0],[824.0],[858.0],[874.0],[824.0],[453.0],[227.0],[496.0],[433.0],[824.0],[838.0],[858.0],[824.0],[496.0],[919.0],[599.0],[498.0],[888.0],[858.0],[496.0],[496.0],[838.0],[138.0],[765.0],[433.0],[824.0],[633.0],[585.0],[957.0],[874.0],[782.0],[874.0],[925.0],[838.0],[743.0],[794.0],[298.0],[874.0],[452.0],[498.0],[553.0],[633.0],[925.0],[467.0],[298.0],[408.0]
53,[452.0],[743.0],[242.0],[925.0],[592.0],[957.0],[467.0],[227.0],[925.0],[496.0],[919.0],[599.0],[846.0],[765.0],[375.0],[874.0],[433.0],[633.0],[592.0],[4.0],[743.0],[30.0],[743.0],[585.0],[794.0],[633.0],[247.0],[242.0],[433.0],[919.0],[227.0],[227.0],[599.0],[585.0],[30.0],[298.0],[824.0],[138.0],[919.0],[840.0],[496.0],[467.0],[633.0],[467.0],[633.0],[840.0],[298.0],[599.0],[753.0],[247.0],[838.0],[992.0],[496.0],[824.0],[794.0],[467.0],[633.0],[840.0],[743.0],[794.0],[650.0],[433.0],[794.0],[743.0],[247.0],[633.0],[840.0],[433.0],[925.0],[298.0],[592.0],[754.0],[925.0],[585.0],[433.0],[633.0],[452.0],[599.0],[30.0],[743.0],[874.0],[452.0],[765.0],[247.0],[992.0],[919.0],[650.0],[875.0],[840.0],[452.0],[281.0],[227.0],[467.0],[592.0],[599.0],[838.0],[874.0],[840.0],[585.0],[498.0]
54,[824.0],[467.0],[298.0],[227.0],[324.0],[765.0],[743.0],[633.0],[874.0],[433.0],[824.0],[138.0],[242.0],[139.0],[794.0],[919.0],[794.0],[919.0],[858.0],[247.0],[467.0],[281.0],[496.0],[794.0],[599.0],[874.0],[4.0],[585.0],[794.0],[824.0],[650.0],[650.0],[242.0],[138.0],[765.0],[631.0],[743.0],[765.0],[650.0],[496.0],[433.0],[765.0],[874.0],[433.0],[874.0],[919.0],[281.0],[242.0],[242.0],[875.0],[247.0],[754.0],[433.0],[743.0],[452.0],[840.0],[874.0],[919.0],[925.0],[765.0],[838.0],[585.0],[765.0],[496.0],[592.0],[874.0],[925.0],[794.0],[824.0],[248.0],[324.0],[155.0],[633.0],[433.0],[794.0],[247.0],[433.0],[242.0],[794.0],[496.0],[925.0],[467.0],[599.0],[919.0],[408.0],[227.0],[838.0],[4.0],[496.0],[467.0],[753.0],[650.0],[824.0],[324.0],[242.0],[247.0],[227.0],[925.0],[281.0],[324.0]
55,[467.0],[840.0],[281.0],[874.0],[858.0],[585.0],[496.0],[838.0],[227.0],[467.0],[743.0],[242.0],[298.0],[599.0],[585.0],[650.0],[765.0],[824.0],[633.0],[858.0],[496.0],[647.0],[433.0],[138.0],[585.0],[919.0],[858.0],[298.0],[467.0],[743.0],[838.0],[824.0],[298.0],[765.0],[139.0],[281.0],[925.0],[599.0],[824.0],[433.0],[794.0],[599.0],[919.0],[794.0],[919.0],[824.0],[647.0],[298.0],[298.0],[4.0],[824.0],[408.0],[794.0],[467.0],[467.0],[743.0],[782.0],[824.0],[227.0],[599.0],[247.0],[138.0],[599.0],[452.0],[919.0],[919.0],[227.0],[765.0],[743.0],[281.0],[746.0],[842.0],[227.0],[138.0],[765.0],[592.0],[794.0],[676.0],[765.0],[925.0],[650.0],[840.0],[138.0],[824.0],[498.0],[824.0],[633.0],[247.0],[925.0],[765.0],[506.0],[919.0],[743.0],[875.0],[298.0],[874.0],[919.0],[743.0],[647.0],[746.0]
56,[743.0],[925.0],[585.0],[650.0],[633.0],[599.0],[433.0],[919.0],[919.0],[794.0],[496.0],[298.0],[281.0],[585.0],[765.0],[824.0],[452.0],[743.0],[324.0],[592.0],[433.0],[109.0],[452.0],[765.0],[242.0],[650.0],[592.0],[138.0],[765.0],[840.0],[874.0],[838.0],[281.0],[599.0],[585.0],[647.0],[650.0],[242.0],[743.0],[925.0],[138.0],[242.0],[247.0],[765.0],[227.0],[925.0],[248.0],[281.0],[281.0],[858.0],[743.0],[498.0],[765.0],[840.0],[765.0],[496.0],[919.0],[743.0],[496.0],[242.0],[919.0],[794.0],[242.0],[433.0],[324.0],[824.0],[743.0],[138.0],[496.0],[585.0],[782.0],[312.0],[874.0],[794.0],[599.0],[874.0],[765.0],[298.0],[599.0],[433.0],[838.0],[496.0],[242.0],[743.0],[875.0],[743.0],[874.0],[592.0],[433.0],[599.0],[647.0],[743.0],[496.0],[746.0],[281.0],[592.0],[824.0],[227.0],[109.0],[782.0]
57,[840.0],[227.0],[647.0],[919.0],[919.0],[242.0],[794.0],[247.0],[824.0],[840.0],[433.0],[281.0],[647.0],[242.0],[599.0],[838.0],[599.0],[650.0],[746.0],[633.0],[840.0],[950.0],[794.0],[599.0],[298.0],[824.0],[633.0],[647.0],[599.0],[925.0],[919.0],[247.0],[244.0],[452.0],[599.0],[585.0],[496.0],[298.0],[838.0],[794.0],[765.0],[840.0],[824.0],[840.0],[824.0],[227.0],[506.0],[647.0],[647.0],[633.0],[592.0],[875.0],[599.0],[925.0],[840.0],[433.0],[992.0],[496.0],[650.0],[298.0],[824.0],[452.0],[298.0],[794.0],[746.0],[650.0],[496.0],[599.0],[227.0],[647.0],[992.0],[411.0],[650.0],[765.0],[242.0],[324.0],[599.0],[138.0],[242.0],[227.0],[247.0],[925.0],[298.0],[496.0],[4.0],[496.0],[919.0],[324.0],[227.0],[242.0],[950.0],[496.0],[840.0],[782.0],[957.0],[919.0],[743.0],[496.0],[665.0],[992.0]
58,[496.0],[496.0],[138.0],[824.0],[824.0],[298.0],[765.0],[324.0],[743.0],[765.0],[794.0],[647.0],[30.0],[298.0],[138.0],[247.0],[467.0],[838.0],[874.0],[324.0],[925.0],[553.0],[765.0],[452.0],[138.0],[743.0],[874.0],[109.0],[242.0],[496.0],[824.0],[592.0],[553.0],[242.0],[242.0],[109.0],[433.0],[452.0],[496.0],[765.0],[599.0],[298.0],[743.0],[599.0],[496.0],[743.0],[109.0],[109.0],[479.0],[874.0],[433.0],[4.0],[242.0],[496.0],[599.0],[794.0],[824.0],[433.0],[838.0],[631.0],[743.0],[765.0],[585.0],[765.0],[782.0],[743.0],[433.0],[452.0],[650.0],[109.0],[842.0],[722.0],[919.0],[599.0],[298.0],[746.0],[467.0],[452.0],[298.0],[650.0],[592.0],[433.0],[281.0],[433.0],[754.0],[433.0],[824.0],[858.0],[794.0],[298.0],[642.0],[838.0],[794.0],[992.0],[647.0],[324.0],[496.0],[433.0],[889.0],[754.0]
59,[925.0],[433.0],[109.0],[838.0],[743.0],[138.0],[840.0],[824.0],[496.0],[242.0],[765.0],[452.0],[226.0],[281.0],[452.0],[743.0],[840.0],[496.0],[919.0],[746.0],[794.0],[665.0],[467.0],[242.0],[281.0],[496.0],[919.0],[950.0],[298.0],[227.0],[743.0],[324.0],[585.0],[298.0],[298.0],[138.0],[794.0],[281.0],[247.0],[227.0],[467.0],[281.0],[496.0],[925.0],[433.0],[650.0],[950.0],[950.0],[506.0],[592.0],[794.0],[155.0],[298.0],[433.0],[925.0],[765.0],[743.0],[794.0],[433.0],[281.0],[496.0],[467.0],[138.0],[599.0],[824.0],[496.0],[650.0],[242.0],[433.0],[452.0],[875.0],[463.0],[824.0],[242.0],[281.0],[919.0],[242.0],[281.0],[281.0],[794.0],[919.0],[794.0],[647.0],[794.0],[858.0],[650.0],[743.0],[633.0],[765.0],[925.0],[665.0],[247.0],[925.0],[4.0],[109.0],[746.0],[433.0],[650.0],[660.0],[155.0]
60,[433.0],[794.0],[950.0],[743.0],[496.0],[452.0],[599.0],[496.0],[794.0],[925.0],[650.0],[109.0],[109.0],[647.0],[242.0],[496.0],[242.0],[433.0],[743.0],[874.0],[227.0],[273.0],[840.0],[467.0],[647.0],[838.0],[324.0],[665.0],[281.0],[433.0],[496.0],[746.0],[647.0],[467.0],[281.0],[452.0],[765.0],[647.0],[592.0],[599.0],[840.0],[647.0],[592.0],[242.0],[794.0],[496.0],[665.0],[452.0],[109.0],[324.0],[765.0],[312.0],[281.0],[794.0],[242.0],[925.0],[496.0],[765.0],[794.0],[647.0],[433.0],[840.0],[452.0],[242.0],[743.0],[838.0],[838.0],[298.0],[838.0],[950.0],[4.0],[408.0],[743.0],[452.0],[647.0],[824.0],[298.0],[647.0],[647.0],[838.0],[324.0],[765.0],[452.0],[592.0],[633.0],[838.0],[496.0],[746.0],[599.0],[281.0],[889.0],[433.0],[599.0],[754.0],[506.0],[824.0],[794.0],[794.0],[138.0],[875.0]
61,[794.0],[765.0],[665.0],[496.0],[433.0],[281.0],[242.0],[746.0],[765.0],[298.0],[599.0],[950.0],[950.0],[138.0],[298.0],[433.0],[298.0],[794.0],[496.0],[919.0],[765.0],[479.0],[599.0],[298.0],[109.0],[433.0],[824.0],[889.0],[647.0],[794.0],[433.0],[743.0],[138.0],[281.0],[647.0],[467.0],[599.0],[109.0],[433.0],[298.0],[242.0],[109.0],[433.0],[298.0],[765.0],[838.0],[479.0],[665.0],[950.0],[919.0],[242.0],[309.0],[647.0],[765.0],[298.0],[227.0],[433.0],[599.0],[765.0],[109.0],[592.0],[599.0],[281.0],[298.0],[496.0],[433.0],[765.0],[467.0],[794.0],[665.0],[858.0],[498.0],[496.0],[467.0],[109.0],[782.0],[281.0],[467.0],[585.0],[247.0],[746.0],[242.0],[109.0],[765.0],[155.0],[794.0],[433.0],[782.0],[242.0],[647.0],[585.0],[794.0],[227.0],[858.0],[950.0],[743.0],[599.0],[765.0],[94.0],[4.0]
62,[765.0],[599.0],[452.0],[433.0],[794.0],[647.0],[298.0],[433.0],[599.0],[281.0],[242.0],[665.0],[665.0],[109.0],[281.0],[765.0],[925.0],[247.0],[433.0],[824.0],[599.0],[889.0],[242.0],[647.0],[950.0],[794.0],[746.0],[660.0],[109.0],[765.0],[794.0],[496.0],[109.0],[647.0],[138.0],[950.0],[242.0],[950.0],[794.0],[650.0],[298.0],[950.0],[794.0],[227.0],[599.0],[433.0],[631.0],[889.0],[585.0],[824.0],[298.0],[770.0],[452.0],[599.0],[281.0],[599.0],[794.0],[242.0],[599.0],[957.0],[794.0],[242.0],[467.0],[467.0],[433.0],[599.0],[599.0],[840.0],[765.0],[889.0],[633.0],[309.0],[433.0],[840.0],[950.0],[743.0],[647.0],[109.0],[109.0],[592.0],[824.0],[298.0],[950.0],[599.0],[842.0],[765.0],[247.0],[874.0],[298.0],[109.0],[660.0],[592.0],[242.0],[633.0],[585.0],[496.0],[242.0],[838.0],[540.0],[842.0]
63,[227.0],[242.0],[889.0],[794.0],[746.0],[467.0],[281.0],[794.0],[650.0],[647.0],[298.0],[889.0],[889.0],[452.0],[647.0],[599.0],[281.0],[765.0],[782.0],[743.0],[242.0],[585.0],[925.0],[840.0],[452.0],[247.0],[743.0],[94.0],[840.0],[599.0],[765.0],[433.0],[950.0],[109.0],[467.0],[665.0],[298.0],[665.0],[324.0],[281.0],[281.0],[665.0],[324.0],[650.0],[650.0],[794.0],[889.0],[94.0],[665.0],[743.0],[281.0],[252.0],[109.0],[242.0],[227.0],[242.0],[765.0],[925.0],[247.0],[950.0],[324.0],[298.0],[840.0],[281.0],[794.0],[242.0],[242.0],[281.0],[599.0],[660.0],[874.0],[770.0],[838.0],[925.0],[665.0],[992.0],[109.0],[950.0],[452.0],[765.0],[743.0],[227.0],[665.0],[324.0],[309.0],[599.0],[794.0],[919.0],[281.0],[950.0],[138.0],[765.0],[298.0],[155.0],[665.0],[433.0],[650.0],[599.0],[608.0],[858.0]
64,[599.0],[647.0],[467.0],[765.0],[782.0],[109.0],[925.0],[765.0],[242.0],[950.0],[281.0],[467.0],[585.0],[665.0],[467.0],[242.0],[647.0],[592.0],[794.0],[496.0],[650.0],[660.0],[227.0],[109.0],[665.0],[765.0],[496.0],[452.0],[925.0],[247.0],[599.0],[794.0],[452.0],[840.0],[950.0],[889.0],[281.0],[889.0],[765.0],[647.0],[647.0],[889.0],[765.0],[281.0],[242.0],[247.0],[660.0],[540.0],[889.0],[746.0],[746.0],[874.0],[950.0],[298.0],[650.0],[298.0],[599.0],[227.0],[592.0],[585.0],[746.0],[281.0],[647.0],[647.0],[765.0],[298.0],[247.0],[925.0],[247.0],[94.0],[312.0],[875.0],[794.0],[227.0],[840.0],[754.0],[950.0],[840.0],[950.0],[599.0],[496.0],[281.0],[889.0],[242.0],[770.0],[247.0],[765.0],[992.0],[647.0],[227.0],[94.0],[599.0],[838.0],[842.0],[889.0],[794.0],[298.0],[242.0],[60.0],[312.0]
65,[242.0],[650.0],[660.0],[242.0],[992.0],[950.0],[647.0],[599.0],[298.0],[227.0],[838.0],[660.0],[138.0],[889.0],[109.0],[298.0],[227.0],[599.0],[599.0],[433.0],[838.0],[138.0],[650.0],[950.0],[467.0],[592.0],[433.0],[540.0],[950.0],[592.0],[242.0],[782.0],[665.0],[950.0],[665.0],[840.0],[647.0],[467.0],[746.0],[109.0],[925.0],[660.0],[599.0],[647.0],[298.0],[592.0],[94.0],[467.0],[660.0],[782.0],[782.0],[300.0],[467.0],[281.0],[647.0],[650.0],[754.0],[298.0],[324.0],[467.0],[765.0],[647.0],[109.0],[840.0],[599.0],[247.0],[592.0],[647.0],[242.0],[467.0],[919.0],[252.0],[765.0],[298.0],[889.0],[496.0],[665.0],[925.0],[665.0],[242.0],[433.0],[647.0],[660.0],[298.0],[874.0],[242.0],[599.0],[824.0],[650.0],[665.0],[540.0],[324.0],[247.0],[874.0],[660.0],[765.0],[838.0],[247.0],[152.0],[309.0]
66,[298.0],[109.0],[840.0],[298.0],[765.0],[840.0],[227.0],[782.0],[838.0],[650.0],[647.0],[94.0],[452.0],[467.0],[950.0],[281.0],[109.0],[242.0],[242.0],[794.0],[298.0],[94.0],[298.0],[665.0],[840.0],[324.0],[765.0],[467.0],[227.0],[281.0],[298.0],[765.0],[889.0],[665.0],[889.0],[660.0],[838.0],[660.0],[782.0],[950.0],[227.0],[925.0],[992.0],[838.0],[281.0],[765.0],[753.0],[608.0],[138.0],[496.0],[647.0],[190.0],[665.0],[647.0],[109.0],[838.0],[155.0],[281.0],[242.0],[665.0],[599.0],[925.0],[925.0],[925.0],[992.0],[592.0],[298.0],[227.0],[592.0],[840.0],[309.0],[4.0],[599.0],[281.0],[660.0],[155.0],[889.0],[227.0],[889.0],[298.0],[794.0],[109.0],[467.0],[647.0],[252.0],[592.0],[242.0],[754.0],[109.0],[889.0],[608.0],[242.0],[281.0],[309.0],[94.0],[599.0],[247.0],[592.0],[593.0],[633.0]
67,[650.0],[838.0],[94.0],[281.0],[599.0],[665.0],[109.0],[242.0],[281.0],[838.0],[109.0],[540.0],[467.0],[840.0],[840.0],[592.0],[950.0],[324.0],[992.0],[765.0],[281.0],[452.0],[281.0],[889.0],[889.0],[599.0],[599.0],[608.0],[665.0],[324.0],[247.0],[599.0],[467.0],[889.0],[840.0],[925.0],[247.0],[94.0],[599.0],[838.0],[650.0],[94.0],[754.0],[247.0],[838.0],[599.0],[540.0],[60.0],[94.0],[992.0],[950.0],[427.0],[889.0],[227.0],[950.0],[281.0],[842.0],[647.0],[298.0],[889.0],[242.0],[227.0],[950.0],[109.0],[754.0],[281.0],[324.0],[650.0],[298.0],[925.0],[743.0],[858.0],[242.0],[647.0],[94.0],[433.0],[660.0],[665.0],[467.0],[281.0],[765.0],[950.0],[840.0],[109.0],[919.0],[324.0],[592.0],[155.0],[950.0],[650.0],[593.0],[298.0],[647.0],[919.0],[540.0],[242.0],[281.0],[298.0],[452.0],[770.0]
68,[281.0],[950.0],[540.0],[247.0],[242.0],[889.0],[950.0],[298.0],[247.0],[247.0],[950.0],[925.0],[660.0],[660.0],[925.0],[324.0],[665.0],[746.0],[298.0],[599.0],[247.0],[467.0],[647.0],[660.0],[660.0],[242.0],[242.0],[840.0],[650.0],[647.0],[281.0],[242.0],[660.0],[94.0],[925.0],[94.0],[592.0],[540.0],[242.0],[665.0],[109.0],[227.0],[155.0],[109.0],[647.0],[242.0],[905.0],[840.0],[452.0],[754.0],[992.0],[919.0],[540.0],[109.0],[665.0],[647.0],[242.0],[650.0],[281.0],[840.0],[298.0],[109.0],[665.0],[950.0],[242.0],[647.0],[746.0],[109.0],[281.0],[227.0],[496.0],[633.0],[247.0],[650.0],[540.0],[794.0],[94.0],[650.0],[840.0],[324.0],[599.0],[665.0],[94.0],[950.0],[824.0],[298.0],[298.0],[842.0],[665.0],[838.0],[738.0],[281.0],[950.0],[824.0],[608.0],[298.0],[647.0],[281.0],[738.0],[252.0]
69,[838.0],[665.0],[608.0],[647.0],[298.0],[925.0],[665.0],[281.0],[647.0],[665.0],[665.0],[227.0],[840.0],[925.0],[665.0],[647.0],[889.0],[298.0],[281.0],[782.0],[647.0],[840.0],[838.0],[94.0],[925.0],[298.0],[298.0],[60.0],[889.0],[109.0],[647.0],[298.0],[94.0],[925.0],[660.0],[540.0],[324.0],[840.0],[281.0],[889.0],[838.0],[540.0],[242.0],[950.0],[109.0],[298.0],[585.0],[593.0],[540.0],[433.0],[665.0],[769.0],[608.0],[950.0],[889.0],[109.0],[312.0],[109.0],[647.0],[925.0],[281.0],[650.0],[889.0],[665.0],[298.0],[109.0],[281.0],[950.0],[647.0],[650.0],[770.0],[874.0],[298.0],[109.0],[925.0],[842.0],[840.0],[838.0],[925.0],[647.0],[242.0],[889.0],[925.0],[665.0],[300.0],[281.0],[281.0],[743.0],[838.0],[660.0],[452.0],[647.0],[592.0],[743.0],[138.0],[281.0],[109.0],[647.0],[467.0],[874.0]
70,[247.0],[889.0],[925.0],[109.0],[281.0],[660.0],[889.0],[647.0],[109.0],[592.0],[889.0],[650.0],[94.0],[94.0],[889.0],[109.0],[660.0],[281.0],[647.0],[242.0],[109.0],[540.0],[247.0],[925.0],[94.0],[746.0],[281.0],[227.0],[838.0],[746.0],[109.0],[281.0],[540.0],[540.0],[94.0],[608.0],[109.0],[608.0],[647.0],[660.0],[247.0],[608.0],[842.0],[665.0],[247.0],[281.0],[608.0],[925.0],[608.0],[794.0],[754.0],[652.0],[60.0],[650.0],[838.0],[950.0],[298.0],[950.0],[109.0],[660.0],[782.0],[838.0],[227.0],[889.0],[281.0],[950.0],[647.0],[665.0],[324.0],[540.0],[433.0],[919.0],[281.0],[950.0],[608.0],[765.0],[540.0],[889.0],[660.0],[950.0],[782.0],[650.0],[540.0],[889.0],[743.0],[746.0],[647.0],[312.0],[889.0],[94.0],[467.0],[746.0],[665.0],[496.0],[60.0],[647.0],[592.0],[109.0],[666.0],[919.0]
71,[592.0],[660.0],[60.0],[950.0],[754.0],[227.0],[650.0],[992.0],[324.0],[889.0],[247.0],[608.0],[540.0],[227.0],[660.0],[746.0],[650.0],[647.0],[109.0],[281.0],[950.0],[608.0],[109.0],[540.0],[540.0],[281.0],[782.0],[152.0],[94.0],[782.0],[950.0],[647.0],[608.0],[227.0],[540.0],[60.0],[950.0],[925.0],[109.0],[94.0],[592.0],[650.0],[298.0],[889.0],[950.0],[647.0],[60.0],[738.0],[467.0],[155.0],[660.0],[189.0],[152.0],[665.0],[660.0],[665.0],[281.0],[838.0],[746.0],[94.0],[992.0],[247.0],[650.0],[227.0],[647.0],[665.0],[782.0],[838.0],[109.0],[60.0],[794.0],[824.0],[592.0],[665.0],[60.0],[599.0],[608.0],[660.0],[94.0],[665.0],[298.0],[660.0],[608.0],[746.0],[496.0],[782.0],[109.0],[496.0],[247.0],[247.0],[666.0],[109.0],[889.0],[433.0],[152.0],[782.0],[950.0],[324.0],[840.0],[300.0]
72,[647.0],[247.0],[593.0],[665.0],[647.0],[540.0],[838.0],[109.0],[950.0],[324.0],[94.0],[60.0],[925.0],[540.0],[227.0],[782.0],[94.0],[109.0],[950.0],[647.0],[665.0],[925.0],[950.0],[650.0],[608.0],[782.0],[647.0],[650.0],[540.0],[950.0],[665.0],[109.0],[60.0],[608.0],[227.0],[152.0],[665.0],[60.0],[992.0],[247.0],[950.0],[60.0],[312.0],[660.0],[665.0],[324.0],[138.0],[666.0],[840.0],[842.0],[94.0],[824.0],[840.0],[247.0],[94.0],[889.0],[647.0],[247.0],[950.0],[540.0],[754.0],[950.0],[838.0],[660.0],[155.0],[324.0],[109.0],[889.0],[950.0],[247.0],[765.0],[743.0],[647.0],[889.0],[227.0],[242.0],[925.0],[247.0],[227.0],[889.0],[992.0],[838.0],[227.0],[782.0],[433.0],[647.0],[324.0],[433.0],[592.0],[540.0],[840.0],[950.0],[660.0],[770.0],[593.0],[992.0],[324.0],[950.0],[925.0],[190.0]
73,[109.0],[94.0],[738.0],[889.0],[109.0],[608.0],[660.0],[950.0],[746.0],[660.0],[540.0],[152.0],[60.0],[608.0],[94.0],[665.0],[540.0],[950.0],[665.0],[109.0],[889.0],[60.0],[592.0],[838.0],[60.0],[992.0],[109.0],[593.0],[247.0],[992.0],[889.0],[665.0],[152.0],[650.0],[608.0],[738.0],[889.0],[227.0],[754.0],[540.0],[665.0],[152.0],[281.0],[94.0],[889.0],[109.0],[452.0],[382.0],[925.0],[599.0],[155.0],[743.0],[593.0],[592.0],[540.0],[247.0],[109.0],[665.0],[665.0],[227.0],[647.0],[665.0],[247.0],[94.0],[842.0],[889.0],[950.0],[660.0],[665.0],[152.0],[252.0],[496.0],[109.0],[660.0],[152.0],[298.0],[60.0],[94.0],[540.0],[660.0],[281.0],[247.0],[650.0],[660.0],[794.0],[992.0],[950.0],[794.0],[324.0],[592.0],[382.0],[782.0],[324.0],[794.0],[738.0],[109.0],[746.0],[665.0],[382.0],[427.0]
74,[950.0],[540.0],[666.0],[660.0],[950.0],[152.0],[94.0],[665.0],[665.0],[746.0],[608.0],[838.0],[227.0],[60.0],[650.0],[889.0],[838.0],[782.0],[889.0],[754.0],[94.0],[227.0],[665.0],[608.0],[227.0],[754.0],[992.0],[838.0],[608.0],[665.0],[592.0],[889.0],[593.0],[60.0],[650.0],[666.0],[660.0],[650.0],[155.0],[592.0],[889.0],[838.0],[309.0],[540.0],[660.0],[746.0],[152.0],[384.0],[60.0],[242.0],[540.0],[496.0],[925.0],[324.0],[247.0],[592.0],[950.0],[889.0],[889.0],[608.0],[109.0],[592.0],[660.0],[540.0],[109.0],[660.0],[665.0],[94.0],[889.0],[593.0],[300.0],[794.0],[950.0],[94.0],[593.0],[281.0],[152.0],[540.0],[608.0],[94.0],[647.0],[94.0],[60.0],[94.0],[190.0],[109.0],[746.0],[765.0],[660.0],[608.0],[384.0],[992.0],[94.0],[252.0],[452.0],[754.0],[665.0],[746.0],[227.0],[824.0]
75,[665.0],[592.0],[227.0],[94.0],[665.0],[593.0],[540.0],[754.0],[889.0],[782.0],[592.0],[593.0],[152.0],[650.0],[540.0],[992.0],[247.0],[992.0],[94.0],[950.0],[540.0],[152.0],[889.0],[60.0],[152.0],[647.0],[950.0],[738.0],[60.0],[754.0],[324.0],[660.0],[840.0],[838.0],[60.0],[382.0],[94.0],[838.0],[950.0],[608.0],[660.0],[593.0],[647.0],[608.0],[94.0],[992.0],[593.0],[462.0],[152.0],[298.0],[608.0],[433.0],[227.0],[889.0],[608.0],[660.0],[665.0],[592.0],[782.0],[60.0],[155.0],[889.0],[94.0],[650.0],[312.0],[746.0],[889.0],[540.0],[660.0],[592.0],[190.0],[300.0],[665.0],[540.0],[650.0],[312.0],[227.0],[608.0],[838.0],[540.0],[950.0],[540.0],[152.0],[540.0],[427.0],[754.0],[782.0],[599.0],[94.0],[60.0],[925.0],[754.0],[540.0],[765.0],[467.0],[155.0],[889.0],[889.0],[384.0],[743.0]
76,[324.0],[608.0],[382.0],[540.0],[155.0],[738.0],[608.0],[660.0],[782.0],[94.0],[60.0],[738.0],[593.0],[838.0],[608.0],[754.0],[608.0],[665.0],[540.0],[155.0],[608.0],[650.0],[660.0],[247.0],[650.0],[109.0],[665.0],[247.0],[152.0],[155.0],[746.0],[992.0],[738.0],[152.0],[152.0],[227.0],[540.0],[152.0],[842.0],[60.0],[324.0],[247.0],[109.0],[152.0],[540.0],[950.0],[738.0],[227.0],[227.0],[281.0],[842.0],[794.0],[738.0],[660.0],[592.0],[94.0],[309.0],[660.0],[660.0],[152.0],[950.0],[324.0],[540.0],[608.0],[950.0],[94.0],[992.0],[608.0],[94.0],[738.0],[599.0],[190.0],[889.0],[838.0],[738.0],[309.0],[593.0],[60.0],[60.0],[746.0],[665.0],[608.0],[838.0],[608.0],[765.0],[155.0],[665.0],[242.0],[540.0],[152.0],[462.0],[665.0],[608.0],[599.0],[666.0],[312.0],[660.0],[782.0],[462.0],[496.0]
77,[889.0],[324.0],[384.0],[592.0],[842.0],[666.0],[60.0],[94.0],[660.0],[540.0],[324.0],[666.0],[650.0],[152.0],[60.0],[155.0],[60.0],[754.0],[754.0],[842.0],[592.0],[593.0],[94.0],[152.0],[593.0],[155.0],[754.0],[666.0],[593.0],[889.0],[660.0],[94.0],[666.0],[593.0],[593.0],[384.0],[608.0],[247.0],[665.0],[152.0],[94.0],[738.0],[950.0],[593.0],[608.0],[665.0],[666.0],[348.0],[593.0],[647.0],[60.0],[765.0],[666.0],[94.0],[324.0],[540.0],[770.0],[94.0],[992.0],[593.0],[842.0],[660.0],[592.0],[838.0],[665.0],[782.0],[660.0],[247.0],[746.0],[666.0],[242.0],[427.0],[660.0],[608.0],[666.0],[770.0],[738.0],[592.0],[152.0],[608.0],[889.0],[60.0],[247.0],[60.0],[599.0],[950.0],[992.0],[298.0],[608.0],[593.0],[227.0],[889.0],[60.0],[242.0],[384.0],[309.0],[94.0],[660.0],[650.0],[769.0]
78,[660.0],[746.0],[326.0],[324.0],[889.0],[650.0],[152.0],[540.0],[992.0],[608.0],[746.0],[247.0],[738.0],[247.0],[152.0],[660.0],[152.0],[889.0],[608.0],[665.0],[60.0],[738.0],[324.0],[593.0],[738.0],[889.0],[842.0],[382.0],[738.0],[660.0],[94.0],[540.0],[925.0],[738.0],[738.0],[462.0],[60.0],[593.0],[312.0],[593.0],[540.0],[666.0],[665.0],[592.0],[592.0],[889.0],[382.0],[326.0],[738.0],[312.0],[152.0],[599.0],[382.0],[540.0],[60.0],[608.0],[889.0],[540.0],[94.0],[738.0],[665.0],[94.0],[324.0],[60.0],[309.0],[540.0],[94.0],[60.0],[540.0],[382.0],[427.0],[765.0],[94.0],[592.0],[382.0],[647.0],[666.0],[152.0],[247.0],[782.0],[660.0],[592.0],[592.0],[992.0],[242.0],[842.0],[754.0],[309.0],[60.0],[324.0],[650.0],[660.0],[746.0],[298.0],[840.0],[950.0],[540.0],[94.0],[838.0],[433.0]
79,[94.0],[782.0],[650.0],[608.0],[660.0],[382.0],[247.0],[608.0],[94.0],[60.0],[152.0],[592.0],[666.0],[593.0],[838.0],[842.0],[592.0],[660.0],[60.0],[889.0],[324.0],[838.0],[746.0],[746.0],[838.0],[842.0],[889.0],[384.0],[666.0],[94.0],[782.0],[608.0],[382.0],[666.0],[666.0],[838.0],[152.0],[738.0],[889.0],[324.0],[608.0],[382.0],[889.0],[324.0],[60.0],[754.0],[467.0],[838.0],[666.0],[109.0],[593.0],[242.0],[384.0],[746.0],[152.0],[60.0],[660.0],[324.0],[754.0],[666.0],[312.0],[746.0],[608.0],[152.0],[889.0],[992.0],[540.0],[592.0],[782.0],[384.0],[298.0],[599.0],[540.0],[60.0],[838.0],[109.0],[382.0],[593.0],[593.0],[992.0],[94.0],[152.0],[593.0],[152.0],[769.0],[312.0],[155.0],[281.0],[152.0],[738.0],[348.0],[94.0],[782.0],[300.0],[227.0],[665.0],[608.0],[540.0],[247.0],[794.0]
80,[540.0],[60.0],[838.0],[746.0],[94.0],[384.0],[592.0],[60.0],[540.0],[992.0],[593.0],[382.0],[382.0],[592.0],[247.0],[94.0],[324.0],[155.0],[155.0],[660.0],[152.0],[247.0],[540.0],[782.0],[247.0],[660.0],[660.0],[462.0],[382.0],[842.0],[540.0],[60.0],[384.0],[382.0],[838.0],[247.0],[746.0],[666.0],[309.0],[738.0],[746.0],[384.0],[660.0],[738.0],[152.0],[155.0],[384.0],[534.0],[650.0],[950.0],[738.0],[298.0],[462.0],[608.0],[593.0],[152.0],[94.0],[608.0],[540.0],[382.0],[889.0],[782.0],[746.0],[593.0],[94.0],[754.0],[608.0],[152.0],[992.0],[462.0],[281.0],[769.0],[608.0],[324.0],[384.0],[950.0],[384.0],[738.0],[592.0],[60.0],[540.0],[593.0],[738.0],[754.0],[298.0],[665.0],[889.0],[770.0],[593.0],[382.0],[326.0],[540.0],[992.0],[190.0],[462.0],[889.0],[60.0],[992.0],[348.0],[765.0]
81,[608.0],[992.0],[534.0],[782.0],[312.0],[838.0],[593.0],[155.0],[754.0],[754.0],[738.0],[384.0],[384.0],[738.0],[593.0],[540.0],[593.0],[842.0],[152.0],[94.0],[746.0],[592.0],[608.0],[738.0],[666.0],[94.0],[312.0],[348.0],[462.0],[540.0],[992.0],[152.0],[462.0],[384.0],[382.0],[592.0],[782.0],[592.0],[770.0],[746.0],[782.0],[462.0],[94.0],[666.0],[324.0],[660.0],[462.0],[716.0],[382.0],[665.0],[309.0],[281.0],[348.0],[152.0],[738.0],[593.0],[252.0],[152.0],[608.0],[384.0],[309.0],[540.0],[782.0],[738.0],[540.0],[155.0],[754.0],[593.0],[608.0],[348.0],[647.0],[652.0],[60.0],[152.0],[462.0],[252.0],[348.0],[666.0],[738.0],[754.0],[608.0],[324.0],[666.0],[155.0],[281.0],[889.0],[660.0],[647.0],[738.0],[462.0],[534.0],[608.0],[754.0],[427.0],[650.0],[660.0],[152.0],[754.0],[592.0],[599.0]
82,[60.0],[754.0],[716.0],[60.0],[540.0],[462.0],[738.0],[842.0],[155.0],[152.0],[992.0],[324.0],[462.0],[666.0],[592.0],[608.0],[746.0],[94.0],[842.0],[540.0],[782.0],[666.0],[782.0],[992.0],[382.0],[540.0],[94.0],[326.0],[348.0],[608.0],[608.0],[593.0],[348.0],[247.0],[384.0],[348.0],[593.0],[382.0],[660.0],[782.0],[60.0],[348.0],[540.0],[746.0],[746.0],[94.0],[840.0],[510.0],[838.0],[889.0],[770.0],[933.0],[326.0],[593.0],[666.0],[738.0],[540.0],[593.0],[155.0],[650.0],[660.0],[992.0],[60.0],[666.0],[608.0],[608.0],[155.0],[666.0],[754.0],[324.0],[109.0],[242.0],[152.0],[593.0],[247.0],[665.0],[650.0],[382.0],[382.0],[152.0],[60.0],[738.0],[324.0],[593.0],[652.0],[660.0],[94.0],[252.0],[746.0],[348.0],[510.0],[155.0],[152.0],[647.0],[348.0],[94.0],[593.0],[155.0],[326.0],[242.0]
83,[152.0],[155.0],[247.0],[152.0],[608.0],[348.0],[666.0],[312.0],[608.0],[155.0],[754.0],[746.0],[348.0],[324.0],[738.0],[60.0],[738.0],[312.0],[593.0],[608.0],[593.0],[324.0],[60.0],[754.0],[384.0],[312.0],[309.0],[592.0],[326.0],[312.0],[60.0],[754.0],[326.0],[462.0],[462.0],[324.0],[738.0],[324.0],[94.0],[666.0],[152.0],[326.0],[608.0],[782.0],[593.0],[540.0],[925.0],[899.0],[384.0],[660.0],[252.0],[647.0],[534.0],[738.0],[746.0],[666.0],[60.0],[738.0],[60.0],[838.0],[94.0],[608.0],[152.0],[382.0],[770.0],[842.0],[842.0],[382.0],[155.0],[534.0],[769.0],[189.0],[324.0],[746.0],[348.0],[889.0],[326.0],[384.0],[782.0],[593.0],[155.0],[746.0],[382.0],[738.0],[647.0],[309.0],[608.0],[109.0],[666.0],[746.0],[899.0],[60.0],[593.0],[109.0],[838.0],[770.0],[782.0],[608.0],[534.0],[298.0]
84,[593.0],[152.0],[510.0],[992.0],[60.0],[247.0],[382.0],[152.0],[842.0],[593.0],[666.0],[462.0],[326.0],[746.0],[324.0],[312.0],[666.0],[309.0],[312.0],[60.0],[992.0],[382.0],[152.0],[155.0],[592.0],[608.0],[770.0],[716.0],[324.0],[60.0],[152.0],[738.0],[534.0],[348.0],[348.0],[326.0],[992.0],[384.0],[540.0],[992.0],[593.0],[534.0],[60.0],[382.0],[738.0],[608.0],[348.0],[301.0],[247.0],[309.0],[666.0],[109.0],[650.0],[666.0],[382.0],[382.0],[152.0],[666.0],[152.0],[462.0],[770.0],[60.0],[992.0],[384.0],[60.0],[60.0],[60.0],[384.0],[312.0],[716.0],[950.0],[298.0],[593.0],[738.0],[592.0],[660.0],[534.0],[462.0],[384.0],[738.0],[842.0],[782.0],[746.0],[842.0],[109.0],[94.0],[152.0],[665.0],[782.0],[326.0],[301.0],[842.0],[738.0],[950.0],[326.0],[540.0],[738.0],[60.0],[716.0],[652.0]
85,[746.0],[842.0],[899.0],[593.0],[309.0],[326.0],[384.0],[593.0],[312.0],[738.0],[382.0],[348.0],[534.0],[782.0],[666.0],[152.0],[382.0],[540.0],[770.0],[152.0],[754.0],[746.0],[992.0],[842.0],[462.0],[60.0],[540.0],[510.0],[746.0],[152.0],[593.0],[666.0],[716.0],[326.0],[326.0],[534.0],[754.0],[462.0],[252.0],[382.0],[738.0],[592.0],[770.0],[384.0],[666.0],[842.0],[227.0],[981.0],[462.0],[94.0],[300.0],[950.0],[838.0],[382.0],[384.0],[324.0],[593.0],[382.0],[842.0],[348.0],[540.0],[754.0],[593.0],[247.0],[252.0],[152.0],[312.0],[462.0],[60.0],[510.0],[665.0],[281.0],[738.0],[666.0],[326.0],[94.0],[838.0],[348.0],[992.0],[666.0],[152.0],[666.0],[782.0],[666.0],[665.0],[540.0],[842.0],[660.0],[992.0],[534.0],[981.0],[312.0],[155.0],[665.0],[247.0],[252.0],[992.0],[152.0],[782.0],[189.0]
86,[738.0],[312.0],[301.0],[738.0],[152.0],[592.0],[462.0],[309.0],[60.0],[842.0],[384.0],[326.0],[838.0],[382.0],[382.0],[770.0],[384.0],[608.0],[252.0],[593.0],[155.0],[384.0],[754.0],[666.0],[348.0],[309.0],[608.0],[324.0],[782.0],[593.0],[754.0],[382.0],[899.0],[592.0],[534.0],[716.0],[666.0],[348.0],[608.0],[754.0],[666.0],[324.0],[252.0],[992.0],[382.0],[60.0],[650.0],[503.0],[348.0],[540.0],[382.0],[665.0],[247.0],[384.0],[462.0],[384.0],[738.0],[746.0],[593.0],[326.0],[608.0],[152.0],[754.0],[462.0],[152.0],[312.0],[152.0],[324.0],[593.0],[899.0],[889.0],[647.0],[746.0],[382.0],[534.0],[300.0],[716.0],[326.0],[462.0],[382.0],[593.0],[382.0],[462.0],[382.0],[889.0],[252.0],[593.0],[300.0],[754.0],[716.0],[503.0],[770.0],[666.0],[889.0],[592.0],[608.0],[754.0],[842.0],[510.0],[281.0]
87,[782.0],[309.0],[592.0],[155.0],[770.0],[324.0],[348.0],[738.0],[152.0],[312.0],[462.0],[782.0],[716.0],[384.0],[746.0],[252.0],[462.0],[152.0],[738.0],[738.0],[738.0],[462.0],[593.0],[382.0],[324.0],[152.0],[60.0],[746.0],[534.0],[666.0],[738.0],[384.0],[301.0],[534.0],[716.0],[510.0],[382.0],[326.0],[60.0],[384.0],[382.0],[746.0],[152.0],[462.0],[384.0],[152.0],[326.0],[723.0],[326.0],[608.0],[384.0],[519.0],[510.0],[754.0],[348.0],[348.0],[666.0],[384.0],[312.0],[534.0],[60.0],[155.0],[155.0],[348.0],[300.0],[309.0],[593.0],[348.0],[309.0],[301.0],[660.0],[109.0],[666.0],[782.0],[324.0],[190.0],[247.0],[534.0],[348.0],[384.0],[312.0],[384.0],[348.0],[384.0],[189.0],[608.0],[738.0],[540.0],[382.0],[510.0],[723.0],[252.0],[382.0],[660.0],[534.0],[300.0],[666.0],[593.0],[899.0],[647.0]
88,[992.0],[593.0],[324.0],[842.0],[593.0],[534.0],[324.0],[770.0],[593.0],[309.0],[348.0],[534.0],[510.0],[462.0],[782.0],[593.0],[782.0],[738.0],[300.0],[312.0],[842.0],[348.0],[738.0],[384.0],[326.0],[593.0],[300.0],[899.0],[716.0],[382.0],[666.0],[155.0],[981.0],[716.0],[510.0],[746.0],[384.0],[746.0],[300.0],[462.0],[384.0],[716.0],[300.0],[348.0],[462.0],[312.0],[838.0],[499.0],[592.0],[770.0],[462.0],[889.0],[899.0],[462.0],[326.0],[746.0],[382.0],[782.0],[738.0],[716.0],[152.0],[593.0],[842.0],[592.0],[190.0],[770.0],[309.0],[326.0],[770.0],[746.0],[94.0],[933.0],[382.0],[384.0],[716.0],[540.0],[510.0],[324.0],[326.0],[462.0],[738.0],[992.0],[326.0],[462.0],[519.0],[60.0],[666.0],[608.0],[155.0],[899.0],[499.0],[300.0],[384.0],[94.0],[324.0],[60.0],[382.0],[738.0],[301.0],[109.0]
89,[754.0],[770.0],[981.0],[312.0],[738.0],[716.0],[326.0],[666.0],[738.0],[666.0],[326.0],[992.0],[899.0],[348.0],[384.0],[300.0],[348.0],[666.0],[666.0],[666.0],[666.0],[326.0],[155.0],[462.0],[534.0],[738.0],[190.0],[301.0],[510.0],[309.0],[382.0],[842.0],[227.0],[324.0],[899.0],[899.0],[462.0],[534.0],[190.0],[155.0],[462.0],[510.0],[593.0],[326.0],[348.0],[593.0],[534.0],[247.0],[324.0],[300.0],[190.0],[660.0],[592.0],[155.0],[534.0],[326.0],[384.0],[462.0],[309.0],[247.0],[593.0],[738.0],[738.0],[326.0],[427.0],[593.0],[770.0],[534.0],[738.0],[981.0],[652.0],[950.0],[384.0],[462.0],[510.0],[608.0],[592.0],[716.0],[534.0],[155.0],[666.0],[754.0],[534.0],[326.0],[660.0],[300.0],[382.0],[190.0],[384.0],[782.0],[640.0],[152.0],[462.0],[540.0],[716.0],[152.0],[155.0],[666.0],[981.0],[933.0]
90,[666.0],[738.0],[503.0],[666.0],[666.0],[510.0],[534.0],[382.0],[666.0],[382.0],[534.0],[510.0],[301.0],[326.0],[462.0],[738.0],[992.0],[382.0],[190.0],[309.0],[382.0],[782.0],[666.0],[348.0],[716.0],[770.0],[427.0],[782.0],[899.0],[384.0],[384.0],[312.0],[838.0],[510.0],[301.0],[301.0],[155.0],[716.0],[152.0],[348.0],[992.0],[782.0],[190.0],[754.0],[782.0],[738.0],[247.0],[640.0],[716.0],[190.0],[427.0],[94.0],[301.0],[842.0],[782.0],[534.0],[462.0],[348.0],[666.0],[510.0],[738.0],[666.0],[666.0],[534.0],[593.0],[738.0],[252.0],[746.0],[666.0],[503.0],[540.0],[519.0],[462.0],[348.0],[899.0],[60.0],[324.0],[510.0],[716.0],[348.0],[309.0],[462.0],[716.0],[534.0],[960.0],[152.0],[462.0],[60.0],[462.0],[301.0],[410.0],[593.0],[348.0],[608.0],[510.0],[593.0],[384.0],[312.0],[992.0],[950.0]
91,[382.0],[666.0],[746.0],[382.0],[382.0],[746.0],[716.0],[252.0],[382.0],[770.0],[716.0],[754.0],[247.0],[534.0],[348.0],[190.0],[326.0],[770.0],[382.0],[384.0],[312.0],[992.0],[382.0],[326.0],[510.0],[666.0],[152.0],[992.0],[301.0],[770.0],[462.0],[462.0],[503.0],[899.0],[981.0],[981.0],[348.0],[510.0],[593.0],[842.0],[348.0],[899.0],[738.0],[534.0],[326.0],[666.0],[592.0],[410.0],[510.0],[60.0],[348.0],[540.0],[324.0],[348.0],[992.0],[716.0],[348.0],[992.0],[770.0],[899.0],[252.0],[842.0],[382.0],[716.0],[738.0],[252.0],[190.0],[782.0],[382.0],[723.0],[608.0],[960.0],[348.0],[992.0],[301.0],[152.0],[899.0],[746.0],[510.0],[326.0],[382.0],[348.0],[510.0],[716.0],[344.0],[593.0],[312.0],[152.0],[348.0],[981.0],[838.0],[738.0],[326.0],[652.0],[899.0],[190.0],[842.0],[309.0],[503.0],[519.0]
92,[384.0],[382.0],[723.0],[384.0],[252.0],[899.0],[510.0],[384.0],[384.0],[384.0],[510.0],[899.0],[981.0],[716.0],[326.0],[666.0],[534.0],[252.0],[384.0],[770.0],[384.0],[534.0],[384.0],[312.0],[746.0],[382.0],[593.0],[754.0],[992.0],[252.0],[348.0],[309.0],[723.0],[301.0],[247.0],[503.0],[842.0],[899.0],[738.0],[326.0],[754.0],[301.0],[427.0],[155.0],[992.0],[382.0],[716.0],[445.0],[899.0],[427.0],[769.0],[960.0],[503.0],[534.0],[716.0],[782.0],[326.0],[534.0],[382.0],[592.0],[300.0],[382.0],[462.0],[899.0],[666.0],[300.0],[738.0],[716.0],[384.0],[782.0],[60.0],[665.0],[326.0],[326.0],[746.0],[427.0],[301.0],[899.0],[899.0],[534.0],[384.0],[326.0],[899.0],[510.0],[589.0],[666.0],[348.0],[593.0],[326.0],[503.0],[423.0],[190.0],[842.0],[152.0],[301.0],[738.0],[312.0],[382.0],[723.0],[665.0]
93,[155.0],[384.0],[499.0],[462.0],[384.0],[782.0],[899.0],[462.0],[462.0],[462.0],[899.0],[301.0],[592.0],[510.0],[534.0],[427.0],[754.0],[300.0],[462.0],[462.0],[462.0],[716.0],[462.0],[534.0],[899.0],[384.0],[738.0],[981.0],[754.0],[462.0],[155.0],[348.0],[247.0],[981.0],[503.0],[723.0],[326.0],[301.0],[666.0],[534.0],[326.0],[981.0],[666.0],[716.0],[534.0],[384.0],[510.0],[592.0],[746.0],[152.0],[326.0],[608.0],[746.0],[716.0],[510.0],[510.0],[534.0],[716.0],[252.0],[301.0],[666.0],[384.0],[348.0],[301.0],[382.0],[427.0],[666.0],[992.0],[462.0],[992.0],[152.0],[344.0],[534.0],[754.0],[981.0],[738.0],[981.0],[301.0],[754.0],[716.0],[770.0],[534.0],[301.0],[899.0],[630.0],[382.0],[309.0],[738.0],[842.0],[723.0],[445.0],[666.0],[534.0],[189.0],[981.0],[666.0],[309.0],[384.0],[499.0],[889.0]
94,[462.0],[252.0],[782.0],[309.0],[300.0],[992.0],[301.0],[300.0],[348.0],[348.0],[301.0],[981.0],[723.0],[992.0],[716.0],[382.0],[716.0],[190.0],[348.0],[348.0],[348.0],[510.0],[842.0],[309.0],[782.0],[462.0],[666.0],[723.0],[155.0],[300.0],[842.0],[326.0],[499.0],[723.0],[592.0],[499.0],[312.0],[782.0],[382.0],[716.0],[534.0],[992.0],[769.0],[510.0],[716.0],[309.0],[324.0],[134.0],[301.0],[593.0],[652.0],[344.0],[499.0],[510.0],[899.0],[992.0],[300.0],[510.0],[384.0],[324.0],[382.0],[462.0],[326.0],[981.0],[769.0],[769.0],[427.0],[510.0],[348.0],[499.0],[593.0],[889.0],[716.0],[155.0],[503.0],[666.0],[746.0],[782.0],[301.0],[510.0],[462.0],[716.0],[981.0],[301.0],[94.0],[384.0],[770.0],[666.0],[312.0],[499.0],[134.0],[382.0],[312.0],[593.0],[746.0],[382.0],[770.0],[770.0],[754.0],[660.0]
95,[842.0],[462.0],[992.0],[770.0],[462.0],[301.0],[746.0],[348.0],[309.0],[326.0],[155.0],[503.0],[499.0],[899.0],[992.0],[769.0],[510.0],[384.0],[427.0],[252.0],[326.0],[899.0],[348.0],[716.0],[992.0],[348.0],[769.0],[155.0],[842.0],[190.0],[326.0],[770.0],[640.0],[499.0],[324.0],[782.0],[534.0],[992.0],[769.0],[312.0],[716.0],[503.0],[382.0],[899.0],[754.0],[462.0],[899.0],[324.0],[782.0],[769.0],[534.0],[152.0],[640.0],[312.0],[301.0],[899.0],[716.0],[899.0],[462.0],[746.0],[384.0],[348.0],[534.0],[503.0],[462.0],[652.0],[652.0],[899.0],[252.0],[754.0],[738.0],[660.0],[782.0],[842.0],[723.0],[769.0],[503.0],[981.0],[981.0],[899.0],[252.0],[510.0],[992.0],[981.0],[540.0],[462.0],[252.0],[382.0],[309.0],[640.0],[243.0],[384.0],[716.0],[738.0],[503.0],[427.0],[252.0],[252.0],[155.0],[94.0]
96,[312.0],[326.0],[640.0],[348.0],[348.0],[754.0],[981.0],[326.0],[770.0],[534.0],[981.0],[155.0],[640.0],[301.0],[510.0],[384.0],[155.0],[462.0],[769.0],[326.0],[309.0],[301.0],[326.0],[510.0],[301.0],[252.0],[382.0],[499.0],[981.0],[348.0],[312.0],[252.0],[410.0],[746.0],[723.0],[992.0],[716.0],[754.0],[384.0],[510.0],[510.0],[723.0],[384.0],[301.0],[155.0],[770.0],[301.0],[243.0],[981.0],[652.0],[716.0],[593.0],[410.0],[899.0],[503.0],[301.0],[510.0],[301.0],[348.0],[981.0],[462.0],[326.0],[716.0],[723.0],[348.0],[666.0],[382.0],[754.0],[300.0],[640.0],[666.0],[589.0],[510.0],[534.0],[782.0],[652.0],[723.0],[503.0],[155.0],[842.0],[348.0],[899.0],[503.0],[503.0],[608.0],[348.0],[534.0],[384.0],[534.0],[410.0],[230.0],[427.0],[309.0],[666.0],[782.0],[769.0],[300.0],[462.0],[640.0],[608.0]
97,[348.0],[534.0],[410.0],[326.0],[190.0],[981.0],[782.0],[534.0],[252.0],[716.0],[842.0],[723.0],[410.0],[754.0],[899.0],[462.0],[899.0],[348.0],[652.0],[300.0],[534.0],[981.0],[534.0],[899.0],[981.0],[300.0],[652.0],[842.0],[503.0],[427.0],[309.0],[534.0],[423.0],[640.0],[640.0],[754.0],[510.0],[981.0],[348.0],[301.0],[155.0],[499.0],[462.0],[981.0],[510.0],[348.0],[746.0],[746.0],[503.0],[738.0],[899.0],[738.0],[423.0],[301.0],[723.0],[754.0],[899.0],[754.0],[326.0],[503.0],[190.0],[716.0],[312.0],[324.0],[326.0],[189.0],[189.0],[301.0],[326.0],[410.0],[189.0],[94.0],[899.0],[716.0],[499.0],[189.0],[782.0],[723.0],[842.0],[301.0],[326.0],[301.0],[723.0],[723.0],[60.0],[326.0],[716.0],[462.0],[716.0],[423.0],[52.0],[462.0],[770.0],[382.0],[992.0],[384.0],[462.0],[348.0],[410.0],[60.0]
98,[326.0],[300.0],[423.0],[534.0],[326.0],[503.0],[503.0],[190.0],[326.0],[510.0],[312.0],[640.0],[324.0],[981.0],[301.0],[348.0],[301.0],[326.0],[189.0],[534.0],[716.0],[503.0],[716.0],[301.0],[155.0],[190.0],[189.0],[640.0],[312.0],[769.0],[534.0],[716.0],[445.0],[410.0],[410.0],[640.0],[899.0],[503.0],[652.0],[981.0],[899.0],[640.0],[348.0],[503.0],[899.0],[252.0],[782.0],[230.0],[723.0],[666.0],[189.0],[666.0],[445.0],[981.0],[499.0],[503.0],[301.0],[981.0],[534.0],[723.0],[427.0],[899.0],[770.0],[499.0],[652.0],[933.0],[384.0],[981.0],[190.0],[155.0],[933.0],[540.0],[301.0],[510.0],[640.0],[382.0],[499.0],[992.0],[503.0],[981.0],[300.0],[981.0],[499.0],[499.0],[378.0],[534.0],[510.0],[348.0],[510.0],[445.0],[575.0],[348.0],[510.0],[384.0],[723.0],[652.0],[348.0],[300.0],[423.0],[960.0]
99,[534.0],[716.0],[445.0],[716.0],[534.0],[723.0],[754.0],[427.0],[716.0],[899.0],[503.0],[410.0],[423.0],[155.0],[981.0],[189.0],[842.0],[427.0],[326.0],[190.0],[510.0],[754.0],[510.0],[981.0],[503.0],[427.0],[933.0],[410.0],[309.0],[326.0],[716.0],[899.0],[134.0],[423.0],[423.0],[410.0],[301.0],[723.0],[326.0],[503.0],[301.0],[410.0],[326.0],[723.0],[842.0],[326.0],[981.0],[52.0],[499.0],[382.0],[301.0],[382.0],[134.0],[309.0],[754.0],[723.0],[981.0],[155.0],[716.0],[499.0],[348.0],[301.0],[510.0],[640.0],[534.0],[382.0],[462.0],[503.0],[427.0],[423.0],[382.0],[608.0],[981.0],[312.0],[992.0],[384.0],[640.0],[499.0],[723.0],[312.0],[534.0],[155.0],[640.0],[640.0],[152.0],[716.0],[301.0],[326.0],[899.0],[134.0],[570.0],[769.0],[252.0],[462.0],[499.0],[189.0],[190.0],[190.0],[445.0],[152.0]
100,[309.0],[190.0],[134.0],[252.0],[716.0],[640.0],[723.0],[769.0],[300.0],[252.0],[723.0],[423.0],[746.0],[503.0],[503.0],[933.0],[981.0],[769.0],[534.0],[716.0],[899.0],[723.0],[312.0],[503.0],[842.0],[769.0],[384.0],[423.0],[723.0],[534.0],[510.0],[301.0],[243.0],[445.0],[445.0],[842.0],[981.0],[499.0],[534.0],[723.0],[842.0],[423.0],[534.0],[499.0],[301.0],[300.0],[992.0],[575.0],[640.0],[384.0],[981.0],[384.0],[243.0],[770.0],[640.0],[499.0],[190.0],[312.0],[510.0],[640.0],[326.0],[981.0],[899.0],[410.0],[189.0],[384.0],[348.0],[723.0],[534.0],[445.0],[384.0],[60.0],[992.0],[899.0],[410.0],[933.0],[410.0],[640.0],[499.0],[309.0],[716.0],[842.0],[410.0],[410.0],[593.0],[427.0],[300.0],[534.0],[301.0],[243.0],[95.0],[326.0],[899.0],[348.0],[754.0],[462.0],[326.0],[326.0],[134.0],[344.0]
101,[716.0],[510.0],[754.0],[510.0],[510.0],[410.0],[499.0],[716.0],[510.0],[301.0],[499.0],[842.0],[445.0],[842.0],[723.0],[326.0],[312.0],[652.0],[933.0],[427.0],[301.0],[499.0],[309.0],[723.0],[723.0],[652.0],[462.0],[445.0],[499.0],[716.0],[899.0],[981.0],[230.0],[134.0],[243.0],[423.0],[503.0],[640.0],[716.0],[309.0],[981.0],[445.0],[716.0],[842.0],[981.0],[190.0],[754.0],[570.0],[992.0],[462.0],[503.0],[462.0],[782.0],[503.0],[410.0],[155.0],[503.0],[503.0],[899.0],[782.0],[534.0],[503.0],[301.0],[423.0],[933.0],[519.0],[933.0],[499.0],[716.0],[134.0],[462.0],[152.0],[155.0],[301.0],[423.0],[462.0],[992.0],[410.0],[640.0],[503.0],[190.0],[723.0],[423.0],[423.0],[738.0],[510.0],[190.0],[427.0],[770.0],[230.0],[113.0],[534.0],[300.0],[326.0],[640.0],[933.0],[534.0],[427.0],[243.0],[593.0]
102,[510.0],[899.0],[243.0],[899.0],[899.0],[423.0],[640.0],[510.0],[899.0],[981.0],[309.0],[445.0],[134.0],[723.0],[499.0],[534.0],[309.0],[534.0],[510.0],[769.0],[503.0],[640.0],[899.0],[499.0],[499.0],[189.0],[348.0],[134.0],[640.0],[510.0],[301.0],[503.0],[52.0],[230.0],[230.0],[445.0],[723.0],[410.0],[510.0],[499.0],[312.0],[134.0],[652.0],[312.0],[503.0],[534.0],[503.0],[95.0],[754.0],[348.0],[933.0],[589.0],[230.0],[723.0],[423.0],[842.0],[723.0],[723.0],[301.0],[992.0],[716.0],[723.0],[252.0],[445.0],[716.0],[960.0],[326.0],[640.0],[510.0],[243.0],[326.0],[630.0],[503.0],[981.0],[754.0],[348.0],[754.0],[423.0],[410.0],[723.0],[427.0],[499.0],[754.0],[445.0],[118.0],[899.0],[427.0],[716.0],[981.0],[52.0],[247.0],[716.0],[190.0],[933.0],[410.0],[519.0],[716.0],[534.0],[230.0],[589.0]
103,[899.0],[301.0],[230.0],[301.0],[301.0],[445.0],[410.0],[899.0],[301.0],[503.0],[640.0],[134.0],[782.0],[499.0],[640.0],[960.0],[503.0],[716.0],[519.0],[652.0],[723.0],[155.0],[301.0],[640.0],[312.0],[326.0],[326.0],[312.0],[770.0],[652.0],[981.0],[723.0],[592.0],[52.0],[52.0],[134.0],[499.0],[423.0],[189.0],[640.0],[770.0],[243.0],[189.0],[640.0],[723.0],[716.0],[723.0],[782.0],[410.0],[326.0],[519.0],[348.0],[52.0],[499.0],[445.0],[640.0],[499.0],[499.0],[190.0],[410.0],[769.0],[499.0],[981.0],[134.0],[510.0],[344.0],[519.0],[410.0],[769.0],[312.0],[534.0],[378.0],[842.0],[503.0],[445.0],[326.0],[423.0],[445.0],[312.0],[499.0],[510.0],[640.0],[155.0],[134.0],[903.0],[301.0],[981.0],[510.0],[503.0],[992.0],[861.0],[510.0],[427.0],[534.0],[423.0],[960.0],[427.0],[769.0],[52.0],[738.0]
104,[301.0],[981.0],[52.0],[981.0],[427.0],[134.0],[423.0],[301.0],[981.0],[300.0],[410.0],[312.0],[243.0],[640.0],[754.0],[716.0],[723.0],[510.0],[899.0],[510.0],[499.0],[410.0],[981.0],[423.0],[640.0],[534.0],[716.0],[243.0],[252.0],[301.0],[770.0],[499.0],[575.0],[575.0],[746.0],[243.0],[640.0],[155.0],[899.0],[770.0],[503.0],[230.0],[510.0],[410.0],[499.0],[510.0],[155.0],[113.0],[423.0],[189.0],[960.0],[326.0],[992.0],[640.0],[134.0],[410.0],[427.0],[640.0],[427.0],[423.0],[510.0],[640.0],[300.0],[746.0],[899.0],[462.0],[534.0],[423.0],[652.0],[230.0],[510.0],[118.0],[312.0],[723.0],[134.0],[534.0],[445.0],[134.0],[423.0],[640.0],[301.0],[312.0],[445.0],[312.0],[176.0],[769.0],[503.0],[769.0],[252.0],[754.0],[612.0],[899.0],[652.0],[716.0],[155.0],[348.0],[510.0],[716.0],[575.0],[666.0]
105,[981.0],[503.0],[575.0],[503.0],[981.0],[243.0],[445.0],[981.0],[503.0],[723.0],[423.0],[243.0],[230.0],[410.0],[842.0],[510.0],[499.0],[899.0],[301.0],[899.0],[640.0],[423.0],[723.0],[445.0],[410.0],[716.0],[510.0],[309.0],[410.0],[981.0],[503.0],[640.0],[570.0],[570.0],[782.0],[312.0],[309.0],[445.0],[301.0],[410.0],[499.0],[52.0],[933.0],[423.0],[640.0],[899.0],[499.0],[861.0],[445.0],[534.0],[723.0],[630.0],[575.0],[410.0],[243.0],[423.0],[640.0],[410.0],[652.0],[445.0],[899.0],[410.0],[503.0],[243.0],[981.0],[348.0],[716.0],[445.0],[189.0],[52.0],[519.0],[593.0],[723.0],[640.0],[243.0],[519.0],[134.0],[243.0],[445.0],[410.0],[981.0],[309.0],[842.0],[243.0],[666.0],[981.0],[723.0],[301.0],[723.0],[575.0],[592.0],[301.0],[301.0],[510.0],[445.0],[344.0],[899.0],[510.0],[570.0],[382.0]
106,[503.0],[723.0],[570.0],[300.0],[503.0],[230.0],[134.0],[503.0],[723.0],[499.0],[445.0],[230.0],[52.0],[423.0],[410.0],[899.0],[640.0],[301.0],[981.0],[301.0],[410.0],[445.0],[499.0],[770.0],[423.0],[933.0],[519.0],[770.0],[423.0],[503.0],[723.0],[410.0],[95.0],[95.0],[575.0],[230.0],[770.0],[134.0],[933.0],[300.0],[640.0],[575.0],[519.0],[309.0],[410.0],[427.0],[410.0],[612.0],[134.0],[716.0],[344.0],[534.0],[570.0],[423.0],[230.0],[445.0],[769.0],[309.0],[981.0],[134.0],[301.0],[423.0],[723.0],[992.0],[723.0],[326.0],[960.0],[134.0],[899.0],[575.0],[899.0],[903.0],[499.0],[309.0],[230.0],[960.0],[155.0],[230.0],[134.0],[423.0],[503.0],[410.0],[243.0],[230.0],[529.0],[503.0],[499.0],[981.0],[499.0],[570.0],[978.0],[981.0],[981.0],[519.0],[842.0],[326.0],[301.0],[899.0],[95.0],[384.0]
107,[723.0],[640.0],[95.0],[190.0],[769.0],[52.0],[243.0],[499.0],[499.0],[190.0],[134.0],[52.0],[992.0],[445.0],[423.0],[589.0],[410.0],[981.0],[503.0],[189.0],[770.0],[134.0],[640.0],[252.0],[309.0],[510.0],[899.0],[230.0],[445.0],[723.0],[499.0],[423.0],[113.0],[113.0],[570.0],[52.0],[410.0],[243.0],[981.0],[190.0],[410.0],[570.0],[899.0],[445.0],[423.0],[301.0],[423.0],[992.0],[243.0],[519.0],[499.0],[716.0],[95.0],[134.0],[155.0],[134.0],[410.0],[423.0],[503.0],[243.0],[981.0],[312.0],[190.0],[230.0],[499.0],[534.0],[510.0],[230.0],[301.0],[570.0],[301.0],[738.0],[640.0],[410.0],[52.0],[344.0],[230.0],[52.0],[243.0],[252.0],[723.0],[423.0],[230.0],[52.0],[831.0],[723.0],[640.0],[503.0],[640.0],[95.0],[389.0],[503.0],[503.0],[960.0],[134.0],[589.0],[981.0],[301.0],[113.0],[462.0]
108,[499.0],[427.0],[113.0],[499.0],[723.0],[575.0],[230.0],[640.0],[640.0],[640.0],[243.0],[309.0],[575.0],[134.0],[445.0],[630.0],[423.0],[503.0],[723.0],[933.0],[423.0],[243.0],[410.0],[300.0],[445.0],[899.0],[960.0],[52.0],[134.0],[499.0],[640.0],[445.0],[861.0],[861.0],[113.0],[575.0],[423.0],[842.0],[519.0],[423.0],[423.0],[95.0],[960.0],[134.0],[445.0],[981.0],[445.0],[978.0],[230.0],[960.0],[640.0],[118.0],[113.0],[243.0],[52.0],[230.0],[423.0],[445.0],[189.0],[230.0],[503.0],[445.0],[499.0],[52.0],[640.0],[716.0],[344.0],[52.0],[933.0],[95.0],[981.0],[666.0],[309.0],[423.0],[575.0],[716.0],[52.0],[575.0],[230.0],[445.0],[499.0],[445.0],[52.0],[575.0],[185.0],[499.0],[769.0],[723.0],[300.0],[113.0],[986.0],[723.0],[189.0],[344.0],[243.0],[534.0],[769.0],[652.0],[861.0],[630.0]
109,[640.0],[769.0],[155.0],[640.0],[499.0],[570.0],[52.0],[410.0],[190.0],[410.0],[230.0],[770.0],[570.0],[243.0],[134.0],[301.0],[445.0],[723.0],[499.0],[981.0],[445.0],[230.0],[770.0],[134.0],[134.0],[301.0],[301.0],[575.0],[300.0],[640.0],[410.0],[134.0],[324.0],[782.0],[861.0],[95.0],[445.0],[230.0],[960.0],[427.0],[445.0],[113.0],[301.0],[770.0],[134.0],[503.0],[134.0],[389.0],[52.0],[510.0],[423.0],[510.0],[861.0],[230.0],[842.0],[52.0],[445.0],[134.0],[933.0],[52.0],[652.0],[134.0],[427.0],[575.0],[519.0],[510.0],[899.0],[575.0],[981.0],[113.0],[503.0],[176.0],[410.0],[770.0],[155.0],[510.0],[575.0],[570.0],[52.0],[134.0],[640.0],[134.0],[575.0],[570.0],[384.0],[640.0],[410.0],[499.0],[423.0],[861.0],[131.0],[499.0],[723.0],[589.0],[230.0],[716.0],[503.0],[981.0],[612.0],[348.0]
110,[770.0],[410.0],[861.0],[410.0],[640.0],[95.0],[575.0],[423.0],[410.0],[423.0],[770.0],[575.0],[95.0],[230.0],[243.0],[981.0],[134.0],[499.0],[640.0],[503.0],[134.0],[52.0],[423.0],[243.0],[243.0],[519.0],[981.0],[300.0],[243.0],[410.0],[423.0],[243.0],[746.0],[612.0],[612.0],[113.0],[134.0],[52.0],[723.0],[445.0],[134.0],[612.0],[344.0],[243.0],[312.0],[769.0],[243.0],[986.0],[575.0],[344.0],[589.0],[903.0],[612.0],[52.0],[312.0],[575.0],[134.0],[770.0],[723.0],[570.0],[723.0],[243.0],[769.0],[570.0],[960.0],[301.0],[301.0],[155.0],[503.0],[861.0],[723.0],[274.0],[770.0],[445.0],[570.0],[589.0],[570.0],[95.0],[575.0],[243.0],[410.0],[243.0],[570.0],[95.0],[462.0],[410.0],[423.0],[640.0],[445.0],[612.0],[188.0],[640.0],[499.0],[630.0],[52.0],[510.0],[652.0],[503.0],[842.0],[326.0]
111,[410.0],[423.0],[842.0],[427.0],[652.0],[861.0],[570.0],[652.0],[427.0],[427.0],[252.0],[252.0],[861.0],[312.0],[230.0],[378.0],[243.0],[640.0],[410.0],[519.0],[252.0],[575.0],[445.0],[230.0],[52.0],[960.0],[344.0],[570.0],[230.0],[423.0],[445.0],[230.0],[782.0],[978.0],[754.0],[309.0],[243.0],[312.0],[499.0],[134.0],[252.0],[754.0],[981.0],[230.0],[243.0],[723.0],[52.0],[754.0],[155.0],[589.0],[630.0],[899.0],[978.0],[575.0],[309.0],[312.0],[243.0],[252.0],[499.0],[95.0],[499.0],[230.0],[640.0],[95.0],[410.0],[589.0],[981.0],[570.0],[723.0],[612.0],[499.0],[382.0],[252.0],[134.0],[95.0],[630.0],[95.0],[113.0],[570.0],[230.0],[423.0],[230.0],[95.0],[113.0],[326.0],[652.0],[445.0],[410.0],[134.0],[978.0],[965.0],[410.0],[933.0],[899.0],[575.0],[899.0],[189.0],[723.0],[978.0],[378.0]
112,[252.0],[445.0],[612.0],[445.0],[410.0],[612.0],[95.0],[189.0],[423.0],[445.0],[52.0],[300.0],[612.0],[309.0],[52.0],[503.0],[770.0],[410.0],[423.0],[723.0],[243.0],[570.0],[252.0],[52.0],[770.0],[344.0],[503.0],[95.0],[52.0],[445.0],[134.0],[300.0],[978.0],[992.0],[978.0],[861.0],[230.0],[575.0],[640.0],[243.0],[243.0],[978.0],[589.0],[52.0],[230.0],[652.0],[575.0],[155.0],[570.0],[899.0],[378.0],[301.0],[389.0],[570.0],[575.0],[570.0],[230.0],[243.0],[640.0],[113.0],[640.0],[52.0],[410.0],[113.0],[423.0],[981.0],[503.0],[95.0],[499.0],[978.0],[640.0],[384.0],[423.0],[243.0],[861.0],[899.0],[842.0],[861.0],[95.0],[52.0],[445.0],[770.0],[113.0],[861.0],[716.0],[189.0],[134.0],[423.0],[243.0],[155.0],[866.0],[652.0],[519.0],[378.0],[570.0],[301.0],[933.0],[499.0],[986.0],[534.0]
113,[423.0],[134.0],[978.0],[134.0],[189.0],[978.0],[113.0],[933.0],[445.0],[134.0],[575.0],[570.0],[978.0],[52.0],[312.0],[723.0],[230.0],[423.0],[960.0],[499.0],[230.0],[842.0],[134.0],[575.0],[575.0],[589.0],[723.0],[113.0],[575.0],[134.0],[243.0],[52.0],[389.0],[389.0],[389.0],[612.0],[52.0],[570.0],[410.0],[230.0],[230.0],[389.0],[630.0],[575.0],[52.0],[189.0],[570.0],[428.0],[95.0],[301.0],[445.0],[981.0],[986.0],[252.0],[770.0],[95.0],[52.0],[230.0],[410.0],[861.0],[410.0],[309.0],[423.0],[754.0],[445.0],[503.0],[723.0],[113.0],[640.0],[389.0],[410.0],[348.0],[300.0],[252.0],[842.0],[301.0],[113.0],[612.0],[113.0],[575.0],[769.0],[52.0],[861.0],[612.0],[330.0],[423.0],[652.0],[445.0],[230.0],[389.0],[211.0],[423.0],[960.0],[301.0],[95.0],[981.0],[723.0],[640.0],[428.0],[510.0]
114,[445.0],[243.0],[389.0],[243.0],[423.0],[155.0],[861.0],[445.0],[769.0],[230.0],[300.0],[95.0],[389.0],[770.0],[575.0],[499.0],[575.0],[445.0],[445.0],[640.0],[52.0],[95.0],[243.0],[570.0],[252.0],[378.0],[499.0],[861.0],[570.0],[243.0],[230.0],[575.0],[986.0],[986.0],[986.0],[978.0],[575.0],[95.0],[423.0],[769.0],[52.0],[428.0],[378.0],[570.0],[575.0],[499.0],[95.0],[131.0],[113.0],[981.0],[118.0],[503.0],[428.0],[95.0],[570.0],[113.0],[575.0],[190.0],[445.0],[612.0],[189.0],[575.0],[445.0],[861.0],[344.0],[723.0],[499.0],[861.0],[410.0],[309.0],[960.0],[326.0],[445.0],[230.0],[612.0],[981.0],[861.0],[978.0],[861.0],[570.0],[134.0],[575.0],[612.0],[978.0],[687.0],[445.0],[243.0],[134.0],[52.0],[986.0],[324.0],[445.0],[640.0],[981.0],[312.0],[630.0],[499.0],[410.0],[131.0],[899.0]
115,[134.0],[230.0],[986.0],[230.0],[445.0],[389.0],[612.0],[134.0],[652.0],[52.0],[570.0],[113.0],[986.0],[575.0],[570.0],[640.0],[570.0],[134.0],[344.0],[410.0],[300.0],[861.0],[230.0],[95.0],[570.0],[981.0],[640.0],[612.0],[95.0],[230.0],[252.0],[570.0],[428.0],[428.0],[428.0],[389.0],[570.0],[113.0],[445.0],[52.0],[575.0],[131.0],[118.0],[95.0],[570.0],[640.0],[861.0],[259.0],[861.0],[503.0],[134.0],[176.0],[131.0],[113.0],[252.0],[861.0],[652.0],[52.0],[134.0],[978.0],[423.0],[570.0],[134.0],[155.0],[134.0],[499.0],[640.0],[612.0],[423.0],[770.0],[423.0],[529.0],[134.0],[52.0],[312.0],[503.0],[612.0],[389.0],[612.0],[95.0],[243.0],[570.0],[978.0],[389.0],[510.0],[134.0],[230.0],[189.0],[575.0],[428.0],[96.0],[134.0],[410.0],[503.0],[113.0],[503.0],[640.0],[423.0],[259.0],[118.0]
116,[243.0],[652.0],[309.0],[52.0],[134.0],[986.0],[978.0],[243.0],[134.0],[575.0],[95.0],[190.0],[428.0],[570.0],[95.0],[410.0],[95.0],[243.0],[589.0],[423.0],[575.0],[612.0],[300.0],[113.0],[95.0],[118.0],[410.0],[190.0],[113.0],[52.0],[300.0],[95.0],[131.0],[131.0],[131.0],[986.0],[95.0],[861.0],[134.0],[575.0],[570.0],[259.0],[176.0],[113.0],[95.0],[410.0],[842.0],[188.0],[612.0],[630.0],[243.0],[723.0],[754.0],[861.0],[95.0],[612.0],[570.0],[427.0],[519.0],[389.0],[445.0],[770.0],[652.0],[612.0],[243.0],[630.0],[410.0],[978.0],[519.0],[986.0],[445.0],[831.0],[243.0],[575.0],[978.0],[723.0],[978.0],[986.0],[978.0],[113.0],[230.0],[95.0],[389.0],[986.0],[899.0],[243.0],[52.0],[243.0],[570.0],[131.0],[673.0],[933.0],[423.0],[723.0],[861.0],[723.0],[519.0],[189.0],[312.0],[903.0]
117,[230.0],[189.0],[428.0],[575.0],[243.0],[428.0],[389.0],[230.0],[243.0],[570.0],[113.0],[861.0],[259.0],[95.0],[113.0],[423.0],[252.0],[189.0],[134.0],[445.0],[570.0],[978.0],[52.0],[861.0],[113.0],[503.0],[423.0],[427.0],[861.0],[575.0],[52.0],[113.0],[188.0],[259.0],[259.0],[428.0],[113.0],[612.0],[344.0],[570.0],[95.0],[188.0],[503.0],[861.0],[309.0],[423.0],[612.0],[965.0],[978.0],[723.0],[230.0],[499.0],[259.0],[612.0],[113.0],[978.0],[95.0],[575.0],[243.0],[986.0],[933.0],[95.0],[243.0],[978.0],[230.0],[640.0],[423.0],[842.0],[960.0],[428.0],[134.0],[534.0],[230.0],[570.0],[389.0],[499.0],[389.0],[428.0],[389.0],[861.0],[52.0],[113.0],[986.0],[428.0],[57.0],[230.0],[575.0],[230.0],[95.0],[259.0],[779.0],[243.0],[445.0],[499.0],[612.0],[499.0],[410.0],[933.0],[188.0],[301.0]
118,[300.0],[933.0],[131.0],[769.0],[230.0],[259.0],[155.0],[52.0],[189.0],[95.0],[612.0],[612.0],[188.0],[861.0],[309.0],[445.0],[113.0],[230.0],[243.0],[134.0],[95.0],[312.0],[575.0],[612.0],[612.0],[499.0],[445.0],[978.0],[612.0],[570.0],[575.0],[190.0],[992.0],[754.0],[188.0],[131.0],[861.0],[978.0],[243.0],[95.0],[113.0],[965.0],[723.0],[612.0],[770.0],[445.0],[978.0],[866.0],[986.0],[499.0],[52.0],[274.0],[188.0],[978.0],[861.0],[309.0],[113.0],[570.0],[230.0],[754.0],[519.0],[113.0],[230.0],[389.0],[589.0],[410.0],[445.0],[389.0],[445.0],[131.0],[243.0],[185.0],[52.0],[95.0],[309.0],[640.0],[428.0],[131.0],[986.0],[612.0],[652.0],[861.0],[428.0],[131.0],[301.0],[52.0],[570.0],[52.0],[113.0],[188.0],[746.0],[230.0],[134.0],[640.0],[978.0],[378.0],[423.0],[519.0],[965.0],[981.0]
119,[52.0],[52.0],[770.0],[570.0],[933.0],[188.0],[986.0],[575.0],[933.0],[113.0],[978.0],[978.0],[754.0],[252.0],[861.0],[118.0],[861.0],[52.0],[230.0],[960.0],[113.0],[389.0],[570.0],[978.0],[978.0],[640.0],[134.0],[389.0],[389.0],[95.0],[570.0],[427.0],[866.0],[155.0],[155.0],[259.0],[252.0],[389.0],[230.0],[652.0],[861.0],[866.0],[499.0],[978.0],[113.0],[519.0],[389.0],[211.0],[428.0],[640.0],[575.0],[529.0],[965.0],[389.0],[612.0],[389.0],[189.0],[95.0],[52.0],[155.0],[134.0],[252.0],[52.0],[986.0],[52.0],[423.0],[589.0],[986.0],[344.0],[259.0],[230.0],[330.0],[575.0],[300.0],[986.0],[410.0],[131.0],[754.0],[428.0],[978.0],[189.0],[612.0],[131.0],[259.0],[365.0],[575.0],[95.0],[933.0],[190.0],[965.0],[5.0],[52.0],[243.0],[410.0],[389.0],[640.0],[134.0],[134.0],[866.0],[176.0]
120,[575.0],[575.0],[252.0],[95.0],[52.0],[965.0],[428.0],[570.0],[519.0],[861.0],[389.0],[389.0],[965.0],[612.0],[612.0],[134.0],[612.0],[575.0],[52.0],[344.0],[861.0],[309.0],[95.0],[389.0],[300.0],[410.0],[243.0],[986.0],[986.0],[113.0],[190.0],[861.0],[211.0],[842.0],[965.0],[188.0],[612.0],[309.0],[52.0],[113.0],[612.0],[211.0],[640.0],[389.0],[861.0],[960.0],[986.0],[96.0],[131.0],[410.0],[95.0],[831.0],[866.0],[986.0],[978.0],[986.0],[861.0],[113.0],[575.0],[428.0],[243.0],[861.0],[575.0],[428.0],[118.0],[445.0],[630.0],[428.0],[589.0],[188.0],[52.0],[716.0],[570.0],[113.0],[428.0],[423.0],[259.0],[259.0],[131.0],[389.0],[575.0],[978.0],[188.0],[188.0],[981.0],[570.0],[189.0],[575.0],[861.0],[866.0],[409.0],[519.0],[230.0],[445.0],[986.0],[410.0],[243.0],[960.0],[211.0],[274.0]
121,[570.0],[570.0],[259.0],[113.0],[519.0],[866.0],[131.0],[95.0],[230.0],[612.0],[986.0],[986.0],[866.0],[300.0],[389.0],[903.0],[300.0],[570.0],[630.0],[243.0],[612.0],[770.0],[190.0],[986.0],[389.0],[423.0],[230.0],[428.0],[190.0],[861.0],[95.0],[769.0],[96.0],[965.0],[866.0],[965.0],[978.0],[986.0],[570.0],[861.0],[978.0],[96.0],[410.0],[986.0],[612.0],[134.0],[428.0],[673.0],[259.0],[378.0],[113.0],[640.0],[211.0],[428.0],[300.0],[428.0],[612.0],[861.0],[570.0],[842.0],[230.0],[612.0],[570.0],[131.0],[575.0],[134.0],[243.0],[259.0],[630.0],[965.0],[575.0],[687.0],[95.0],[861.0],[131.0],[445.0],[312.0],[188.0],[309.0],[986.0],[570.0],[252.0],[965.0],[309.0],[991.0],[933.0],[113.0],[519.0],[612.0],[211.0],[615.0],[575.0],[52.0],[134.0],[428.0],[423.0],[230.0],[243.0],[96.0],[529.0]
122,[95.0],[95.0],[188.0],[861.0],[960.0],[211.0],[259.0],[113.0],[52.0],[978.0],[428.0],[428.0],[155.0],[978.0],[986.0],[176.0],[978.0],[95.0],[575.0],[230.0],[978.0],[986.0],[113.0],[190.0],[986.0],[445.0],[52.0],[131.0],[428.0],[612.0],[113.0],[612.0],[673.0],[866.0],[211.0],[866.0],[389.0],[428.0],[95.0],[612.0],[389.0],[673.0],[274.0],[428.0],[978.0],[344.0],[131.0],[779.0],[188.0],[423.0],[861.0],[185.0],[96.0],[131.0],[389.0],[131.0],[978.0],[612.0],[960.0],[312.0],[52.0],[300.0],[95.0],[259.0],[570.0],[243.0],[230.0],[188.0],[134.0],[866.0],[570.0],[510.0],[113.0],[612.0],[259.0],[134.0],[188.0],[965.0],[259.0],[131.0],[95.0],[389.0],[866.0],[770.0],[503.0],[95.0],[861.0],[570.0],[978.0],[96.0],[594.0],[960.0],[575.0],[243.0],[131.0],[118.0],[52.0],[230.0],[673.0],[503.0]
123,[113.0],[861.0],[965.0],[612.0],[575.0],[96.0],[188.0],[861.0],[575.0],[389.0],[131.0],[427.0],[211.0],[986.0],[131.0],[274.0],[389.0],[113.0],[570.0],[52.0],[389.0],[428.0],[861.0],[428.0],[428.0],[134.0],[575.0],[259.0],[131.0],[978.0],[427.0],[978.0],[5.0],[211.0],[96.0],[211.0],[428.0],[131.0],[113.0],[978.0],[300.0],[779.0],[831.0],[131.0],[389.0],[243.0],[188.0],[5.0],[842.0],[445.0],[612.0],[410.0],[673.0],[259.0],[986.0],[965.0],[389.0],[978.0],[344.0],[131.0],[575.0],[978.0],[113.0],[188.0],[95.0],[378.0],[378.0],[965.0],[378.0],[211.0],[95.0],[57.0],[861.0],[978.0],[188.0],[243.0],[965.0],[866.0],[770.0],[259.0],[113.0],[986.0],[312.0],[965.0],[349.0],[519.0],[612.0],[95.0],[389.0],[842.0],[768.0],[344.0],[570.0],[230.0],[259.0],[445.0],[575.0],[52.0],[779.0],[831.0]
124,[190.0],[612.0],[866.0],[978.0],[344.0],[673.0],[965.0],[612.0],[95.0],[986.0],[259.0],[131.0],[96.0],[428.0],[259.0],[529.0],[986.0],[861.0],[95.0],[575.0],[986.0],[131.0],[612.0],[131.0],[131.0],[243.0],[589.0],[188.0],[259.0],[189.0],[861.0],[389.0],[409.0],[96.0],[673.0],[96.0],[131.0],[770.0],[861.0],[389.0],[190.0],[155.0],[423.0],[259.0],[986.0],[230.0],[965.0],[409.0],[965.0],[134.0],[978.0],[423.0],[155.0],[300.0],[428.0],[866.0],[986.0],[389.0],[95.0],[259.0],[960.0],[389.0],[861.0],[965.0],[113.0],[230.0],[52.0],[866.0],[243.0],[96.0],[344.0],[899.0],[612.0],[389.0],[965.0],[230.0],[866.0],[211.0],[188.0],[188.0],[933.0],[428.0],[211.0],[866.0],[723.0],[113.0],[978.0],[113.0],[428.0],[779.0],[174.0],[570.0],[95.0],[118.0],[188.0],[134.0],[570.0],[575.0],[309.0],[185.0]
125,[861.0],[519.0],[96.0],[389.0],[589.0],[779.0],[866.0],[978.0],[113.0],[428.0],[188.0],[188.0],[673.0],[131.0],[770.0],[243.0],[428.0],[612.0],[378.0],[570.0],[190.0],[259.0],[978.0],[259.0],[259.0],[230.0],[570.0],[965.0],[427.0],[389.0],[612.0],[986.0],[245.0],[312.0],[779.0],[673.0],[259.0],[259.0],[612.0],[189.0],[428.0],[5.0],[445.0],[188.0],[428.0],[52.0],[866.0],[245.0],[211.0],[243.0],[389.0],[445.0],[779.0],[188.0],[131.0],[770.0],[428.0],[986.0],[113.0],[188.0],[344.0],[986.0],[189.0],[866.0],[861.0],[52.0],[570.0],[211.0],[230.0],[779.0],[589.0],[365.0],[978.0],[986.0],[866.0],[52.0],[211.0],[96.0],[965.0],[965.0],[861.0],[131.0],[96.0],[211.0],[499.0],[861.0],[389.0],[960.0],[131.0],[312.0],[907.0],[95.0],[113.0],[52.0],[965.0],[243.0],[95.0],[570.0],[5.0],[330.0]
126,[612.0],[960.0],[673.0],[986.0],[113.0],[5.0],[211.0],[389.0],[861.0],[131.0],[965.0],[965.0],[779.0],[190.0],[188.0],[230.0],[131.0],[978.0],[118.0],[95.0],[428.0],[188.0],[389.0],[188.0],[965.0],[52.0],[95.0],[769.0],[965.0],[986.0],[769.0],[428.0],[615.0],[673.0],[5.0],[779.0],[188.0],[188.0],[978.0],[986.0],[131.0],[409.0],[134.0],[965.0],[131.0],[575.0],[211.0],[615.0],[96.0],[230.0],[986.0],[134.0],[5.0],[965.0],[259.0],[96.0],[131.0],[428.0],[589.0],[965.0],[589.0],[190.0],[612.0],[211.0],[612.0],[575.0],[113.0],[96.0],[118.0],[5.0],[113.0],[991.0],[190.0],[190.0],[211.0],[575.0],[309.0],[673.0],[866.0],[866.0],[519.0],[259.0],[673.0],[96.0],[292.0],[612.0],[986.0],[861.0],[259.0],[309.0],[782.0],[113.0],[861.0],[176.0],[866.0],[230.0],[113.0],[95.0],[409.0],[723.0]
127,[427.0],[978.0],[779.0],[652.0],[630.0],[409.0],[96.0],[986.0],[612.0],[259.0],[866.0],[211.0],[842.0],[259.0],[965.0],[52.0],[259.0],[933.0],[113.0],[113.0],[131.0],[965.0],[986.0],[965.0],[866.0],[575.0],[113.0],[866.0],[866.0],[428.0],[978.0],[131.0],[754.0],[779.0],[409.0],[5.0],[300.0],[965.0],[389.0],[933.0],[427.0],[245.0],[185.0],[866.0],[259.0],[570.0],[312.0],[594.0],[673.0],[118.0],[903.0],[243.0],[409.0],[866.0],[188.0],[673.0],[259.0],[769.0],[861.0],[866.0],[570.0],[428.0],[933.0],[96.0],[978.0],[903.0],[861.0],[673.0],[52.0],[409.0],[861.0],[349.0],[389.0],[428.0],[96.0],[570.0],[96.0],[779.0],[211.0],[211.0],[960.0],[188.0],[779.0],[673.0],[640.0],[978.0],[933.0],[612.0],[188.0],[5.0],[70.0],[861.0],[612.0],[274.0],[211.0],[52.0],[861.0],[113.0],[245.0],[57.0]
128,[978.0],[389.0],[5.0],[428.0],[378.0],[245.0],[673.0],[428.0],[978.0],[188.0],[211.0],[96.0],[312.0],[427.0],[866.0],[95.0],[188.0],[389.0],[861.0],[861.0],[259.0],[866.0],[428.0],[866.0],[211.0],[570.0],[861.0],[211.0],[96.0],[131.0],[389.0],[652.0],[768.0],[5.0],[842.0],[409.0],[965.0],[866.0],[589.0],[428.0],[259.0],[842.0],[330.0],[211.0],[252.0],[589.0],[96.0],[768.0],[779.0],[176.0],[428.0],[230.0],[245.0],[211.0],[965.0],[779.0],[188.0],[259.0],[612.0],[211.0],[95.0],[131.0],[978.0],[673.0],[389.0],[176.0],[612.0],[779.0],[575.0],[245.0],[630.0],[301.0],[986.0],[131.0],[673.0],[95.0],[673.0],[5.0],[96.0],[96.0],[978.0],[965.0],[5.0],[779.0],[410.0],[389.0],[428.0],[978.0],[965.0],[409.0],[383.0],[589.0],[978.0],[529.0],[96.0],[575.0],[612.0],[861.0],[615.0],[365.0]
129,[389.0],[428.0],[409.0],[131.0],[861.0],[615.0],[779.0],[960.0],[389.0],[965.0],[190.0],[673.0],[5.0],[769.0],[211.0],[831.0],[965.0],[986.0],[903.0],[612.0],[965.0],[211.0],[131.0],[211.0],[96.0],[95.0],[612.0],[96.0],[779.0],[259.0],[986.0],[259.0],[174.0],[409.0],[312.0],[245.0],[866.0],[211.0],[986.0],[519.0],[769.0],[615.0],[687.0],[96.0],[188.0],[630.0],[673.0],[174.0],[5.0],[52.0],[176.0],[52.0],[615.0],[96.0],[190.0],[5.0],[965.0],[188.0],[630.0],[96.0],[113.0],[259.0],[389.0],[779.0],[986.0],[570.0],[118.0],[5.0],[570.0],[615.0],[378.0],[292.0],[427.0],[259.0],[779.0],[113.0],[779.0],[409.0],[673.0],[673.0],[344.0],[866.0],[409.0],[252.0],[423.0],[986.0],[131.0],[389.0],[427.0],[245.0],[992.0],[612.0],[344.0],[575.0],[673.0],[570.0],[978.0],[612.0],[594.0],[991.0]
130,[986.0],[188.0],[245.0],[259.0],[612.0],[594.0],[842.0],[131.0],[986.0],[866.0],[96.0],[779.0],[409.0],[188.0],[96.0],[113.0],[866.0],[428.0],[612.0],[978.0],[866.0],[96.0],[259.0],[96.0],[190.0],[113.0],[978.0],[673.0],[5.0],[188.0],[428.0],[188.0],[907.0],[245.0],[245.0],[594.0],[190.0],[96.0],[428.0],[131.0],[188.0],[594.0],[57.0],[252.0],[965.0],[95.0],[779.0],[907.0],[312.0],[575.0],[131.0],[330.0],[594.0],[673.0],[866.0],[409.0],[866.0],[652.0],[978.0],[673.0],[861.0],[965.0],[986.0],[842.0],[131.0],[95.0],[978.0],[312.0],[95.0],[594.0],[612.0],[981.0],[428.0],[427.0],[409.0],[861.0],[5.0],[155.0],[779.0],[779.0],[389.0],[300.0],[245.0],[5.0],[445.0],[428.0],[188.0],[986.0],[866.0],[768.0],[791.0],[978.0],[389.0],[831.0],[779.0],[95.0],[389.0],[978.0],[768.0],[499.0]
131,[428.0],[965.0],[300.0],[188.0],[978.0],[768.0],[312.0],[259.0],[428.0],[769.0],[673.0],[5.0],[309.0],[965.0],[673.0],[185.0],[211.0],[131.0],[978.0],[389.0],[211.0],[673.0],[188.0],[673.0],[673.0],[903.0],[389.0],[779.0],[409.0],[965.0],[131.0],[965.0],[70.0],[615.0],[309.0],[768.0],[211.0],[673.0],[630.0],[259.0],[965.0],[312.0],[243.0],[300.0],[866.0],[113.0],[5.0],[70.0],[409.0],[274.0],[274.0],[575.0],[768.0],[779.0],[211.0],[245.0],[211.0],[965.0],[389.0],[309.0],[630.0],[866.0],[428.0],[5.0],[259.0],[113.0],[389.0],[409.0],[113.0],[768.0],[978.0],[126.0],[131.0],[188.0],[245.0],[612.0],[409.0],[245.0],[5.0],[5.0],[986.0],[211.0],[309.0],[409.0],[134.0],[960.0],[965.0],[428.0],[211.0],[174.0],[558.0],[389.0],[986.0],[570.0],[5.0],[113.0],[428.0],[344.0],[174.0],[640.0]
132,[131.0],[866.0],[594.0],[965.0],[389.0],[174.0],[5.0],[589.0],[960.0],[211.0],[779.0],[409.0],[245.0],[866.0],[779.0],[861.0],[96.0],[259.0],[389.0],[589.0],[96.0],[779.0],[965.0],[779.0],[779.0],[176.0],[986.0],[5.0],[615.0],[866.0],[259.0],[211.0],[383.0],[594.0],[615.0],[174.0],[96.0],[779.0],[131.0],[188.0],[211.0],[768.0],[230.0],[673.0],[211.0],[378.0],[409.0],[383.0],[245.0],[570.0],[529.0],[570.0],[174.0],[5.0],[96.0],[615.0],[96.0],[189.0],[378.0],[779.0],[612.0],[427.0],[131.0],[409.0],[188.0],[861.0],[986.0],[770.0],[903.0],[174.0],[389.0],[503.0],[259.0],[769.0],[615.0],[978.0],[245.0],[615.0],[252.0],[300.0],[589.0],[96.0],[615.0],[245.0],[243.0],[259.0],[866.0],[131.0],[96.0],[907.0],[807.0],[986.0],[428.0],[185.0],[245.0],[861.0],[259.0],[389.0],[770.0],[349.0]
133,[259.0],[211.0],[768.0],[866.0],[986.0],[842.0],[409.0],[188.0],[131.0],[96.0],[5.0],[245.0],[615.0],[211.0],[5.0],[612.0],[673.0],[188.0],[986.0],[986.0],[673.0],[5.0],[866.0],[5.0],[5.0],[861.0],[428.0],[409.0],[594.0],[211.0],[188.0],[96.0],[791.0],[768.0],[594.0],[907.0],[673.0],[5.0],[259.0],[965.0],[96.0],[174.0],[52.0],[779.0],[96.0],[861.0],[245.0],[791.0],[615.0],[95.0],[259.0],[95.0],[907.0],[409.0],[673.0],[594.0],[673.0],[519.0],[986.0],[5.0],[978.0],[211.0],[259.0],[312.0],[965.0],[612.0],[903.0],[615.0],[861.0],[907.0],[118.0],[193.0],[188.0],[652.0],[594.0],[389.0],[615.0],[594.0],[409.0],[190.0],[428.0],[673.0],[594.0],[615.0],[230.0],[188.0],[211.0],[259.0],[673.0],[70.0],[173.0],[630.0],[188.0],[95.0],[615.0],[612.0],[965.0],[986.0],[907.0],[292.0]
134,[769.0],[344.0],[174.0],[211.0],[428.0],[907.0],[245.0],[965.0],[259.0],[673.0],[409.0],[615.0],[770.0],[96.0],[409.0],[330.0],[779.0],[965.0],[176.0],[428.0],[779.0],[409.0],[96.0],[409.0],[409.0],[612.0],[630.0],[245.0],[768.0],[933.0],[965.0],[673.0],[155.0],[309.0],[768.0],[70.0],[427.0],[409.0],[188.0],[866.0],[673.0],[309.0],[575.0],[5.0],[673.0],[612.0],[615.0],[558.0],[594.0],[113.0],[831.0],[113.0],[70.0],[245.0],[427.0],[768.0],[779.0],[960.0],[428.0],[409.0],[389.0],[96.0],[188.0],[245.0],[866.0],[389.0],[428.0],[594.0],[612.0],[70.0],[986.0],[725.0],[769.0],[965.0],[174.0],[378.0],[594.0],[768.0],[245.0],[409.0],[630.0],[190.0],[768.0],[594.0],[52.0],[965.0],[96.0],[188.0],[779.0],[383.0],[187.0],[428.0],[965.0],[113.0],[594.0],[978.0],[866.0],[428.0],[70.0],[126.0]
135,[188.0],[96.0],[907.0],[96.0],[131.0],[70.0],[615.0],[866.0],[188.0],[779.0],[245.0],[594.0],[594.0],[673.0],[252.0],[978.0],[5.0],[519.0],[131.0],[131.0],[5.0],[245.0],[427.0],[245.0],[245.0],[978.0],[131.0],[615.0],[174.0],[96.0],[866.0],[779.0],[558.0],[174.0],[770.0],[383.0],[779.0],[245.0],[866.0],[211.0],[779.0],[907.0],[365.0],[409.0],[300.0],[978.0],[594.0],[807.0],[309.0],[861.0],[188.0],[57.0],[383.0],[615.0],[779.0],[174.0],[933.0],[866.0],[131.0],[245.0],[986.0],[673.0],[965.0],[615.0],[211.0],[986.0],[131.0],[768.0],[978.0],[383.0],[903.0],[526.0],[965.0],[866.0],[907.0],[986.0],[770.0],[174.0],[615.0],[245.0],[131.0],[779.0],[174.0],[768.0],[575.0],[866.0],[673.0],[965.0],[5.0],[791.0],[754.0],[131.0],[866.0],[861.0],[768.0],[389.0],[211.0],[259.0],[252.0],[410.0]
136,[965.0],[673.0],[70.0],[673.0],[118.0],[383.0],[309.0],[211.0],[965.0],[5.0],[615.0],[768.0],[768.0],[652.0],[245.0],[389.0],[409.0],[866.0],[529.0],[259.0],[409.0],[615.0],[673.0],[615.0],[615.0],[389.0],[378.0],[652.0],[907.0],[673.0],[211.0],[5.0],[807.0],[907.0],[252.0],[770.0],[5.0],[615.0],[211.0],[96.0],[5.0],[70.0],[991.0],[245.0],[779.0],[389.0],[174.0],[173.0],[768.0],[612.0],[965.0],[365.0],[791.0],[594.0],[5.0],[252.0],[5.0],[211.0],[259.0],[770.0],[428.0],[779.0],[866.0],[594.0],[96.0],[428.0],[259.0],[174.0],[176.0],[791.0],[428.0],[723.0],[866.0],[211.0],[70.0],[428.0],[768.0],[70.0],[594.0],[615.0],[259.0],[5.0],[907.0],[174.0],[570.0],[344.0],[779.0],[866.0],[769.0],[770.0],[590.0],[259.0],[211.0],[612.0],[309.0],[986.0],[960.0],[188.0],[383.0],[423.0]
137,[866.0],[779.0],[383.0],[779.0],[903.0],[791.0],[594.0],[96.0],[866.0],[409.0],[594.0],[174.0],[174.0],[779.0],[615.0],[986.0],[245.0],[211.0],[259.0],[188.0],[245.0],[594.0],[779.0],[594.0],[427.0],[274.0],[259.0],[594.0],[383.0],[779.0],[96.0],[189.0],[173.0],[70.0],[300.0],[791.0],[409.0],[594.0],[96.0],[673.0],[409.0],[252.0],[570.0],[615.0],[5.0],[986.0],[907.0],[187.0],[174.0],[389.0],[866.0],[861.0],[842.0],[768.0],[409.0],[907.0],[409.0],[344.0],[188.0],[615.0],[378.0],[5.0],[211.0],[768.0],[673.0],[131.0],[188.0],[907.0],[274.0],[558.0],[131.0],[499.0],[211.0],[96.0],[383.0],[118.0],[174.0],[383.0],[768.0],[594.0],[188.0],[409.0],[70.0],[907.0],[95.0],[589.0],[519.0],[211.0],[409.0],[558.0],[207.0],[188.0],[96.0],[978.0],[174.0],[428.0],[344.0],[965.0],[791.0],[445.0]
138,[211.0],[5.0],[791.0],[5.0],[259.0],[312.0],[768.0],[673.0],[96.0],[245.0],[768.0],[907.0],[907.0],[409.0],[594.0],[428.0],[615.0],[96.0],[188.0],[965.0],[615.0],[252.0],[769.0],[768.0],[594.0],[986.0],[188.0],[768.0],[791.0],[5.0],[673.0],[933.0],[187.0],[383.0],[174.0],[558.0],[769.0],[768.0],[673.0],[779.0],[245.0],[383.0],[349.0],[594.0],[409.0],[428.0],[70.0],[590.0],[907.0],[986.0],[185.0],[991.0],[312.0],[174.0],[245.0],[70.0],[519.0],[589.0],[965.0],[768.0],[131.0],[409.0],[673.0],[174.0],[903.0],[188.0],[965.0],[252.0],[529.0],[807.0],[176.0],[619.0],[96.0],[189.0],[791.0],[903.0],[907.0],[791.0],[174.0],[768.0],[965.0],[245.0],[383.0],[70.0],[126.0],[211.0],[5.0],[96.0],[245.0],[807.0],[335.0],[965.0],[673.0],[389.0],[907.0],[131.0],[96.0],[866.0],[558.0],[193.0]
139,[96.0],[409.0],[558.0],[409.0],[176.0],[558.0],[174.0],[779.0],[673.0],[615.0],[174.0],[70.0],[70.0],[245.0],[768.0],[687.0],[594.0],[673.0],[965.0],[866.0],[594.0],[768.0],[652.0],[174.0],[768.0],[428.0],[118.0],[174.0],[558.0],[409.0],[779.0],[409.0],[590.0],[791.0],[383.0],[807.0],[245.0],[252.0],[378.0],[5.0],[615.0],[791.0],[95.0],[768.0],[245.0],[131.0],[309.0],[207.0],[70.0],[428.0],[211.0],[612.0],[309.0],[907.0],[769.0],[383.0],[245.0],[96.0],[866.0],[174.0],[259.0],[245.0],[779.0],[907.0],[779.0],[965.0],[866.0],[70.0],[389.0],[173.0],[259.0],[821.0],[673.0],[673.0],[558.0],[176.0],[252.0],[558.0],[907.0],[174.0],[866.0],[615.0],[791.0],[383.0],[113.0],[96.0],[245.0],[673.0],[615.0],[173.0],[715.0],[866.0],[589.0],[986.0],[70.0],[259.0],[673.0],[211.0],[807.0],[134.0]
140,[673.0],[245.0],[807.0],[245.0],[188.0],[807.0],[770.0],[630.0],[779.0],[594.0],[427.0],[383.0],[383.0],[615.0],[174.0],[57.0],[190.0],[779.0],[866.0],[211.0],[768.0],[174.0],[5.0],[907.0],[174.0],[131.0],[903.0],[189.0],[807.0],[615.0],[5.0],[519.0],[207.0],[558.0],[791.0],[173.0],[652.0],[174.0],[5.0],[409.0],[768.0],[558.0],[113.0],[174.0],[190.0],[188.0],[383.0],[715.0],[383.0],[529.0],[330.0],[978.0],[558.0],[70.0],[615.0],[791.0],[615.0],[673.0],[211.0],[907.0],[188.0],[615.0],[5.0],[70.0],[5.0],[866.0],[211.0],[383.0],[831.0],[187.0],[274.0],[837.0],[779.0],[5.0],[807.0],[274.0],[70.0],[842.0],[70.0],[907.0],[211.0],[594.0],[558.0],[791.0],[861.0],[673.0],[615.0],[779.0],[594.0],[187.0],[84.0],[211.0],[779.0],[428.0],[383.0],[188.0],[779.0],[96.0],[300.0],[725.0]
141,[779.0],[615.0],[173.0],[615.0],[965.0],[173.0],[252.0],[5.0],[344.0],[768.0],[907.0],[791.0],[791.0],[189.0],[907.0],[131.0],[768.0],[5.0],[211.0],[630.0],[174.0],[907.0],[409.0],[70.0],[907.0],[529.0],[176.0],[70.0],[173.0],[594.0],[409.0],[245.0],[335.0],[807.0],[558.0],[187.0],[615.0],[907.0],[409.0],[245.0],[652.0],[807.0],[861.0],[907.0],[615.0],[965.0],[558.0],[84.0],[791.0],[131.0],[96.0],[349.0],[807.0],[791.0],[594.0],[558.0],[960.0],[779.0],[96.0],[70.0],[965.0],[594.0],[409.0],[383.0],[409.0],[211.0],[96.0],[791.0],[185.0],[590.0],[529.0],[640.0],[5.0],[409.0],[173.0],[131.0],[383.0],[807.0],[383.0],[427.0],[673.0],[768.0],[807.0],[558.0],[193.0],[779.0],[594.0],[344.0],[768.0],[590.0],[155.0],[96.0],[630.0],[131.0],[791.0],[965.0],[589.0],[589.0],[173.0],[526.0]
142,[5.0],[594.0],[187.0],[594.0],[866.0],[187.0],[907.0],[409.0],[5.0],[907.0],[769.0],[558.0],[558.0],[594.0],[70.0],[259.0],[174.0],[960.0],[96.0],[96.0],[907.0],[70.0],[189.0],[383.0],[70.0],[259.0],[965.0],[383.0],[187.0],[768.0],[245.0],[615.0],[715.0],[173.0],[807.0],[590.0],[594.0],[70.0],[245.0],[615.0],[189.0],[173.0],[612.0],[70.0],[594.0],[118.0],[807.0],[127.0],[558.0],[259.0],[779.0],[292.0],[173.0],[558.0],[768.0],[300.0],[594.0],[5.0],[673.0],[252.0],[866.0],[768.0],[245.0],[791.0],[245.0],[96.0],[274.0],[558.0],[330.0],[207.0],[188.0],[201.0],[409.0],[245.0],[187.0],[259.0],[791.0],[173.0],[791.0],[70.0],[779.0],[174.0],[173.0],[807.0],[612.0],[5.0],[768.0],[5.0],[174.0],[207.0],[127.0],[673.0],[5.0],[259.0],[558.0],[866.0],[5.0],[779.0],[187.0],[243.0]
143,[409.0],[768.0],[590.0],[768.0],[211.0],[590.0],[70.0],[245.0],[409.0],[70.0],[70.0],[173.0],[173.0],[768.0],[791.0],[188.0],[907.0],[409.0],[673.0],[673.0],[427.0],[383.0],[245.0],[791.0],[383.0],[831.0],[274.0],[791.0],[590.0],[907.0],[615.0],[594.0],[84.0],[770.0],[173.0],[207.0],[768.0],[383.0],[615.0],[594.0],[174.0],[300.0],[292.0],[383.0],[768.0],[866.0],[173.0],[159.0],[807.0],[188.0],[5.0],[389.0],[187.0],[807.0],[174.0],[173.0],[768.0],[409.0],[779.0],[383.0],[211.0],[174.0],[615.0],[558.0],[615.0],[529.0],[529.0],[807.0],[986.0],[335.0],[965.0],[410.0],[245.0],[594.0],[590.0],[188.0],[558.0],[187.0],[300.0],[383.0],[378.0],[907.0],[187.0],[173.0],[978.0],[630.0],[174.0],[409.0],[907.0],[335.0],[842.0],[779.0],[409.0],[188.0],[807.0],[211.0],[409.0],[5.0],[590.0],[619.0]
144,[245.0],[174.0],[207.0],[907.0],[96.0],[207.0],[383.0],[615.0],[245.0],[383.0],[383.0],[590.0],[187.0],[933.0],[558.0],[365.0],[70.0],[245.0],[779.0],[779.0],[70.0],[791.0],[615.0],[558.0],[791.0],[188.0],[529.0],[558.0],[769.0],[70.0],[768.0],[768.0],[127.0],[252.0],[187.0],[335.0],[189.0],[791.0],[594.0],[768.0],[907.0],[187.0],[978.0],[791.0],[174.0],[211.0],[187.0],[319.0],[173.0],[831.0],[409.0],[986.0],[590.0],[173.0],[907.0],[187.0],[174.0],[245.0],[5.0],[791.0],[96.0],[907.0],[594.0],[807.0],[594.0],[673.0],[673.0],[173.0],[131.0],[715.0],[866.0],[445.0],[615.0],[933.0],[207.0],[965.0],[807.0],[590.0],[190.0],[791.0],[5.0],[70.0],[590.0],[187.0],[389.0],[378.0],[907.0],[245.0],[70.0],[715.0],[159.0],[378.0],[245.0],[965.0],[770.0],[96.0],[245.0],[409.0],[190.0],[230.0]
145,[615.0],[907.0],[335.0],[383.0],[274.0],[335.0],[558.0],[594.0],[615.0],[791.0],[791.0],[207.0],[590.0],[174.0],[173.0],[991.0],[383.0],[594.0],[5.0],[5.0],[383.0],[558.0],[594.0],[427.0],[558.0],[965.0],[866.0],[807.0],[207.0],[383.0],[652.0],[174.0],[159.0],[187.0],[590.0],[84.0],[174.0],[558.0],[118.0],[174.0],[70.0],[590.0],[389.0],[190.0],[907.0],[96.0],[590.0],[842.0],[187.0],[965.0],[687.0],[193.0],[207.0],[187.0],[70.0],[590.0],[907.0],[615.0],[409.0],[558.0],[118.0],[70.0],[768.0],[173.0],[768.0],[779.0],[779.0],[300.0],[259.0],[84.0],[831.0],[134.0],[652.0],[768.0],[770.0],[529.0],[300.0],[312.0],[558.0],[558.0],[409.0],[383.0],[770.0],[590.0],[986.0],[409.0],[70.0],[615.0],[383.0],[84.0],[319.0],[5.0],[615.0],[866.0],[252.0],[673.0],[615.0],[630.0],[427.0],[52.0]
146,[652.0],[383.0],[715.0],[791.0],[673.0],[715.0],[807.0],[768.0],[594.0],[558.0],[652.0],[769.0],[252.0],[907.0],[187.0],[965.0],[791.0],[768.0],[409.0],[378.0],[791.0],[807.0],[768.0],[769.0],[807.0],[185.0],[211.0],[173.0],[715.0],[791.0],[174.0],[907.0],[319.0],[590.0],[207.0],[127.0],[907.0],[807.0],[176.0],[907.0],[933.0],[207.0],[986.0],[558.0],[70.0],[673.0],[207.0],[586.0],[590.0],[866.0],[245.0],[725.0],[335.0],[590.0],[383.0],[335.0],[70.0],[594.0],[245.0],[300.0],[673.0],[383.0],[174.0],[187.0],[174.0],[5.0],[831.0],[187.0],[57.0],[252.0],[185.0],[243.0],[594.0],[174.0],[335.0],[831.0],[190.0],[207.0],[807.0],[807.0],[245.0],[791.0],[207.0],[300.0],[428.0],[245.0],[383.0],[594.0],[791.0],[127.0],[586.0],[409.0],[594.0],[211.0],[173.0],[779.0],[594.0],[245.0],[207.0],[821.0]
147,[594.0],[791.0],[84.0],[558.0],[529.0],[84.0],[173.0],[174.0],[768.0],[807.0],[558.0],[652.0],[207.0],[70.0],[590.0],[866.0],[558.0],[174.0],[245.0],[409.0],[769.0],[173.0],[933.0],[807.0],[173.0],[330.0],[831.0],[187.0],[84.0],[558.0],[907.0],[960.0],[842.0],[207.0],[190.0],[300.0],[70.0],[300.0],[768.0],[70.0],[383.0],[190.0],[428.0],[807.0],[383.0],[779.0],[335.0],[328.0],[207.0],[185.0],[365.0],[526.0],[715.0],[207.0],[791.0],[715.0],[383.0],[768.0],[615.0],[190.0],[5.0],[791.0],[907.0],[590.0],[907.0],[409.0],[185.0],[590.0],[365.0],[127.0],[330.0],[230.0],[768.0],[907.0],[84.0],[866.0],[173.0],[335.0],[427.0],[173.0],[118.0],[558.0],[335.0],[207.0],[131.0],[615.0],[791.0],[768.0],[558.0],[159.0],[312.0],[245.0],[378.0],[96.0],[300.0],[5.0],[768.0],[378.0],[335.0],[575.0]
148,[768.0],[558.0],[127.0],[807.0],[779.0],[127.0],[187.0],[907.0],[174.0],[173.0],[189.0],[335.0],[300.0],[383.0],[207.0],[349.0],[807.0],[344.0],[831.0],[245.0],[652.0],[187.0],[519.0],[173.0],[187.0],[866.0],[96.0],[590.0],[127.0],[807.0],[70.0],[70.0],[586.0],[335.0],[335.0],[159.0],[383.0],[173.0],[174.0],[960.0],[791.0],[84.0],[126.0],[173.0],[791.0],[903.0],[770.0],[883.0],[335.0],[211.0],[615.0],[619.0],[84.0],[335.0],[558.0],[190.0],[791.0],[174.0],[594.0],[807.0],[903.0],[558.0],[70.0],[207.0],[70.0],[831.0],[5.0],[207.0],[991.0],[159.0],[211.0],[524.0],[174.0],[70.0],[127.0],[211.0],[187.0],[715.0],[590.0],[187.0],[615.0],[427.0],[252.0],[335.0],[725.0],[594.0],[558.0],[174.0],[807.0],[319.0],[328.0],[615.0],[768.0],[673.0],[190.0],[409.0],[630.0],[118.0],[715.0],[570.0]
149,[174.0],[589.0],[159.0],[173.0],[831.0],[159.0],[590.0],[70.0],[907.0],[187.0],[807.0],[715.0],[335.0],[791.0],[335.0],[211.0],[427.0],[907.0],[615.0],[615.0],[558.0],[590.0],[960.0],[187.0],[769.0],[687.0],[673.0],[207.0],[159.0],[173.0],[383.0],[383.0],[328.0],[715.0],[715.0],[190.0],[791.0],[187.0],[70.0],[383.0],[558.0],[127.0],[193.0],[187.0],[558.0],[5.0],[715.0],[953.0],[715.0],[96.0],[991.0],[428.0],[127.0],[190.0],[173.0],[427.0],[344.0],[907.0],[768.0],[173.0],[176.0],[173.0],[383.0],[335.0],[383.0],[245.0],[409.0],[335.0],[188.0],[319.0],[96.0],[955.0],[907.0],[383.0],[159.0],[185.0],[590.0],[84.0],[207.0],[590.0],[594.0],[807.0],[715.0],[715.0],[259.0],[768.0],[960.0],[907.0],[173.0],[252.0],[883.0],[594.0],[174.0],[330.0],[187.0],[245.0],[378.0],[615.0],[84.0],[95.0]
150,[907.0],[807.0],[319.0],[189.0],[185.0],[319.0],[207.0],[383.0],[70.0],[590.0],[173.0],[84.0],[715.0],[558.0],[715.0],[96.0],[173.0],[70.0],[185.0],[594.0],[173.0],[207.0],[174.0],[590.0],[652.0],[365.0],[779.0],[335.0],[319.0],[187.0],[933.0],[344.0],[883.0],[84.0],[427.0],[319.0],[558.0],[590.0],[383.0],[791.0],[807.0],[427.0],[725.0],[590.0],[807.0],[176.0],[84.0],[822.0],[84.0],[330.0],[594.0],[821.0],[159.0],[715.0],[187.0],[769.0],[558.0],[70.0],[174.0],[187.0],[409.0],[769.0],[791.0],[715.0],[791.0],[185.0],[245.0],[127.0],[965.0],[586.0],[687.0],[500.0],[933.0],[791.0],[319.0],[330.0],[207.0],[127.0],[335.0],[207.0],[768.0],[769.0],[84.0],[84.0],[188.0],[903.0],[807.0],[70.0],[187.0],[586.0],[249.0],[768.0],[907.0],[779.0],[590.0],[615.0],[174.0],[594.0],[127.0],[916.0]
151,[70.0],[173.0],[586.0],[187.0],[5.0],[309.0],[300.0],[791.0],[383.0],[207.0],[187.0],[127.0],[84.0],[807.0],[84.0],[673.0],[187.0],[383.0],[594.0],[768.0],[187.0],[335.0],[907.0],[207.0],[590.0],[991.0],[5.0],[84.0],[586.0],[590.0],[791.0],[791.0],[312.0],[159.0],[769.0],[427.0],[807.0],[207.0],[791.0],[558.0],[173.0],[159.0],[131.0],[207.0],[173.0],[274.0],[127.0],[936.0],[127.0],[687.0],[349.0],[131.0],[319.0],[84.0],[189.0],[84.0],[807.0],[383.0],[903.0],[590.0],[274.0],[187.0],[558.0],[84.0],[176.0],[615.0],[330.0],[159.0],[866.0],[328.0],[673.0],[52.0],[70.0],[558.0],[586.0],[96.0],[335.0],[309.0],[715.0],[335.0],[174.0],[173.0],[300.0],[159.0],[965.0],[174.0],[173.0],[383.0],[590.0],[328.0],[953.0],[174.0],[70.0],[5.0],[207.0],[594.0],[907.0],[768.0],[159.0],[113.0]
152,[383.0],[187.0],[328.0],[590.0],[330.0],[586.0],[190.0],[558.0],[791.0],[652.0],[590.0],[319.0],[127.0],[173.0],[127.0],[779.0],[590.0],[589.0],[768.0],[174.0],[590.0],[300.0],[70.0],[715.0],[207.0],[349.0],[409.0],[127.0],[328.0],[207.0],[558.0],[558.0],[953.0],[319.0],[84.0],[586.0],[933.0],[427.0],[558.0],[807.0],[187.0],[319.0],[259.0],[335.0],[187.0],[409.0],[159.0],[477.0],[252.0],[673.0],[768.0],[259.0],[586.0],[127.0],[590.0],[127.0],[173.0],[791.0],[70.0],[207.0],[245.0],[590.0],[807.0],[309.0],[558.0],[594.0],[687.0],[319.0],[349.0],[883.0],[779.0],[575.0],[383.0],[807.0],[328.0],[687.0],[715.0],[159.0],[127.0],[715.0],[907.0],[652.0],[127.0],[319.0],[866.0],[907.0],[187.0],[791.0],[652.0],[883.0],[822.0],[907.0],[383.0],[687.0],[335.0],[768.0],[118.0],[174.0],[319.0],[861.0]
153,[791.0],[590.0],[883.0],[207.0],[409.0],[328.0],[335.0],[807.0],[589.0],[335.0],[207.0],[586.0],[159.0],[187.0],[159.0],[292.0],[207.0],[630.0],[330.0],[907.0],[207.0],[715.0],[383.0],[84.0],[335.0],[211.0],[185.0],[159.0],[883.0],[335.0],[807.0],[589.0],[822.0],[586.0],[127.0],[328.0],[173.0],[335.0],[807.0],[173.0],[590.0],[586.0],[188.0],[715.0],[590.0],[529.0],[319.0],[728.0],[159.0],[779.0],[174.0],[188.0],[328.0],[769.0],[207.0],[159.0],[187.0],[558.0],[383.0],[335.0],[615.0],[207.0],[173.0],[127.0],[807.0],[768.0],[615.0],[586.0],[211.0],[300.0],[5.0],[918.0],[791.0],[173.0],[883.0],[57.0],[84.0],[319.0],[769.0],[84.0],[70.0],[187.0],[159.0],[586.0],[211.0],[70.0],[590.0],[558.0],[207.0],[249.0],[581.0],[70.0],[791.0],[409.0],[715.0],[174.0],[70.0],[907.0],[586.0],[612.0]
154,[558.0],[207.0],[249.0],[335.0],[687.0],[770.0],[427.0],[378.0],[558.0],[715.0],[335.0],[328.0],[190.0],[590.0],[319.0],[5.0],[335.0],[791.0],[174.0],[70.0],[335.0],[84.0],[791.0],[159.0],[715.0],[96.0],[245.0],[586.0],[249.0],[715.0],[173.0],[807.0],[581.0],[328.0],[159.0],[883.0],[187.0],[769.0],[187.0],[187.0],[207.0],[769.0],[526.0],[84.0],[207.0],[245.0],[586.0],[819.0],[319.0],[365.0],[292.0],[916.0],[883.0],[159.0],[335.0],[319.0],[590.0],[807.0],[176.0],[715.0],[594.0],[335.0],[187.0],[159.0],[173.0],[330.0],[57.0],[328.0],[96.0],[249.0],[409.0],[570.0],[558.0],[187.0],[249.0],[365.0],[127.0],[586.0],[319.0],[159.0],[383.0],[590.0],[319.0],[190.0],[96.0],[383.0],[335.0],[807.0],[335.0],[953.0],[309.0],[383.0],[558.0],[245.0],[84.0],[907.0],[383.0],[70.0],[328.0],[481.0]
155,[807.0],[630.0],[953.0],[715.0],[245.0],[883.0],[715.0],[173.0],[807.0],[84.0],[715.0],[883.0],[586.0],[207.0],[586.0],[126.0],[715.0],[558.0],[907.0],[383.0],[715.0],[127.0],[558.0],[586.0],[84.0],[673.0],[615.0],[328.0],[953.0],[84.0],[187.0],[187.0],[309.0],[249.0],[319.0],[652.0],[590.0],[189.0],[590.0],[590.0],[335.0],[328.0],[965.0],[427.0],[335.0],[615.0],[883.0],[312.0],[300.0],[5.0],[126.0],[481.0],[249.0],[319.0],[715.0],[652.0],[207.0],[630.0],[791.0],[84.0],[529.0],[715.0],[590.0],[319.0],[187.0],[174.0],[365.0],[883.0],[673.0],[953.0],[57.0],[95.0],[519.0],[590.0],[252.0],[673.0],[159.0],[328.0],[652.0],[769.0],[903.0],[207.0],[586.0],[427.0],[673.0],[176.0],[715.0],[589.0],[715.0],[822.0],[936.0],[791.0],[807.0],[615.0],[127.0],[70.0],[791.0],[903.0],[769.0],[978.0]
156,[173.0],[378.0],[822.0],[84.0],[57.0],[249.0],[84.0],[187.0],[173.0],[127.0],[84.0],[249.0],[328.0],[335.0],[328.0],[193.0],[769.0],[378.0],[687.0],[118.0],[84.0],[159.0],[807.0],[328.0],[127.0],[292.0],[594.0],[883.0],[822.0],[127.0],[519.0],[590.0],[936.0],[953.0],[586.0],[249.0],[207.0],[715.0],[207.0],[207.0],[715.0],[883.0],[866.0],[127.0],[715.0],[594.0],[249.0],[71.0],[190.0],[991.0],[907.0],[837.0],[953.0],[652.0],[84.0],[586.0],[335.0],[173.0],[558.0],[127.0],[768.0],[84.0],[207.0],[770.0],[590.0],[907.0],[991.0],[249.0],[292.0],[822.0],[365.0],[113.0],[807.0],[207.0],[953.0],[991.0],[427.0],[883.0],[586.0],[319.0],[791.0],[335.0],[328.0],[328.0],[779.0],[791.0],[84.0],[173.0],[84.0],[581.0],[477.0],[558.0],[173.0],[768.0],[159.0],[903.0],[558.0],[383.0],[652.0],[837.0]
157,[187.0],[335.0],[581.0],[127.0],[615.0],[953.0],[159.0],[590.0],[630.0],[159.0],[127.0],[953.0],[883.0],[715.0],[249.0],[409.0],[652.0],[118.0],[57.0],[791.0],[127.0],[190.0],[344.0],[883.0],[159.0],[126.0],[768.0],[249.0],[652.0],[519.0],[590.0],[207.0],[477.0],[822.0],[328.0],[953.0],[335.0],[933.0],[335.0],[335.0],[84.0],[249.0],[619.0],[159.0],[84.0],[831.0],[953.0],[832.0],[328.0],[409.0],[70.0],[965.0],[822.0],[586.0],[127.0],[328.0],[715.0],[187.0],[274.0],[769.0],[174.0],[127.0],[84.0],[586.0],[274.0],[70.0],[594.0],[953.0],[779.0],[581.0],[245.0],[627.0],[173.0],[335.0],[822.0],[349.0],[319.0],[249.0],[189.0],[586.0],[558.0],[715.0],[883.0],[883.0],[526.0],[558.0],[127.0],[187.0],[127.0],[936.0],[728.0],[807.0],[187.0],[365.0],[319.0],[383.0],[807.0],[791.0],[883.0],[201.0]
158,[189.0],[118.0],[190.0],[159.0],[594.0],[252.0],[319.0],[207.0],[187.0],[319.0],[159.0],[822.0],[249.0],[84.0],[953.0],[245.0],[189.0],[807.0],[70.0],[558.0],[159.0],[319.0],[173.0],[249.0],[319.0],[779.0],[174.0],[953.0],[581.0],[159.0],[335.0],[335.0],[728.0],[581.0],[883.0],[822.0],[715.0],[84.0],[715.0],[344.0],[519.0],[953.0],[211.0],[319.0],[159.0],[768.0],[581.0],[309.0],[883.0],[245.0],[383.0],[866.0],[581.0],[328.0],[159.0],[883.0],[84.0],[590.0],[807.0],[159.0],[907.0],[159.0],[127.0],[328.0],[335.0],[383.0],[349.0],[822.0],[5.0],[936.0],[991.0],[771.0],[187.0],[715.0],[581.0],[292.0],[586.0],[953.0],[328.0],[652.0],[807.0],[84.0],[249.0],[249.0],[5.0],[807.0],[159.0],[590.0],[159.0],[728.0],[819.0],[118.0],[590.0],[991.0],[586.0],[791.0],[173.0],[558.0],[249.0],[524.0]
159,[590.0],[715.0],[936.0],[319.0],[768.0],[822.0],[586.0],[118.0],[590.0],[586.0],[319.0],[581.0],[953.0],[127.0],[822.0],[615.0],[84.0],[173.0],[365.0],[807.0],[319.0],[586.0],[187.0],[953.0],[586.0],[5.0],[907.0],[822.0],[936.0],[319.0],[960.0],[715.0],[819.0],[936.0],[652.0],[189.0],[127.0],[519.0],[84.0],[715.0],[127.0],[822.0],[821.0],[769.0],[319.0],[174.0],[936.0],[729.0],[427.0],[349.0],[193.0],[211.0],[936.0],[883.0],[319.0],[249.0],[127.0],[335.0],[529.0],[319.0],[70.0],[652.0],[159.0],[883.0],[715.0],[687.0],[768.0],[581.0],[409.0],[190.0],[349.0],[123.0],[590.0],[519.0],[936.0],[779.0],[769.0],[822.0],[883.0],[328.0],[176.0],[127.0],[953.0],[953.0],[409.0],[173.0],[344.0],[335.0],[319.0],[819.0],[770.0],[903.0],[207.0],[174.0],[328.0],[558.0],[903.0],[807.0],[953.0],[955.0]
160,[207.0],[176.0],[477.0],[933.0],[365.0],[300.0],[328.0],[335.0],[207.0],[328.0],[586.0],[936.0],[822.0],[159.0],[581.0],[594.0],[127.0],[187.0],[383.0],[173.0],[586.0],[328.0],[590.0],[652.0],[328.0],[409.0],[70.0],[581.0],[477.0],[586.0],[715.0],[84.0],[832.0],[477.0],[249.0],[581.0],[159.0],[960.0],[127.0],[84.0],[960.0],[581.0],[916.0],[586.0],[328.0],[907.0],[477.0],[464.0],[249.0],[615.0],[725.0],[96.0],[477.0],[249.0],[586.0],[953.0],[159.0],[715.0],[173.0],[586.0],[383.0],[189.0],[319.0],[249.0],[84.0],[791.0],[174.0],[190.0],[245.0],[477.0],[292.0],[419.0],[960.0],[84.0],[477.0],[5.0],[328.0],[581.0],[249.0],[883.0],[187.0],[159.0],[822.0],[822.0],[619.0],[187.0],[319.0],[715.0],[586.0],[71.0],[71.0],[173.0],[335.0],[907.0],[883.0],[176.0],[187.0],[187.0],[822.0],[389.0]
161,[335.0],[274.0],[728.0],[519.0],[174.0],[581.0],[769.0],[715.0],[335.0],[883.0],[328.0],[189.0],[581.0],[519.0],[936.0],[725.0],[159.0],[590.0],[791.0],[187.0],[189.0],[883.0],[207.0],[822.0],[883.0],[245.0],[383.0],[936.0],[728.0],[328.0],[84.0],[630.0],[770.0],[728.0],[953.0],[933.0],[319.0],[127.0],[274.0],[127.0],[159.0],[936.0],[96.0],[328.0],[883.0],[70.0],[728.0],[637.0],[953.0],[594.0],[791.0],[201.0],[728.0],[953.0],[328.0],[822.0],[319.0],[84.0],[185.0],[328.0],[831.0],[319.0],[586.0],[953.0],[529.0],[558.0],[907.0],[936.0],[615.0],[728.0],[126.0],[861.0],[207.0],[127.0],[728.0],[409.0],[883.0],[936.0],[933.0],[189.0],[590.0],[319.0],[581.0],[769.0],[245.0],[590.0],[328.0],[84.0],[328.0],[832.0],[832.0],[176.0],[715.0],[349.0],[249.0],[807.0],[590.0],[590.0],[581.0],[986.0]
162,[933.0],[84.0],[427.0],[586.0],[991.0],[936.0],[883.0],[127.0],[715.0],[249.0],[933.0],[477.0],[936.0],[319.0],[477.0],[768.0],[319.0],[207.0],[991.0],[590.0],[328.0],[249.0],[589.0],[581.0],[189.0],[615.0],[330.0],[933.0],[819.0],[883.0],[127.0],[127.0],[729.0],[427.0],[822.0],[936.0],[586.0],[159.0],[529.0],[159.0],[344.0],[477.0],[481.0],[883.0],[249.0],[185.0],[819.0],[277.0],[822.0],[768.0],[558.0],[673.0],[770.0],[822.0],[883.0],[581.0],[586.0],[378.0],[187.0],[883.0],[185.0],[586.0],[328.0],[822.0],[831.0],[807.0],[292.0],[477.0],[126.0],[819.0],[615.0],[217.0],[335.0],[159.0],[819.0],[126.0],[249.0],[477.0],[953.0],[249.0],[207.0],[586.0],[936.0],[581.0],[821.0],[207.0],[249.0],[127.0],[189.0],[300.0],[729.0],[187.0],[84.0],[70.0],[953.0],[173.0],[176.0],[207.0],[936.0],[428.0]
163,[715.0],[127.0],[819.0],[328.0],[907.0],[477.0],[652.0],[159.0],[84.0],[953.0],[883.0],[728.0],[477.0],[586.0],[728.0],[174.0],[586.0],[335.0],[349.0],[903.0],[933.0],[822.0],[335.0],[936.0],[249.0],[193.0],[687.0],[519.0],[71.0],[249.0],[159.0],[159.0],[464.0],[819.0],[189.0],[477.0],[328.0],[344.0],[159.0],[319.0],[319.0],[652.0],[673.0],[249.0],[953.0],[383.0],[71.0],[770.0],[581.0],[174.0],[807.0],[779.0],[819.0],[189.0],[249.0],[936.0],[883.0],[127.0],[590.0],[249.0],[791.0],[328.0],[883.0],[581.0],[185.0],[173.0],[70.0],[728.0],[594.0],[71.0],[594.0],[576.0],[715.0],[960.0],[71.0],[193.0],[953.0],[728.0],[822.0],[822.0],[335.0],[328.0],[190.0],[936.0],[615.0],[335.0],[589.0],[630.0],[883.0],[729.0],[464.0],[590.0],[127.0],[292.0],[822.0],[187.0],[207.0],[335.0],[477.0],[500.0]
164,[519.0],[159.0],[71.0],[883.0],[70.0],[190.0],[249.0],[319.0],[127.0],[189.0],[953.0],[71.0],[427.0],[328.0],[819.0],[526.0],[933.0],[903.0],[558.0],[207.0],[883.0],[427.0],[715.0],[477.0],[953.0],[725.0],[57.0],[477.0],[832.0],[953.0],[319.0],[319.0],[637.0],[71.0],[581.0],[728.0],[883.0],[319.0],[319.0],[586.0],[586.0],[728.0],[779.0],[953.0],[822.0],[791.0],[729.0],[882.0],[936.0],[907.0],[173.0],[5.0],[71.0],[581.0],[933.0],[477.0],[249.0],[118.0],[330.0],[953.0],[330.0],[883.0],[249.0],[936.0],[127.0],[57.0],[383.0],[819.0],[768.0],[832.0],[768.0],[522.0],[84.0],[319.0],[832.0],[725.0],[822.0],[71.0],[581.0],[581.0],[715.0],[883.0],[477.0],[652.0],[916.0],[274.0],[953.0],[159.0],[933.0],[464.0],[637.0],[274.0],[159.0],[383.0],[581.0],[274.0],[274.0],[176.0],[728.0],[918.0]
165,[84.0],[529.0],[832.0],[249.0],[383.0],[728.0],[189.0],[586.0],[159.0],[822.0],[822.0],[832.0],[728.0],[883.0],[71.0],[619.0],[328.0],[715.0],[807.0],[335.0],[249.0],[581.0],[84.0],[189.0],[933.0],[594.0],[365.0],[728.0],[729.0],[822.0],[586.0],[586.0],[277.0],[769.0],[936.0],[819.0],[249.0],[586.0],[185.0],[328.0],[589.0],[933.0],[837.0],[822.0],[936.0],[558.0],[300.0],[284.0],[477.0],[70.0],[526.0],[524.0],[252.0],[936.0],[519.0],[728.0],[953.0],[159.0],[207.0],[189.0],[687.0],[249.0],[519.0],[477.0],[687.0],[187.0],[126.0],[71.0],[174.0],[729.0],[174.0],[612.0],[127.0],[586.0],[729.0],[615.0],[581.0],[832.0],[936.0],[933.0],[274.0],[249.0],[728.0],[477.0],[594.0],[715.0],[630.0],[319.0],[249.0],[637.0],[252.0],[335.0],[319.0],[791.0],[427.0],[207.0],[335.0],[715.0],[819.0],[627.0]
166,[127.0],[319.0],[769.0],[953.0],[791.0],[819.0],[953.0],[903.0],[319.0],[933.0],[581.0],[729.0],[769.0],[249.0],[832.0],[907.0],[883.0],[84.0],[173.0],[715.0],[953.0],[936.0],[127.0],[728.0],[822.0],[526.0],[991.0],[819.0],[464.0],[581.0],[328.0],[328.0],[882.0],[652.0],[477.0],[71.0],[953.0],[589.0],[586.0],[883.0],[328.0],[519.0],[5.0],[581.0],[427.0],[807.0],[464.0],[194.0],[769.0],[383.0],[187.0],[409.0],[832.0],[477.0],[953.0],[189.0],[822.0],[319.0],[715.0],[933.0],[558.0],[953.0],[953.0],[728.0],[365.0],[590.0],[193.0],[832.0],[907.0],[427.0],[725.0],[978.0],[159.0],[328.0],[464.0],[526.0],[477.0],[729.0],[519.0],[936.0],[529.0],[189.0],[819.0],[728.0],[481.0],[84.0],[822.0],[586.0],[953.0],[277.0],[277.0],[715.0],[586.0],[558.0],[936.0],[529.0],[529.0],[84.0],[71.0],[771.0]
167,[960.0],[586.0],[729.0],[822.0],[349.0],[71.0],[822.0],[328.0],[378.0],[519.0],[936.0],[464.0],[819.0],[953.0],[729.0],[70.0],[249.0],[127.0],[187.0],[84.0],[822.0],[477.0],[159.0],[819.0],[581.0],[768.0],[349.0],[71.0],[637.0],[936.0],[883.0],[883.0],[284.0],[832.0],[728.0],[832.0],[581.0],[883.0],[328.0],[589.0],[883.0],[819.0],[201.0],[936.0],[477.0],[173.0],[637.0],[653.0],[728.0],[292.0],[619.0],[955.0],[729.0],[728.0],[822.0],[71.0],[581.0],[586.0],[84.0],[822.0],[807.0],[933.0],[960.0],[819.0],[991.0],[207.0],[526.0],[729.0],[70.0],[464.0],[526.0],[389.0],[319.0],[883.0],[277.0],[619.0],[728.0],[464.0],[477.0],[477.0],[127.0],[953.0],[71.0],[189.0],[768.0],[529.0],[581.0],[328.0],[822.0],[882.0],[882.0],[529.0],[328.0],[126.0],[477.0],[335.0],[715.0],[127.0],[832.0],[131.0]
168,[159.0],[328.0],[464.0],[581.0],[558.0],[832.0],[581.0],[883.0],[586.0],[581.0],[728.0],[637.0],[71.0],[822.0],[300.0],[383.0],[953.0],[159.0],[590.0],[127.0],[960.0],[728.0],[630.0],[71.0],[936.0],[619.0],[791.0],[832.0],[277.0],[477.0],[249.0],[249.0],[194.0],[729.0],[933.0],[729.0],[519.0],[249.0],[330.0],[630.0],[249.0],[71.0],[524.0],[477.0],[728.0],[187.0],[190.0],[246.0],[652.0],[791.0],[590.0],[500.0],[464.0],[819.0],[581.0],[933.0],[589.0],[328.0],[127.0],[581.0],[173.0],[822.0],[822.0],[832.0],[159.0],[365.0],[619.0],[427.0],[383.0],[769.0],[619.0],[371.0],[586.0],[953.0],[882.0],[594.0],[819.0],[637.0],[728.0],[728.0],[159.0],[822.0],[427.0],[933.0],[174.0],[127.0],[936.0],[883.0],[581.0],[284.0],[194.0],[84.0],[118.0],[193.0],[728.0],[831.0],[127.0],[159.0],[729.0],[123.0]
169,[319.0],[831.0],[637.0],[936.0],[807.0],[729.0],[933.0],[249.0],[328.0],[936.0],[819.0],[277.0],[832.0],[960.0],[464.0],[821.0],[519.0],[319.0],[335.0],[159.0],[581.0],[819.0],[378.0],[832.0],[477.0],[174.0],[292.0],[344.0],[882.0],[960.0],[344.0],[953.0],[300.0],[464.0],[819.0],[464.0],[936.0],[953.0],[883.0],[953.0],[630.0],[832.0],[409.0],[728.0],[819.0],[330.0],[277.0],[776.0],[819.0],[558.0],[207.0],[245.0],[637.0],[71.0],[936.0],[832.0],[936.0],[883.0],[159.0],[936.0],[187.0],[581.0],[344.0],[300.0],[319.0],[349.0],[821.0],[464.0],[193.0],[277.0],[821.0],[986.0],[328.0],[822.0],[284.0],[768.0],[652.0],[277.0],[819.0],[819.0],[319.0],[581.0],[832.0],[819.0],[907.0],[831.0],[477.0],[249.0],[519.0],[194.0],[653.0],[831.0],[883.0],[725.0],[769.0],[185.0],[159.0],[319.0],[189.0],[419.0]
170,[328.0],[883.0],[277.0],[477.0],[173.0],[464.0],[936.0],[953.0],[883.0],[477.0],[71.0],[882.0],[729.0],[344.0],[637.0],[791.0],[344.0],[586.0],[715.0],[319.0],[344.0],[832.0],[319.0],[933.0],[728.0],[907.0],[558.0],[729.0],[284.0],[728.0],[953.0],[822.0],[653.0],[277.0],[832.0],[637.0],[477.0],[822.0],[249.0],[378.0],[953.0],[729.0],[245.0],[819.0],[71.0],[57.0],[882.0],[884.0],[71.0],[807.0],[335.0],[918.0],[300.0],[832.0],[960.0],[729.0],[630.0],[249.0],[319.0],[477.0],[590.0],[477.0],[581.0],[190.0],[292.0],[292.0],[916.0],[769.0],[791.0],[652.0],[70.0],[428.0],[883.0],[581.0],[300.0],[174.0],[71.0],[284.0],[71.0],[71.0],[586.0],[936.0],[729.0],[71.0],[70.0],[185.0],[728.0],[378.0],[936.0],[653.0],[246.0],[127.0],[249.0],[807.0],[819.0],[330.0],[831.0],[586.0],[464.0],[773.0]
171,[883.0],[185.0],[882.0],[728.0],[292.0],[637.0],[477.0],[822.0],[249.0],[728.0],[519.0],[284.0],[464.0],[581.0],[277.0],[558.0],[822.0],[176.0],[84.0],[586.0],[936.0],[769.0],[118.0],[729.0],[519.0],[70.0],[807.0],[464.0],[194.0],[819.0],[822.0],[378.0],[246.0],[189.0],[729.0],[519.0],[819.0],[581.0],[953.0],[822.0],[378.0],[464.0],[955.0],[71.0],[769.0],[365.0],[284.0],[223.0],[832.0],[173.0],[821.0],[615.0],[277.0],[729.0],[477.0],[464.0],[477.0],[903.0],[586.0],[728.0],[207.0],[728.0],[936.0],[729.0],[126.0],[335.0],[481.0],[637.0],[725.0],[882.0],[383.0],[417.0],[344.0],[936.0],[194.0],[821.0],[729.0],[194.0],[832.0],[832.0],[831.0],[477.0],[464.0],[729.0],[383.0],[159.0],[819.0],[953.0],[477.0],[246.0],[884.0],[159.0],[903.0],[619.0],[71.0],[715.0],[319.0],[328.0],[637.0],[217.0]
172,[249.0],[249.0],[284.0],[819.0],[126.0],[277.0],[728.0],[581.0],[953.0],[819.0],[832.0],[194.0],[652.0],[936.0],[882.0],[807.0],[581.0],[328.0],[292.0],[328.0],[477.0],[729.0],[586.0],[464.0],[819.0],[383.0],[173.0],[589.0],[653.0],[71.0],[581.0],[581.0],[190.0],[882.0],[464.0],[277.0],[71.0],[936.0],[581.0],[118.0],[822.0],[637.0],[615.0],[832.0],[832.0],[590.0],[194.0],[801.0],[729.0],[187.0],[916.0],[594.0],[882.0],[933.0],[728.0],[637.0],[728.0],[176.0],[328.0],[71.0],[57.0],[819.0],[477.0],[464.0],[586.0],[715.0],[837.0],[277.0],[558.0],[284.0],[791.0],[443.0],[249.0],[477.0],[653.0],[916.0],[464.0],[770.0],[729.0],[729.0],[185.0],[819.0],[637.0],[464.0],[791.0],[330.0],[71.0],[822.0],[728.0],[776.0],[223.0],[319.0],[953.0],[173.0],[832.0],[687.0],[185.0],[883.0],[277.0],[259.0]
173,[953.0],[953.0],[194.0],[71.0],[193.0],[427.0],[819.0],[936.0],[822.0],[71.0],[729.0],[653.0],[189.0],[477.0],[190.0],[173.0],[936.0],[883.0],[126.0],[176.0],[728.0],[464.0],[903.0],[277.0],[960.0],[791.0],[187.0],[637.0],[189.0],[832.0],[936.0],[118.0],[776.0],[194.0],[637.0],[882.0],[832.0],[477.0],[936.0],[581.0],[581.0],[277.0],[594.0],[729.0],[729.0],[991.0],[653.0],[788.0],[464.0],[590.0],[715.0],[627.0],[284.0],[464.0],[819.0],[277.0],[819.0],[953.0],[687.0],[832.0],[335.0],[71.0],[589.0],[637.0],[193.0],[126.0],[201.0],[652.0],[807.0],[194.0],[558.0],[131.0],[589.0],[728.0],[246.0],[837.0],[637.0],[653.0],[960.0],[464.0],[883.0],[71.0],[277.0],[637.0],[837.0],[319.0],[832.0],[581.0],[819.0],[884.0],[801.0],[185.0],[176.0],[187.0],[729.0],[57.0],[586.0],[249.0],[882.0],[188.0]
174,[822.0],[822.0],[653.0],[832.0],[187.0],[882.0],[519.0],[176.0],[581.0],[832.0],[464.0],[246.0],[637.0],[728.0],[284.0],[187.0],[589.0],[274.0],[193.0],[883.0],[630.0],[637.0],[328.0],[882.0],[71.0],[558.0],[126.0],[277.0],[933.0],[344.0],[477.0],[903.0],[884.0],[653.0],[519.0],[284.0],[960.0],[728.0],[687.0],[936.0],[936.0],[882.0],[500.0],[464.0],[464.0],[349.0],[246.0],[909.0],[189.0],[126.0],[837.0],[768.0],[194.0],[519.0],[71.0],[882.0],[71.0],[822.0],[57.0],[729.0],[365.0],[832.0],[728.0],[277.0],[725.0],[84.0],[791.0],[882.0],[173.0],[653.0],[807.0],[993.0],[953.0],[344.0],[776.0],[907.0],[277.0],[246.0],[464.0],[519.0],[687.0],[832.0],[882.0],[277.0],[201.0],[687.0],[729.0],[936.0],[71.0],[223.0],[788.0],[586.0],[274.0],[821.0],[189.0],[84.0],[328.0],[953.0],[284.0],[576.0]
175,[581.0],[581.0],[246.0],[729.0],[590.0],[284.0],[832.0],[477.0],[118.0],[729.0],[637.0],[776.0],[933.0],[589.0],[194.0],[916.0],[477.0],[529.0],[725.0],[249.0],[819.0],[277.0],[883.0],[653.0],[344.0],[807.0],[590.0],[882.0],[246.0],[729.0],[819.0],[176.0],[427.0],[246.0],[277.0],[194.0],[729.0],[819.0],[57.0],[477.0],[477.0],[284.0],[768.0],[637.0],[637.0],[207.0],[776.0],[252.0],[637.0],[193.0],[201.0],[174.0],[190.0],[637.0],[832.0],[284.0],[832.0],[274.0],[365.0],[464.0],[991.0],[729.0],[819.0],[882.0],[619.0],[127.0],[558.0],[284.0],[187.0],[246.0],[916.0],[188.0],[822.0],[589.0],[884.0],[70.0],[882.0],[776.0],[637.0],[637.0],[249.0],[729.0],[284.0],[519.0],[558.0],[586.0],[464.0],[477.0],[960.0],[801.0],[909.0],[328.0],[529.0],[916.0],[933.0],[365.0],[883.0],[822.0],[194.0],[522.0]
176,[936.0],[936.0],[776.0],[464.0],[725.0],[194.0],[729.0],[819.0],[936.0],[464.0],[277.0],[884.0],[277.0],[819.0],[653.0],[481.0],[728.0],[185.0],[127.0],[953.0],[71.0],[882.0],[249.0],[246.0],[589.0],[173.0],[193.0],[630.0],[776.0],[464.0],[71.0],[274.0],[223.0],[776.0],[882.0],[653.0],[464.0],[71.0],[477.0],[819.0],[728.0],[960.0],[174.0],[277.0],[277.0],[292.0],[884.0],[300.0],[933.0],[207.0],[524.0],[771.0],[653.0],[277.0],[729.0],[194.0],[729.0],[529.0],[883.0],[637.0],[715.0],[464.0],[71.0],[284.0],[328.0],[193.0],[524.0],[194.0],[526.0],[776.0],[837.0],[965.0],[581.0],[630.0],[223.0],[201.0],[284.0],[252.0],[277.0],[277.0],[953.0],[464.0],[194.0],[960.0],[524.0],[57.0],[637.0],[728.0],[832.0],[788.0],[583.0],[883.0],[822.0],[590.0],[464.0],[127.0],[249.0],[581.0],[246.0],[965.0]
177,[344.0],[330.0],[884.0],[637.0],[526.0],[653.0],[464.0],[71.0],[477.0],[637.0],[882.0],[223.0],[882.0],[71.0],[246.0],[590.0],[819.0],[330.0],[159.0],[274.0],[729.0],[284.0],[953.0],[776.0],[832.0],[590.0],[207.0],[284.0],[884.0],[637.0],[832.0],[936.0],[801.0],[884.0],[284.0],[246.0],[637.0],[832.0],[728.0],[903.0],[71.0],[194.0],[918.0],[652.0],[882.0],[335.0],[223.0],[583.0],[277.0],[335.0],[955.0],[123.0],[246.0],[882.0],[344.0],[653.0],[378.0],[581.0],[249.0],[277.0],[349.0],[519.0],[832.0],[194.0],[916.0],[159.0],[807.0],[246.0],[590.0],[189.0],[201.0],[866.0],[936.0],[819.0],[801.0],[383.0],[194.0],[884.0],[589.0],[882.0],[365.0],[637.0],[246.0],[344.0],[807.0],[328.0],[378.0],[819.0],[729.0],[190.0],[437.0],[330.0],[581.0],[207.0],[637.0],[991.0],[330.0],[936.0],[933.0],[866.0]
178,[477.0],[477.0],[223.0],[882.0],[619.0],[246.0],[637.0],[832.0],[728.0],[277.0],[284.0],[801.0],[284.0],[832.0],[884.0],[837.0],[71.0],[687.0],[319.0],[822.0],[637.0],[652.0],[822.0],[884.0],[729.0],[821.0],[335.0],[194.0],[223.0],[277.0],[729.0],[529.0],[788.0],[223.0],[194.0],[776.0],[277.0],[729.0],[819.0],[71.0],[832.0],[653.0],[627.0],[189.0],[284.0],[126.0],[801.0],[437.0],[519.0],[725.0],[84.0],[419.0],[776.0],[344.0],[464.0],[246.0],[903.0],[831.0],[991.0],[882.0],[84.0],[637.0],[729.0],[427.0],[883.0],[725.0],[173.0],[776.0],[619.0],[933.0],[173.0],[211.0],[477.0],[71.0],[788.0],[791.0],[246.0],[223.0],[882.0],[284.0],[991.0],[933.0],[776.0],[589.0],[173.0],[883.0],[277.0],[71.0],[344.0],[909.0],[238.0],[249.0],[936.0],[481.0],[277.0],[349.0],[687.0],[477.0],[776.0],[211.0]
179,[589.0],[728.0],[801.0],[284.0],[335.0],[776.0],[277.0],[729.0],[819.0],[882.0],[960.0],[788.0],[194.0],[729.0],[801.0],[207.0],[832.0],[57.0],[526.0],[529.0],[277.0],[194.0],[581.0],[223.0],[630.0],[207.0],[715.0],[653.0],[801.0],[882.0],[589.0],[477.0],[909.0],[801.0],[653.0],[884.0],[882.0],[464.0],[365.0],[832.0],[729.0],[344.0],[907.0],[933.0],[194.0],[193.0],[788.0],[238.0],[882.0],[715.0],[127.0],[773.0],[884.0],[284.0],[589.0],[519.0],[176.0],[185.0],[953.0],[284.0],[127.0],[277.0],[464.0],[653.0],[249.0],[319.0],[187.0],[884.0],[335.0],[884.0],[524.0],[96.0],[728.0],[832.0],[909.0],[558.0],[189.0],[300.0],[284.0],[194.0],[822.0],[277.0],[769.0],[882.0],[955.0],[249.0],[118.0],[118.0],[589.0],[583.0],[363.0],[953.0],[477.0],[335.0],[882.0],[292.0],[57.0],[728.0],[884.0],[96.0]
180,[630.0],[819.0],[788.0],[960.0],[715.0],[884.0],[882.0],[274.0],[71.0],[284.0],[194.0],[909.0],[653.0],[464.0],[788.0],[201.0],[729.0],[249.0],[619.0],[581.0],[378.0],[653.0],[936.0],[801.0],[464.0],[335.0],[84.0],[246.0],[519.0],[589.0],[464.0],[728.0],[583.0],[788.0],[246.0],[223.0],[284.0],[637.0],[71.0],[729.0],[464.0],[246.0],[771.0],[882.0],[653.0],[715.0],[909.0],[363.0],[284.0],[526.0],[500.0],[907.0],[223.0],[194.0],[637.0],[776.0],[274.0],[330.0],[349.0],[194.0],[292.0],[882.0],[637.0],[246.0],[953.0],[526.0],[590.0],[223.0],[715.0],[223.0],[955.0],[381.0],[630.0],[729.0],[190.0],[807.0],[776.0],[801.0],[630.0],[776.0],[581.0],[519.0],[884.0],[284.0],[500.0],[365.0],[882.0],[832.0],[464.0],[427.0],[305.0],[822.0],[831.0],[837.0],[284.0],[159.0],[365.0],[274.0],[223.0],[371.0]
181,[728.0],[71.0],[909.0],[194.0],[821.0],[223.0],[284.0],[529.0],[832.0],[194.0],[653.0],[583.0],[246.0],[637.0],[909.0],[335.0],[464.0],[953.0],[586.0],[831.0],[118.0],[246.0],[477.0],[788.0],[637.0],[916.0],[725.0],[776.0],[960.0],[630.0],[630.0],[819.0],[437.0],[909.0],[776.0],[960.0],[194.0],[277.0],[991.0],[464.0],[637.0],[776.0],[70.0],[194.0],[246.0],[725.0],[583.0],[305.0],[194.0],[619.0],[918.0],[70.0],[801.0],[653.0],[882.0],[344.0],[464.0],[936.0],[822.0],[653.0],[159.0],[284.0],[277.0],[776.0],[822.0],[619.0],[207.0],[801.0],[84.0],[519.0],[500.0],[180.0],[819.0],[464.0],[583.0],[173.0],[884.0],[909.0],[194.0],[884.0],[936.0],[960.0],[652.0],[194.0],[590.0],[953.0],[284.0],[729.0],[637.0],[437.0],[975.0],[581.0],[728.0],[715.0],[194.0],[126.0],[991.0],[529.0],[801.0],[417.0]
182,[819.0],[832.0],[583.0],[653.0],[84.0],[788.0],[960.0],[831.0],[729.0],[653.0],[246.0],[437.0],[519.0],[277.0],[583.0],[715.0],[637.0],[822.0],[821.0],[936.0],[903.0],[776.0],[728.0],[909.0],[277.0],[715.0],[127.0],[884.0],[909.0],[378.0],[637.0],[71.0],[238.0],[933.0],[884.0],[801.0],[653.0],[284.0],[832.0],[637.0],[277.0],[884.0],[383.0],[653.0],[776.0],[526.0],[437.0],[190.0],[653.0],[84.0],[627.0],[217.0],[427.0],[246.0],[284.0],[223.0],[637.0],[687.0],[292.0],[246.0],[319.0],[960.0],[284.0],[884.0],[581.0],[821.0],[335.0],[788.0],[127.0],[801.0],[918.0],[673.0],[71.0],[637.0],[238.0],[187.0],[801.0],[583.0],[653.0],[223.0],[292.0],[882.0],[223.0],[653.0],[207.0],[991.0],[903.0],[637.0],[277.0],[238.0],[300.0],[936.0],[819.0],[84.0],[246.0],[319.0],[953.0],[819.0],[788.0],[673.0]
183,[71.0],[729.0],[437.0],[246.0],[127.0],[909.0],[344.0],[464.0],[464.0],[246.0],[776.0],[238.0],[776.0],[882.0],[427.0],[524.0],[277.0],[581.0],[328.0],[477.0],[882.0],[884.0],[819.0],[583.0],[882.0],[84.0],[159.0],[378.0],[344.0],[118.0],[277.0],[832.0],[363.0],[583.0],[223.0],[344.0],[246.0],[194.0],[729.0],[277.0],[284.0],[589.0],[791.0],[246.0],[884.0],[84.0],[238.0],[427.0],[246.0],[127.0],[771.0],[576.0],[788.0],[589.0],[194.0],[801.0],[529.0],[57.0],[581.0],[776.0],[126.0],[653.0],[194.0],[223.0],[481.0],[916.0],[715.0],[909.0],[319.0],[788.0],[207.0],[307.0],[832.0],[277.0],[363.0],[590.0],[788.0],[437.0],[246.0],[801.0],[728.0],[284.0],[801.0],[246.0],[335.0],[349.0],[176.0],[903.0],[882.0],[363.0],[190.0],[477.0],[185.0],[127.0],[776.0],[586.0],[822.0],[831.0],[909.0],[779.0]
184,[832.0],[687.0],[238.0],[776.0],[916.0],[769.0],[194.0],[637.0],[903.0],[776.0],[884.0],[363.0],[884.0],[284.0],[437.0],[955.0],[882.0],[936.0],[883.0],[728.0],[284.0],[801.0],[71.0],[437.0],[284.0],[481.0],[319.0],[223.0],[583.0],[284.0],[882.0],[831.0],[305.0],[437.0],[801.0],[788.0],[344.0],[630.0],[464.0],[882.0],[194.0],[630.0],[123.0],[519.0],[801.0],[821.0],[363.0],[975.0],[960.0],[159.0],[123.0],[383.0],[909.0],[776.0],[653.0],[788.0],[277.0],[477.0],[936.0],[884.0],[193.0],[246.0],[653.0],[801.0],[837.0],[586.0],[955.0],[583.0],[586.0],[909.0],[715.0],[101.0],[729.0],[882.0],[305.0],[955.0],[909.0],[238.0],[776.0],[788.0],[819.0],[194.0],[788.0],[776.0],[627.0],[822.0],[194.0],[176.0],[284.0],[305.0],[430.0],[728.0],[330.0],[201.0],[884.0],[328.0],[581.0],[185.0],[583.0],[443.0]
185,[729.0],[464.0],[363.0],[884.0],[837.0],[583.0],[653.0],[185.0],[637.0],[884.0],[223.0],[305.0],[223.0],[194.0],[238.0],[84.0],[284.0],[365.0],[249.0],[185.0],[194.0],[788.0],[832.0],[238.0],[194.0],[127.0],[526.0],[801.0],[589.0],[194.0],[284.0],[185.0],[769.0],[519.0],[788.0],[909.0],[884.0],[653.0],[349.0],[176.0],[653.0],[223.0],[419.0],[776.0],[788.0],[127.0],[975.0],[628.0],[776.0],[319.0],[419.0],[522.0],[583.0],[884.0],[630.0],[909.0],[882.0],[728.0],[477.0],[223.0],[586.0],[776.0],[246.0],[788.0],[936.0],[481.0],[84.0],[437.0],[328.0],[437.0],[627.0],[804.0],[464.0],[284.0],[975.0],[500.0],[583.0],[363.0],[884.0],[909.0],[71.0],[653.0],[909.0],[884.0],[771.0],[292.0],[653.0],[277.0],[630.0],[975.0],[1.0],[819.0],[71.0],[159.0],[223.0],[883.0],[936.0],[330.0],[437.0],[5.0]
186,[464.0],[57.0],[305.0],[223.0],[201.0],[437.0],[246.0],[330.0],[277.0],[223.0],[344.0],[975.0],[801.0],[653.0],[305.0],[500.0],[194.0],[991.0],[953.0],[819.0],[653.0],[909.0],[729.0],[363.0],[653.0],[837.0],[586.0],[118.0],[630.0],[653.0],[653.0],[729.0],[975.0],[960.0],[909.0],[583.0],[223.0],[246.0],[637.0],[274.0],[246.0],[801.0],[558.0],[884.0],[909.0],[159.0],[430.0],[430.0],[884.0],[586.0],[159.0],[791.0],[437.0],[223.0],[246.0],[583.0],[831.0],[365.0],[728.0],[801.0],[725.0],[884.0],[776.0],[909.0],[201.0],[837.0],[500.0],[189.0],[821.0],[960.0],[84.0],[779.0],[637.0],[194.0],[628.0],[918.0],[437.0],[305.0],[223.0],[583.0],[126.0],[246.0],[583.0],[630.0],[715.0],[581.0],[246.0],[882.0],[194.0],[628.0],[151.0],[71.0],[832.0],[524.0],[801.0],[193.0],[477.0],[687.0],[238.0],[409.0]
187,[378.0],[365.0],[975.0],[344.0],[159.0],[652.0],[776.0],[277.0],[882.0],[801.0],[801.0],[628.0],[788.0],[246.0],[975.0],[918.0],[653.0],[349.0],[822.0],[71.0],[246.0],[189.0],[464.0],[305.0],[246.0],[159.0],[328.0],[903.0],[437.0],[903.0],[246.0],[330.0],[628.0],[238.0],[583.0],[437.0],[801.0],[378.0],[277.0],[529.0],[776.0],[788.0],[807.0],[223.0],[652.0],[319.0],[1.0],[1.0],[223.0],[821.0],[773.0],[371.0],[238.0],[801.0],[776.0],[437.0],[185.0],[991.0],[126.0],[909.0],[328.0],[223.0],[378.0],[583.0],[524.0],[201.0],[127.0],[238.0],[916.0],[238.0],[771.0],[5.0],[277.0],[653.0],[430.0],[627.0],[933.0],[975.0],[801.0],[960.0],[832.0],[776.0],[437.0],[223.0],[84.0],[126.0],[776.0],[274.0],[653.0],[430.0],[712.0],[832.0],[687.0],[319.0],[519.0],[725.0],[349.0],[57.0],[363.0],[993.0]
188,[118.0],[637.0],[628.0],[801.0],[524.0],[238.0],[884.0],[882.0],[176.0],[788.0],[788.0],[430.0],[583.0],[776.0],[628.0],[127.0],[246.0],[292.0],[581.0],[832.0],[176.0],[583.0],[637.0],[975.0],[776.0],[319.0],[883.0],[788.0],[238.0],[176.0],[776.0],[687.0],[430.0],[363.0],[437.0],[238.0],[788.0],[776.0],[882.0],[284.0],[118.0],[909.0],[173.0],[801.0],[583.0],[916.0],[151.0],[151.0],[801.0],[328.0],[319.0],[558.0],[363.0],[788.0],[378.0],[238.0],[284.0],[819.0],[819.0],[583.0],[526.0],[801.0],[884.0],[437.0],[477.0],[524.0],[627.0],[363.0],[481.0],[305.0],[123.0],[682.0],[882.0],[246.0],[427.0],[207.0],[238.0],[628.0],[788.0],[437.0],[193.0],[884.0],[238.0],[801.0],[127.0],[936.0],[274.0],[284.0],[246.0],[1.0],[610.0],[687.0],[57.0],[586.0],[788.0],[249.0],[292.0],[71.0],[305.0],[245.0]
189,[903.0],[277.0],[652.0],[788.0],[955.0],[363.0],[223.0],[284.0],[274.0],[960.0],[909.0],[1.0],[437.0],[884.0],[430.0],[627.0],[776.0],[126.0],[936.0],[729.0],[274.0],[437.0],[176.0],[519.0],[884.0],[586.0],[619.0],[176.0],[363.0],[246.0],[884.0],[464.0],[1.0],[305.0],[238.0],[363.0],[589.0],[118.0],[292.0],[194.0],[884.0],[583.0],[773.0],[960.0],[437.0],[586.0],[712.0],[769.0],[788.0],[916.0],[217.0],[807.0],[305.0],[909.0],[118.0],[363.0],[194.0],[71.0],[71.0],[437.0],[883.0],[788.0],[118.0],[238.0],[955.0],[955.0],[159.0],[305.0],[837.0],[975.0],[419.0],[760.0],[284.0],[776.0],[1.0],[335.0],[363.0],[430.0],[909.0],[238.0],[526.0],[223.0],[363.0],[788.0],[123.0],[477.0],[884.0],[194.0],[776.0],[151.0],[557.0],[57.0],[729.0],[955.0],[909.0],[953.0],[728.0],[832.0],[975.0],[381.0]
190,[637.0],[882.0],[933.0],[909.0],[319.0],[305.0],[801.0],[194.0],[529.0],[909.0],[583.0],[151.0],[238.0],[223.0],[1.0],[319.0],[884.0],[193.0],[916.0],[330.0],[776.0],[933.0],[274.0],[628.0],[223.0],[328.0],[249.0],[274.0],[305.0],[776.0],[801.0],[637.0],[151.0],[344.0],[363.0],[305.0],[909.0],[884.0],[284.0],[831.0],[223.0],[437.0],[187.0],[788.0],[363.0],[328.0],[610.0],[712.0],[909.0],[481.0],[522.0],[173.0],[975.0],[630.0],[884.0],[305.0],[653.0],[349.0],[832.0],[238.0],[249.0],[909.0],[903.0],[652.0],[728.0],[500.0],[771.0],[975.0],[201.0],[344.0],[127.0],[577.0],[378.0],[223.0],[151.0],[771.0],[519.0],[1.0],[583.0],[363.0],[729.0],[344.0],[305.0],[378.0],[419.0],[193.0],[529.0],[653.0],[884.0],[712.0],[702.0],[365.0],[464.0],[328.0],[583.0],[822.0],[126.0],[365.0],[628.0],[615.0]
191,[277.0],[991.0],[430.0],[583.0],[500.0],[975.0],[788.0],[687.0],[284.0],[583.0],[437.0],[712.0],[960.0],[801.0],[151.0],[771.0],[223.0],[477.0],[477.0],[464.0],[884.0],[238.0],[277.0],[960.0],[801.0],[883.0],[953.0],[529.0],[975.0],[884.0],[788.0],[57.0],[652.0],[975.0],[305.0],[975.0],[583.0],[223.0],[194.0],[185.0],[903.0],[238.0],[590.0],[909.0],[305.0],[481.0],[557.0],[610.0],[589.0],[201.0],[371.0],[187.0],[628.0],[378.0],[223.0],[975.0],[246.0],[292.0],[729.0],[363.0],[953.0],[583.0],[223.0],[363.0],[500.0],[328.0],[123.0],[628.0],[524.0],[628.0],[159.0],[886.0],[194.0],[378.0],[712.0],[715.0],[305.0],[190.0],[437.0],[305.0],[619.0],[801.0],[189.0],[909.0],[773.0],[725.0],[223.0],[831.0],[378.0],[610.0],[120.0],[991.0],[365.0],[500.0],[437.0],[581.0],[725.0],[729.0],[430.0],[594.0]
192,[176.0],[284.0],[1.0],[437.0],[918.0],[430.0],[909.0],[365.0],[185.0],[437.0],[238.0],[610.0],[363.0],[788.0],[712.0],[123.0],[630.0],[728.0],[728.0],[687.0],[223.0],[363.0],[882.0],[430.0],[788.0],[249.0],[821.0],[909.0],[628.0],[274.0],[909.0],[365.0],[712.0],[628.0],[975.0],[430.0],[437.0],[801.0],[126.0],[653.0],[176.0],[363.0],[207.0],[583.0],[189.0],[201.0],[702.0],[557.0],[583.0],[883.0],[586.0],[590.0],[1.0],[583.0],[801.0],[628.0],[776.0],[126.0],[464.0],[519.0],[619.0],[344.0],[801.0],[933.0],[819.0],[918.0],[319.0],[430.0],[883.0],[430.0],[319.0],[409.0],[653.0],[801.0],[610.0],[84.0],[975.0],[427.0],[238.0],[975.0],[821.0],[589.0],[975.0],[583.0],[159.0],[728.0],[801.0],[185.0],[223.0],[557.0],[719.0],[729.0],[637.0],[918.0],[238.0],[526.0],[819.0],[991.0],[1.0],[180.0]
193,[882.0],[292.0],[151.0],[238.0],[586.0],[1.0],[583.0],[991.0],[330.0],[238.0],[589.0],[557.0],[305.0],[909.0],[610.0],[419.0],[801.0],[725.0],[481.0],[637.0],[801.0],[305.0],[194.0],[1.0],[909.0],[201.0],[916.0],[831.0],[430.0],[223.0],[583.0],[277.0],[610.0],[430.0],[628.0],[1.0],[630.0],[909.0],[193.0],[330.0],[801.0],[378.0],[576.0],[437.0],[975.0],[883.0],[120.0],[702.0],[437.0],[249.0],[417.0],[417.0],[769.0],[437.0],[788.0],[430.0],[330.0],[832.0],[193.0],[305.0],[822.0],[437.0],[788.0],[305.0],[918.0],[883.0],[586.0],[1.0],[955.0],[1.0],[586.0],[22.0],[246.0],[788.0],[557.0],[123.0],[628.0],[151.0],[363.0],[430.0],[916.0],[788.0],[628.0],[238.0],[319.0],[819.0],[831.0],[246.0],[801.0],[702.0],[742.0],[464.0],[277.0],[627.0],[305.0],[936.0],[71.0],[464.0],[151.0],[768.0]
194,[284.0],[126.0],[519.0],[589.0],[627.0],[151.0],[589.0],[653.0],[687.0],[363.0],[363.0],[702.0],[628.0],[583.0],[652.0],[773.0],[788.0],[819.0],[819.0],[57.0],[529.0],[975.0],[653.0],[151.0],[583.0],[955.0],[837.0],[437.0],[1.0],[801.0],[437.0],[882.0],[557.0],[1.0],[430.0],[151.0],[238.0],[583.0],[653.0],[246.0],[788.0],[305.0],[522.0],[238.0],[430.0],[249.0],[719.0],[120.0],[238.0],[524.0],[443.0],[207.0],[151.0],[238.0],[909.0],[589.0],[687.0],[729.0],[637.0],[975.0],[821.0],[238.0],[176.0],[975.0],[71.0],[627.0],[419.0],[151.0],[249.0],[151.0],[773.0],[828.0],[776.0],[909.0],[702.0],[419.0],[430.0],[712.0],[305.0],[1.0],[481.0],[909.0],[933.0],[363.0],[217.0],[71.0],[185.0],[330.0],[788.0],[120.0],[135.0],[637.0],[882.0],[883.0],[975.0],[619.0],[832.0],[349.0],[712.0],[174.0]
195,[194.0],[194.0],[712.0],[363.0],[328.0],[712.0],[238.0],[776.0],[194.0],[305.0],[305.0],[120.0],[344.0],[437.0],[557.0],[217.0],[378.0],[526.0],[71.0],[277.0],[831.0],[628.0],[246.0],[712.0],[437.0],[953.0],[201.0],[238.0],[151.0],[788.0],[378.0],[284.0],[702.0],[151.0],[1.0],[712.0],[378.0],[903.0],[725.0],[687.0],[274.0],[975.0],[335.0],[363.0],[1.0],[953.0],[742.0],[652.0],[363.0],[955.0],[381.0],[443.0],[712.0],[363.0],[583.0],[1.0],[57.0],[193.0],[725.0],[628.0],[481.0],[363.0],[909.0],[628.0],[832.0],[771.0],[773.0],[712.0],[953.0],[712.0],[328.0],[245.0],[884.0],[583.0],[120.0],[127.0],[1.0],[610.0],[975.0],[151.0],[837.0],[583.0],[430.0],[305.0],[586.0],[832.0],[330.0],[776.0],[909.0],[719.0],[752.0],[349.0],[991.0],[771.0],[628.0],[821.0],[729.0],[292.0],[610.0],[907.0]
196,[653.0],[653.0],[610.0],[305.0],[771.0],[189.0],[363.0],[349.0],[653.0],[975.0],[975.0],[719.0],[430.0],[238.0],[702.0],[576.0],[909.0],[71.0],[837.0],[882.0],[788.0],[430.0],[529.0],[610.0],[238.0],[500.0],[822.0],[185.0],[712.0],[529.0],[118.0],[991.0],[719.0],[589.0],[151.0],[589.0],[363.0],[437.0],[526.0],[365.0],[529.0],[628.0],[371.0],[305.0],[151.0],[524.0],[427.0],[719.0],[305.0],[918.0],[180.0],[993.0],[610.0],[305.0],[903.0],[151.0],[991.0],[725.0],[277.0],[430.0],[837.0],[305.0],[583.0],[430.0],[729.0],[123.0],[328.0],[610.0],[822.0],[610.0],[217.0],[658.0],[118.0],[437.0],[719.0],[159.0],[151.0],[557.0],[628.0],[344.0],[201.0],[437.0],[1.0],[975.0],[328.0],[729.0],[687.0],[884.0],[118.0],[769.0],[333.0],[292.0],[284.0],[249.0],[430.0],[477.0],[619.0],[637.0],[557.0],[70.0]
197,[274.0],[246.0],[960.0],[975.0],[883.0],[933.0],[305.0],[884.0],[57.0],[628.0],[630.0],[742.0],[1.0],[363.0],[120.0],[522.0],[583.0],[619.0],[201.0],[284.0],[909.0],[1.0],[776.0],[557.0],[363.0],[918.0],[581.0],[363.0],[557.0],[831.0],[238.0],[349.0],[742.0],[712.0],[960.0],[557.0],[305.0],[238.0],[246.0],[349.0],[831.0],[430.0],[417.0],[344.0],[712.0],[822.0],[135.0],[742.0],[975.0],[953.0],[307.0],[335.0],[652.0],[975.0],[274.0],[712.0],[884.0],[464.0],[284.0],[1.0],[201.0],[589.0],[437.0],[1.0],[464.0],[419.0],[249.0],[933.0],[500.0],[557.0],[883.0],[615.0],[903.0],[238.0],[769.0],[773.0],[712.0],[702.0],[430.0],[712.0],[464.0],[238.0],[151.0],[628.0],[576.0],[464.0],[788.0],[687.0],[583.0],[742.0],[547.0],[277.0],[349.0],[123.0],[1.0],[916.0],[821.0],[277.0],[702.0],[383.0]
198,[529.0],[776.0],[344.0],[628.0],[123.0],[610.0],[975.0],[292.0],[365.0],[430.0],[378.0],[135.0],[151.0],[305.0],[189.0],[586.0],[437.0],[832.0],[524.0],[365.0],[583.0],[151.0],[223.0],[702.0],[305.0],[627.0],[524.0],[305.0],[378.0],[185.0],[903.0],[292.0],[135.0],[610.0],[712.0],[630.0],[118.0],[363.0],[619.0],[776.0],[185.0],[1.0],[443.0],[975.0],[610.0],[955.0],[752.0],[135.0],[628.0],[822.0],[101.0],[381.0],[557.0],[628.0],[437.0],[630.0],[349.0],[526.0],[526.0],[151.0],[581.0],[975.0],[238.0],[151.0],[637.0],[773.0],[217.0],[557.0],[918.0],[702.0],[249.0],[233.0],[223.0],[363.0],[742.0],[217.0],[557.0],[120.0],[1.0],[610.0],[637.0],[363.0],[712.0],[430.0],[883.0],[526.0],[57.0],[801.0],[903.0],[135.0],[871.0],[882.0],[292.0],[419.0],[151.0],[728.0],[916.0],[126.0],[120.0],[791.0]
199,[831.0],[884.0],[557.0],[430.0],[419.0],[519.0],[628.0],[126.0],[991.0],[1.0],[628.0],[333.0],[712.0],[628.0],[719.0],[328.0],[363.0],[821.0],[955.0],[991.0],[437.0],[712.0],[831.0],[120.0],[378.0],[771.0],[936.0],[330.0],[120.0],[909.0],[176.0],[126.0],[752.0],[557.0],[344.0],[378.0],[975.0],[305.0],[821.0],[292.0],[909.0],[151.0],[715.0],[628.0],[557.0],[581.0],[333.0],[752.0],[430.0],[627.0],[883.0],[180.0],[702.0],[430.0],[238.0],[610.0],[223.0],[619.0],[619.0],[712.0],[524.0],[630.0],[363.0],[712.0],[627.0],[249.0],[576.0],[702.0],[627.0],[120.0],[953.0],[943.0],[801.0],[305.0],[652.0],[576.0],[702.0],[719.0],[378.0],[557.0],[524.0],[305.0],[610.0],[1.0],[249.0],[637.0],[909.0],[788.0],[437.0],[752.0],[427.0],[284.0],[126.0],[953.0],[712.0],[481.0],[464.0],[882.0],[719.0],[101.0]
200,[246.0],[193.0],[702.0],[630.0],[249.0],[557.0],[430.0],[193.0],[246.0],[151.0],[430.0],[547.0],[610.0],[430.0],[742.0],[371.0],[305.0],[916.0],[500.0],[349.0],[185.0],[610.0],[185.0],[719.0],[975.0],[123.0],[477.0],[975.0],[719.0],[583.0],[363.0],[194.0],[333.0],[702.0],[589.0],[702.0],[903.0],[975.0],[916.0],[126.0],[583.0],[712.0],[84.0],[430.0],[702.0],[936.0],[547.0],[333.0],[151.0],[771.0],[249.0],[715.0],[120.0],[1.0],[831.0],[557.0],[292.0],[821.0],[194.0],[610.0],[936.0],[628.0],[305.0],[610.0],[277.0],[217.0],[953.0],[120.0],[581.0],[719.0],[822.0],[594.0],[176.0],[975.0],[135.0],[319.0],[120.0],[742.0],[151.0],[589.0],[955.0],[975.0],[557.0],[151.0],[522.0],[277.0],[365.0],[57.0],[238.0],[333.0],[962.0],[194.0],[193.0],[773.0],[610.0],[71.0],[837.0],[284.0],[742.0],[558.0]
201,[884.0],[725.0],[120.0],[1.0],[953.0],[702.0],[1.0],[725.0],[349.0],[712.0],[1.0],[871.0],[557.0],[1.0],[135.0],[883.0],[975.0],[481.0],[918.0],[194.0],[238.0],[519.0],[801.0],[742.0],[628.0],[419.0],[819.0],[628.0],[742.0],[330.0],[305.0],[193.0],[189.0],[120.0],[610.0],[120.0],[176.0],[176.0],[776.0],[193.0],[330.0],[557.0],[993.0],[630.0],[120.0],[477.0],[871.0],[547.0],[712.0],[123.0],[804.0],[101.0],[719.0],[151.0],[305.0],[702.0],[126.0],[916.0],[821.0],[557.0],[955.0],[430.0],[975.0],[557.0],[771.0],[953.0],[522.0],[719.0],[771.0],[589.0],[576.0],[768.0],[788.0],[628.0],[752.0],[522.0],[960.0],[135.0],[712.0],[702.0],[500.0],[630.0],[702.0],[712.0],[953.0],[882.0],[991.0],[909.0],[363.0],[871.0],[974.0],[653.0],[194.0],[822.0],[557.0],[837.0],[637.0],[194.0],[135.0],[807.0]
202,[185.0],[526.0],[589.0],[151.0],[773.0],[120.0],[151.0],[526.0],[292.0],[610.0],[151.0],[962.0],[702.0],[151.0],[333.0],[417.0],[118.0],[837.0],[627.0],[126.0],[330.0],[344.0],[330.0],[135.0],[430.0],[773.0],[71.0],[687.0],[752.0],[687.0],[628.0],[725.0],[547.0],[719.0],[557.0],[719.0],[628.0],[628.0],[884.0],[725.0],[687.0],[702.0],[127.0],[1.0],[719.0],[728.0],[974.0],[871.0],[610.0],[419.0],[602.0],[804.0],[742.0],[712.0],[975.0],[120.0],[801.0],[481.0],[916.0],[120.0],[500.0],[1.0],[628.0],[702.0],[882.0],[576.0],[822.0],[519.0],[123.0],[742.0],[522.0],[174.0],[909.0],[1.0],[333.0],[586.0],[344.0],[752.0],[610.0],[120.0],[627.0],[378.0],[120.0],[903.0],[371.0],[619.0],[583.0],[365.0],[176.0],[962.0],[97.0],[246.0],[653.0],[217.0],[960.0],[832.0],[201.0],[193.0],[333.0],[173.0]
203,[330.0],[223.0],[719.0],[712.0],[822.0],[719.0],[712.0],[223.0],[776.0],[557.0],[712.0],[97.0],[120.0],[712.0],[547.0],[249.0],[903.0],[201.0],[771.0],[193.0],[687.0],[557.0],[788.0],[752.0],[1.0],[217.0],[955.0],[430.0],[333.0],[57.0],[430.0],[526.0],[871.0],[742.0],[702.0],[135.0],[430.0],[430.0],[481.0],[526.0],[437.0],[120.0],[381.0],[378.0],[742.0],[500.0],[769.0],[962.0],[557.0],[773.0],[953.0],[602.0],[135.0],[610.0],[628.0],[719.0],[193.0],[637.0],[653.0],[742.0],[918.0],[151.0],[274.0],[519.0],[123.0],[522.0],[581.0],[742.0],[936.0],[135.0],[371.0],[70.0],[583.0],[151.0],[547.0],[371.0],[719.0],[547.0],[557.0],[719.0],[277.0],[118.0],[719.0],[610.0],[822.0],[821.0],[349.0],[583.0],[305.0],[974.0],[141.0],[776.0],[246.0],[581.0],[702.0],[201.0],[524.0],[725.0],[547.0],[602.0]
204,[687.0],[801.0],[742.0],[610.0],[581.0],[742.0],[610.0],[801.0],[126.0],[702.0],[610.0],[253.0],[589.0],[557.0],[871.0],[953.0],[430.0],[729.0],[123.0],[653.0],[363.0],[702.0],[909.0],[547.0],[151.0],[576.0],[832.0],[1.0],[547.0],[365.0],[151.0],[619.0],[933.0],[630.0],[120.0],[752.0],[274.0],[1.0],[837.0],[884.0],[238.0],[719.0],[180.0],[151.0],[135.0],[918.0],[97.0],[189.0],[702.0],[217.0],[822.0],[84.0],[752.0],[557.0],[430.0],[378.0],[725.0],[837.0],[246.0],[135.0],[477.0],[712.0],[430.0],[120.0],[419.0],[371.0],[371.0],[135.0],[477.0],[752.0],[581.0],[278.0],[437.0],[712.0],[189.0],[328.0],[742.0],[871.0],[702.0],[742.0],[771.0],[628.0],[742.0],[557.0],[581.0],[284.0],[437.0],[437.0],[274.0],[97.0],[253.0],[884.0],[725.0],[576.0],[120.0],[729.0],[277.0],[526.0],[871.0],[590.0]
205,[223.0],[619.0],[135.0],[557.0],[936.0],[960.0],[378.0],[619.0],[884.0],[344.0],[557.0],[860.0],[719.0],[702.0],[962.0],[443.0],[176.0],[464.0],[832.0],[246.0],[57.0],[120.0],[583.0],[871.0],[712.0],[522.0],[500.0],[57.0],[118.0],[437.0],[274.0],[821.0],[962.0],[135.0],[630.0],[333.0],[529.0],[151.0],[223.0],[223.0],[57.0],[742.0],[159.0],[712.0],[752.0],[627.0],[141.0],[974.0],[719.0],[576.0],[581.0],[127.0],[189.0],[702.0],[330.0],[118.0],[788.0],[277.0],[776.0],[752.0],[728.0],[610.0],[151.0],[960.0],[773.0],[417.0],[417.0],[752.0],[728.0],[333.0],[936.0],[383.0],[238.0],[610.0],[871.0],[883.0],[135.0],[769.0],[118.0],[135.0],[123.0],[430.0],[135.0],[176.0],[936.0],[194.0],[238.0],[238.0],[529.0],[141.0],[860.0],[223.0],[776.0],[522.0],[719.0],[524.0],[955.0],[653.0],[962.0],[682.0]
206,[57.0],[821.0],[752.0],[702.0],[217.0],[135.0],[118.0],[821.0],[223.0],[120.0],[118.0],[705.0],[630.0],[630.0],[974.0],[993.0],[1.0],[524.0],[217.0],[725.0],[365.0],[719.0],[437.0],[962.0],[610.0],[371.0],[918.0],[365.0],[871.0],[991.0],[712.0],[653.0],[974.0],[752.0],[719.0],[547.0],[1.0],[712.0],[201.0],[619.0],[363.0],[135.0],[307.0],[610.0],[333.0],[819.0],[253.0],[97.0],[135.0],[581.0],[682.0],[319.0],[333.0],[120.0],[1.0],[742.0],[909.0],[882.0],[884.0],[333.0],[819.0],[557.0],[529.0],[719.0],[284.0],[822.0],[936.0],[344.0],[419.0],[547.0],[477.0],[741.0],[363.0],[118.0],[962.0],[417.0],[752.0],[652.0],[120.0],[630.0],[773.0],[1.0],[333.0],[702.0],[728.0],[653.0],[292.0],[991.0],[831.0],[189.0],[769.0],[801.0],[884.0],[936.0],[589.0],[918.0],[500.0],[619.0],[97.0],[760.0]
207,[801.0],[788.0],[333.0],[378.0],[477.0],[752.0],[557.0],[916.0],[193.0],[719.0],[702.0],[520.0],[742.0],[120.0],[97.0],[381.0],[151.0],[637.0],[576.0],[526.0],[305.0],[589.0],[238.0],[974.0],[557.0],[822.0],[627.0],[151.0],[962.0],[238.0],[529.0],[916.0],[97.0],[333.0],[378.0],[871.0],[151.0],[610.0],[524.0],[821.0],[365.0],[752.0],[101.0],[557.0],[547.0],[71.0],[860.0],[141.0],[752.0],[936.0],[936.0],[586.0],[547.0],[118.0],[151.0],[135.0],[526.0],[284.0],[481.0],[960.0],[71.0],[702.0],[831.0],[742.0],[194.0],[443.0],[477.0],[333.0],[217.0],[871.0],[417.0],[310.0],[305.0],[557.0],[974.0],[443.0],[333.0],[962.0],[742.0],[752.0],[217.0],[151.0],[547.0],[274.0],[443.0],[246.0],[363.0],[349.0],[185.0],[253.0],[705.0],[126.0],[223.0],[477.0],[630.0],[627.0],[918.0],[916.0],[141.0],[207.0]
208,[365.0],[916.0],[547.0],[120.0],[576.0],[333.0],[702.0],[481.0],[526.0],[589.0],[120.0],[160.0],[135.0],[719.0],[141.0],[180.0],[712.0],[955.0],[522.0],[619.0],[975.0],[742.0],[687.0],[97.0],[702.0],[443.0],[771.0],[712.0],[974.0],[305.0],[610.0],[246.0],[519.0],[547.0],[742.0],[962.0],[712.0],[557.0],[909.0],[801.0],[349.0],[333.0],[319.0],[702.0],[871.0],[771.0],[705.0],[253.0],[333.0],[522.0],[760.0],[328.0],[871.0],[719.0],[687.0],[903.0],[619.0],[201.0],[223.0],[344.0],[832.0],[120.0],[712.0],[135.0],[217.0],[993.0],[728.0],[547.0],[819.0],[962.0],[443.0],[791.0],[975.0],[702.0],[97.0],[249.0],[547.0],[974.0],[135.0],[333.0],[576.0],[712.0],[871.0],[120.0],[993.0],[776.0],[126.0],[292.0],[975.0],[933.0],[520.0],[193.0],[526.0],[728.0],[742.0],[123.0],[627.0],[246.0],[253.0],[335.0]
209,[909.0],[909.0],[871.0],[719.0],[522.0],[547.0],[120.0],[788.0],[619.0],[742.0],[903.0],[697.0],[752.0],[742.0],[253.0],[307.0],[610.0],[277.0],[371.0],[916.0],[991.0],[630.0],[363.0],[141.0],[120.0],[993.0],[123.0],[610.0],[97.0],[349.0],[557.0],[481.0],[141.0],[871.0],[135.0],[974.0],[831.0],[702.0],[500.0],[788.0],[305.0],[547.0],[804.0],[120.0],[962.0],[832.0],[520.0],[860.0],[547.0],[371.0],[577.0],[682.0],[962.0],[742.0],[712.0],[752.0],[583.0],[194.0],[801.0],[547.0],[627.0],[719.0],[610.0],[752.0],[576.0],[581.0],[443.0],[871.0],[576.0],[974.0],[993.0],[322.0],[274.0],[120.0],[141.0],[993.0],[589.0],[97.0],[752.0],[547.0],[882.0],[610.0],[962.0],[529.0],[381.0],[916.0],[193.0],[126.0],[628.0],[860.0],[189.0],[788.0],[619.0],[371.0],[135.0],[464.0],[284.0],[481.0],[860.0],[577.0]
210,[991.0],[583.0],[962.0],[742.0],[371.0],[871.0],[742.0],[837.0],[801.0],[135.0],[176.0],[469.0],[378.0],[135.0],[933.0],[101.0],[702.0],[882.0],[417.0],[481.0],[628.0],[752.0],[305.0],[344.0],[719.0],[581.0],[419.0],[991.0],[141.0],[975.0],[831.0],[776.0],[253.0],[378.0],[118.0],[141.0],[610.0],[120.0],[918.0],[916.0],[292.0],[871.0],[602.0],[719.0],[974.0],[123.0],[160.0],[705.0],[871.0],[443.0],[477.0],[883.0],[933.0],[135.0],[57.0],[176.0],[437.0],[524.0],[837.0],[871.0],[771.0],[742.0],[557.0],[333.0],[522.0],[936.0],[819.0],[962.0],[71.0],[97.0],[180.0],[932.0],[628.0],[719.0],[253.0],[381.0],[871.0],[141.0],[333.0],[378.0],[522.0],[557.0],[974.0],[831.0],[819.0],[223.0],[725.0],[193.0],[330.0],[705.0],[697.0],[909.0],[821.0],[819.0],[752.0],[419.0],[194.0],[837.0],[705.0],[715.0]
211,[583.0],[437.0],[974.0],[135.0],[417.0],[962.0],[135.0],[524.0],[788.0],[752.0],[274.0],[17.0],[333.0],[378.0],[519.0],[804.0],[120.0],[500.0],[729.0],[837.0],[349.0],[333.0],[57.0],[253.0],[118.0],[936.0],[729.0],[349.0],[253.0],[628.0],[702.0],[837.0],[960.0],[962.0],[752.0],[253.0],[185.0],[719.0],[627.0],[909.0],[126.0],[962.0],[328.0],[742.0],[97.0],[729.0],[652.0],[520.0],[974.0],[477.0],[886.0],[760.0],[97.0],[752.0],[365.0],[274.0],[238.0],[653.0],[201.0],[962.0],[729.0],[135.0],[185.0],[547.0],[653.0],[381.0],[993.0],[974.0],[832.0],[141.0],[728.0],[558.0],[529.0],[742.0],[860.0],[180.0],[630.0],[253.0],[547.0],[871.0],[284.0],[702.0],[97.0],[719.0],[180.0],[801.0],[526.0],[363.0],[687.0],[520.0],[469.0],[526.0],[801.0],[71.0],[333.0],[773.0],[771.0],[201.0],[520.0],[886.0]
212,[437.0],[481.0],[97.0],[118.0],[443.0],[974.0],[752.0],[909.0],[821.0],[630.0],[719.0],[106.0],[547.0],[752.0],[860.0],[822.0],[274.0],[284.0],[464.0],[776.0],[430.0],[547.0],[365.0],[589.0],[903.0],[381.0],[464.0],[292.0],[860.0],[430.0],[120.0],[884.0],[860.0],[974.0],[333.0],[860.0],[702.0],[742.0],[771.0],[481.0],[193.0],[974.0],[682.0],[118.0],[141.0],[419.0],[697.0],[160.0],[97.0],[993.0],[728.0],[577.0],[141.0],[333.0],[610.0],[333.0],[363.0],[246.0],[524.0],[974.0],[123.0],[752.0],[702.0],[962.0],[371.0],[180.0],[381.0],[97.0],[729.0],[630.0],[307.0],[915.0],[185.0],[903.0],[705.0],[307.0],[962.0],[860.0],[871.0],[118.0],[371.0],[120.0],[141.0],[185.0],[71.0],[788.0],[619.0],[725.0],[57.0],[160.0],[17.0],[619.0],[916.0],[417.0],[547.0],[217.0],[653.0],[776.0],[160.0],[84.0]
213,[238.0],[363.0],[141.0],[752.0],[993.0],[141.0],[903.0],[583.0],[916.0],[333.0],[742.0],[531.0],[871.0],[333.0],[705.0],[581.0],[719.0],[918.0],[443.0],[884.0],[292.0],[871.0],[991.0],[860.0],[742.0],[180.0],[773.0],[126.0],[705.0],[1.0],[185.0],[201.0],[705.0],[97.0],[547.0],[705.0],[120.0],[135.0],[123.0],[583.0],[725.0],[97.0],[883.0],[135.0],[253.0],[464.0],[469.0],[697.0],[141.0],[381.0],[22.0],[886.0],[253.0],[547.0],[557.0],[547.0],[821.0],[955.0],[788.0],[97.0],[419.0],[378.0],[330.0],[974.0],[417.0],[307.0],[180.0],[141.0],[637.0],[253.0],[101.0],[338.0],[330.0],[135.0],[520.0],[101.0],[974.0],[189.0],[962.0],[962.0],[417.0],[742.0],[860.0],[742.0],[832.0],[909.0],[305.0],[305.0],[430.0],[697.0],[106.0],[583.0],[481.0],[443.0],[871.0],[576.0],[246.0],[524.0],[469.0],[22.0]
214,[363.0],[201.0],[630.0],[333.0],[381.0],[253.0],[333.0],[955.0],[481.0],[547.0],[135.0],[104.0],[962.0],[547.0],[520.0],[936.0],[742.0],[194.0],[993.0],[201.0],[126.0],[962.0],[975.0],[705.0],[135.0],[307.0],[217.0],[557.0],[520.0],[151.0],[330.0],[223.0],[520.0],[141.0],[871.0],[520.0],[330.0],[752.0],[419.0],[837.0],[975.0],[141.0],[760.0],[752.0],[860.0],[637.0],[17.0],[469.0],[630.0],[180.0],[828.0],[249.0],[519.0],[871.0],[991.0],[529.0],[481.0],[918.0],[955.0],[141.0],[464.0],[333.0],[120.0],[97.0],[443.0],[101.0],[71.0],[589.0],[522.0],[860.0],[819.0],[807.0],[430.0],[176.0],[160.0],[804.0],[97.0],[933.0],[974.0],[974.0],[194.0],[135.0],[705.0],[135.0],[307.0],[481.0],[975.0],[526.0],[1.0],[469.0],[531.0],[821.0],[837.0],[832.0],[962.0],[522.0],[123.0],[955.0],[106.0],[127.0]
215,[305.0],[524.0],[378.0],[547.0],[728.0],[860.0],[547.0],[500.0],[837.0],[962.0],[752.0],[129.0],[974.0],[871.0],[160.0],[477.0],[135.0],[246.0],[381.0],[524.0],[193.0],[974.0],[628.0],[520.0],[752.0],[101.0],[576.0],[702.0],[160.0],[292.0],[687.0],[524.0],[344.0],[253.0],[962.0],[160.0],[687.0],[547.0],[583.0],[437.0],[628.0],[118.0],[577.0],[333.0],[705.0],[773.0],[531.0],[933.0],[253.0],[307.0],[658.0],[22.0],[860.0],[962.0],[349.0],[831.0],[837.0],[627.0],[909.0],[860.0],[773.0],[547.0],[687.0],[141.0],[993.0],[804.0],[832.0],[630.0],[277.0],[705.0],[804.0],[173.0],[1.0],[274.0],[697.0],[953.0],[141.0],[705.0],[97.0],[903.0],[653.0],[752.0],[520.0],[752.0],[729.0],[837.0],[821.0],[619.0],[365.0],[17.0],[104.0],[437.0],[788.0],[993.0],[97.0],[371.0],[419.0],[884.0],[960.0],[828.0]
216,[349.0],[955.0],[118.0],[871.0],[819.0],[520.0],[871.0],[918.0],[201.0],[974.0],[333.0],[724.0],[97.0],[962.0],[697.0],[728.0],[752.0],[627.0],[180.0],[955.0],[1.0],[97.0],[430.0],[160.0],[333.0],[804.0],[637.0],[120.0],[697.0],[712.0],[57.0],[955.0],[160.0],[860.0],[97.0],[118.0],[719.0],[871.0],[437.0],[201.0],[430.0],[253.0],[249.0],[547.0],[933.0],[277.0],[104.0],[17.0],[860.0],[101.0],[233.0],[658.0],[960.0],[974.0],[702.0],[871.0],[305.0],[771.0],[583.0],[705.0],[637.0],[871.0],[719.0],[253.0],[381.0],[477.0],[307.0],[253.0],[284.0],[520.0],[71.0],[537.0],[151.0],[752.0],[469.0],[602.0],[253.0],[520.0],[141.0],[97.0],[443.0],[333.0],[519.0],[333.0],[464.0],[201.0],[916.0],[975.0],[991.0],[519.0],[129.0],[916.0],[524.0],[381.0],[141.0],[637.0],[773.0],[223.0],[531.0],[159.0]
217,[975.0],[305.0],[253.0],[903.0],[180.0],[160.0],[962.0],[437.0],[909.0],[378.0],[529.0],[756.0],[141.0],[974.0],[469.0],[682.0],[333.0],[771.0],[637.0],[500.0],[725.0],[141.0],[349.0],[469.0],[547.0],[477.0],[522.0],[719.0],[903.0],[610.0],[365.0],[500.0],[697.0],[705.0],[141.0],[697.0],[57.0],[962.0],[773.0],[238.0],[526.0],[860.0],[886.0],[903.0],[520.0],[217.0],[129.0],[106.0],[378.0],[804.0],[819.0],[953.0],[705.0],[97.0],[120.0],[185.0],[975.0],[123.0],[437.0],[520.0],[217.0],[962.0],[57.0],[705.0],[246.0],[602.0],[729.0],[860.0],[194.0],[378.0],[602.0],[187.0],[712.0],[529.0],[933.0],[822.0],[860.0],[519.0],[253.0],[176.0],[381.0],[903.0],[960.0],[547.0],[101.0],[524.0],[628.0],[821.0],[151.0],[106.0],[724.0],[238.0],[909.0],[729.0],[253.0],[443.0],[217.0],[918.0],[104.0],[319.0]
218,[628.0],[500.0],[860.0],[962.0],[71.0],[697.0],[176.0],[627.0],[583.0],[97.0],[831.0],[933.0],[253.0],[97.0],[17.0],[760.0],[529.0],[776.0],[307.0],[918.0],[151.0],[378.0],[292.0],[17.0],[871.0],[682.0],[277.0],[742.0],[469.0],[126.0],[991.0],[801.0],[630.0],[520.0],[253.0],[469.0],[365.0],[974.0],[217.0],[363.0],[1.0],[520.0],[953.0],[871.0],[697.0],[576.0],[724.0],[531.0],[705.0],[602.0],[943.0],[233.0],[520.0],[141.0],[292.0],[962.0],[201.0],[776.0],[500.0],[589.0],[277.0],[974.0],[365.0],[520.0],[180.0],[728.0],[464.0],[705.0],[653.0],[160.0],[832.0],[590.0],[687.0],[333.0],[17.0],[581.0],[705.0],[960.0],[860.0],[141.0],[246.0],[176.0],[160.0],[871.0],[804.0],[583.0],[481.0],[628.0],[292.0],[960.0],[756.0],[481.0],[583.0],[464.0],[378.0],[993.0],[776.0],[627.0],[129.0],[658.0]
219,[430.0],[918.0],[705.0],[974.0],[307.0],[469.0],[974.0],[771.0],[524.0],[141.0],[185.0],[519.0],[860.0],[141.0],[106.0],[577.0],[831.0],[223.0],[277.0],[223.0],[712.0],[253.0],[126.0],[106.0],[962.0],[728.0],[371.0],[135.0],[17.0],[557.0],[349.0],[788.0],[469.0],[160.0],[705.0],[17.0],[991.0],[97.0],[238.0],[524.0],[619.0],[160.0],[22.0],[962.0],[469.0],[522.0],[72.0],[960.0],[520.0],[682.0],[278.0],[943.0],[344.0],[253.0],[719.0],[974.0],[628.0],[884.0],[918.0],[160.0],[882.0],[118.0],[742.0],[697.0],[776.0],[682.0],[637.0],[378.0],[371.0],[118.0],[729.0],[207.0],[610.0],[547.0],[106.0],[682.0],[378.0],[160.0],[705.0],[253.0],[180.0],[547.0],[697.0],[330.0],[602.0],[437.0],[837.0],[430.0],[126.0],[531.0],[72.0],[837.0],[437.0],[180.0],[705.0],[381.0],[884.0],[801.0],[724.0],[586.0]
220,[1.0],[627.0],[520.0],[97.0],[832.0],[17.0],[97.0],[123.0],[437.0],[253.0],[547.0],[72.0],[705.0],[253.0],[531.0],[886.0],[185.0],[123.0],[101.0],[801.0],[526.0],[860.0],[1.0],[531.0],[974.0],[760.0],[443.0],[193.0],[106.0],[719.0],[742.0],[918.0],[17.0],[697.0],[520.0],[531.0],[742.0],[274.0],[363.0],[305.0],[916.0],[903.0],[822.0],[97.0],[17.0],[371.0],[698.0],[104.0],[697.0],[728.0],[71.0],[822.0],[160.0],[860.0],[126.0],[330.0],[430.0],[223.0],[238.0],[697.0],[194.0],[97.0],[135.0],[469.0],[307.0],[760.0],[277.0],[520.0],[246.0],[697.0],[464.0],[755.0],[557.0],[831.0],[960.0],[760.0],[520.0],[697.0],[520.0],[860.0],[776.0],[871.0],[469.0],[687.0],[682.0],[238.0],[201.0],[1.0],[193.0],[104.0],[698.0],[363.0],[238.0],[307.0],[520.0],[277.0],[576.0],[771.0],[756.0],[233.0]
221,[292.0],[771.0],[160.0],[176.0],[101.0],[106.0],[141.0],[419.0],[363.0],[118.0],[871.0],[698.0],[520.0],[860.0],[104.0],[828.0],[547.0],[801.0],[882.0],[788.0],[557.0],[705.0],[151.0],[104.0],[97.0],[819.0],[882.0],[752.0],[531.0],[193.0],[135.0],[909.0],[378.0],[469.0],[903.0],[104.0],[135.0],[141.0],[522.0],[975.0],[481.0],[176.0],[828.0],[141.0],[106.0],[882.0],[99.0],[129.0],[469.0],[819.0],[832.0],[278.0],[697.0],[705.0],[742.0],[97.0],[524.0],[419.0],[363.0],[469.0],[653.0],[141.0],[991.0],[17.0],[884.0],[577.0],[804.0],[160.0],[417.0],[469.0],[682.0],[35.0],[57.0],[871.0],[531.0],[936.0],[160.0],[469.0],[160.0],[705.0],[307.0],[274.0],[344.0],[962.0],[637.0],[955.0],[955.0],[151.0],[712.0],[344.0],[706.0],[305.0],[955.0],[637.0],[160.0],[180.0],[522.0],[123.0],[72.0],[328.0]
222,[126.0],[123.0],[697.0],[141.0],[804.0],[531.0],[253.0],[773.0],[305.0],[903.0],[962.0],[960.0],[469.0],[705.0],[129.0],[71.0],[962.0],[419.0],[804.0],[909.0],[619.0],[520.0],[193.0],[129.0],[141.0],[71.0],[993.0],[725.0],[176.0],[742.0],[292.0],[583.0],[106.0],[17.0],[176.0],[129.0],[349.0],[253.0],[371.0],[955.0],[837.0],[697.0],[658.0],[176.0],[531.0],[417.0],[165.0],[724.0],[17.0],[760.0],[729.0],[741.0],[469.0],[903.0],[193.0],[141.0],[955.0],[773.0],[305.0],[17.0],[576.0],[253.0],[349.0],[531.0],[101.0],[819.0],[882.0],[697.0],[776.0],[17.0],[760.0],[335.0],[702.0],[962.0],[104.0],[577.0],[697.0],[17.0],[697.0],[520.0],[884.0],[529.0],[589.0],[974.0],[886.0],[500.0],[430.0],[712.0],[610.0],[129.0],[99.0],[201.0],[918.0],[101.0],[697.0],[882.0],[223.0],[788.0],[698.0],[943.0]
223,[151.0],[975.0],[469.0],[274.0],[602.0],[104.0],[860.0],[217.0],[975.0],[860.0],[97.0],[706.0],[17.0],[118.0],[724.0],[832.0],[974.0],[788.0],[284.0],[627.0],[702.0],[160.0],[712.0],[724.0],[253.0],[886.0],[180.0],[526.0],[104.0],[725.0],[126.0],[627.0],[531.0],[118.0],[160.0],[756.0],[752.0],[529.0],[417.0],[500.0],[201.0],[469.0],[581.0],[253.0],[104.0],[284.0],[662.0],[756.0],[106.0],[71.0],[464.0],[581.0],[17.0],[520.0],[725.0],[860.0],[500.0],[801.0],[627.0],[106.0],[246.0],[860.0],[292.0],[104.0],[804.0],[886.0],[602.0],[17.0],[443.0],[106.0],[577.0],[721.0],[365.0],[974.0],[129.0],[886.0],[469.0],[106.0],[903.0],[160.0],[101.0],[962.0],[17.0],[57.0],[22.0],[918.0],[500.0],[916.0],[557.0],[724.0],[165.0],[524.0],[363.0],[277.0],[469.0],[284.0],[371.0],[909.0],[706.0],[278.0]
224,[193.0],[628.0],[17.0],[253.0],[682.0],[344.0],[274.0],[576.0],[430.0],[176.0],[141.0],[344.0],[106.0],[520.0],[756.0],[658.0],[330.0],[773.0],[194.0],[583.0],[120.0],[697.0],[610.0],[756.0],[860.0],[832.0],[284.0],[619.0],[274.0],[135.0],[752.0],[771.0],[104.0],[106.0],[697.0],[72.0],[292.0],[831.0],[443.0],[918.0],[712.0],[17.0],[233.0],[860.0],[519.0],[443.0],[573.0],[72.0],[531.0],[832.0],[637.0],[310.0],[106.0],[176.0],[135.0],[705.0],[1.0],[788.0],[771.0],[531.0],[522.0],[705.0],[126.0],[129.0],[223.0],[22.0],[284.0],[106.0],[993.0],[531.0],[886.0],[715.0],[120.0],[97.0],[724.0],[22.0],[17.0],[531.0],[469.0],[697.0],[804.0],[831.0],[106.0],[365.0],[828.0],[627.0],[918.0],[481.0],[725.0],[756.0],[662.0],[975.0],[627.0],[882.0],[17.0],[194.0],[801.0],[583.0],[99.0],[883.0]
225,[725.0],[430.0],[106.0],[529.0],[760.0],[129.0],[529.0],[522.0],[1.0],[705.0],[687.0],[99.0],[118.0],[160.0],[72.0],[729.0],[97.0],[909.0],[602.0],[238.0],[719.0],[469.0],[725.0],[72.0],[705.0],[22.0],[194.0],[333.0],[129.0],[526.0],[333.0],[437.0],[129.0],[104.0],[469.0],[698.0],[333.0],[860.0],[305.0],[628.0],[610.0],[106.0],[943.0],[705.0],[960.0],[993.0],[195.0],[698.0],[118.0],[729.0],[277.0],[936.0],[531.0],[160.0],[752.0],[687.0],[918.0],[583.0],[123.0],[104.0],[776.0],[520.0],[193.0],[724.0],[801.0],[828.0],[760.0],[104.0],[884.0],[104.0],[637.0],[84.0],[991.0],[185.0],[756.0],[828.0],[118.0],[104.0],[17.0],[469.0],[223.0],[974.0],[531.0],[97.0],[658.0],[363.0],[627.0],[201.0],[702.0],[72.0],[573.0],[628.0],[123.0],[804.0],[106.0],[653.0],[417.0],[419.0],[165.0],[249.0]
226,[526.0],[1.0],[531.0],[831.0],[577.0],[724.0],[831.0],[371.0],[151.0],[274.0],[253.0],[165.0],[531.0],[697.0],[698.0],[233.0],[687.0],[583.0],[653.0],[363.0],[742.0],[118.0],[526.0],[698.0],[520.0],[729.0],[653.0],[821.0],[529.0],[619.0],[547.0],[363.0],[724.0],[129.0],[17.0],[706.0],[126.0],[185.0],[975.0],[627.0],[955.0],[531.0],[278.0],[520.0],[129.0],[381.0],[189.0],[706.0],[903.0],[577.0],[741.0],[322.0],[104.0],[697.0],[526.0],[160.0],[151.0],[217.0],[419.0],[129.0],[884.0],[160.0],[725.0],[756.0],[788.0],[71.0],[577.0],[129.0],[381.0],[129.0],[277.0],[13.0],[349.0],[141.0],[72.0],[658.0],[106.0],[129.0],[106.0],[17.0],[602.0],[141.0],[378.0],[141.0],[233.0],[771.0],[771.0],[610.0],[526.0],[698.0],[519.0],[955.0],[419.0],[602.0],[531.0],[307.0],[909.0],[437.0],[662.0],[741.0]
227,[619.0],[419.0],[104.0],[860.0],[886.0],[589.0],[185.0],[238.0],[955.0],[520.0],[860.0],[662.0],[903.0],[903.0],[706.0],[464.0],[57.0],[217.0],[682.0],[771.0],[135.0],[17.0],[557.0],[706.0],[160.0],[464.0],[776.0],[547.0],[724.0],[821.0],[871.0],[419.0],[118.0],[724.0],[531.0],[99.0],[193.0],[705.0],[993.0],[771.0],[557.0],[274.0],[741.0],[160.0],[724.0],[180.0],[835.0],[99.0],[274.0],[464.0],[310.0],[477.0],[589.0],[469.0],[619.0],[697.0],[627.0],[576.0],[773.0],[724.0],[371.0],[697.0],[526.0],[72.0],[682.0],[658.0],[886.0],[118.0],[180.0],[724.0],[882.0],[448.0],[292.0],[253.0],[344.0],[233.0],[531.0],[724.0],[531.0],[106.0],[682.0],[185.0],[129.0],[991.0],[943.0],[419.0],[773.0],[524.0],[120.0],[706.0],[195.0],[500.0],[773.0],[284.0],[118.0],[246.0],[443.0],[238.0],[573.0],[310.0]
228,[712.0],[773.0],[129.0],[185.0],[729.0],[756.0],[330.0],[417.0],[712.0],[529.0],[705.0],[573.0],[176.0],[469.0],[99.0],[943.0],[141.0],[576.0],[760.0],[305.0],[752.0],[106.0],[619.0],[630.0],[697.0],[277.0],[884.0],[916.0],[831.0],[916.0],[962.0],[305.0],[756.0],[756.0],[274.0],[165.0],[725.0],[330.0],[381.0],[123.0],[702.0],[529.0],[936.0],[697.0],[756.0],[194.0],[749.0],[165.0],[529.0],[886.0],[882.0],[932.0],[630.0],[274.0],[333.0],[469.0],[712.0],[437.0],[217.0],[756.0],[417.0],[469.0],[752.0],[344.0],[760.0],[233.0],[22.0],[724.0],[223.0],[756.0],[22.0],[127.0],[126.0],[860.0],[698.0],[943.0],[104.0],[756.0],[176.0],[531.0],[760.0],[330.0],[724.0],[349.0],[278.0],[305.0],[1.0],[557.0],[619.0],[99.0],[835.0],[430.0],[305.0],[194.0],[104.0],[776.0],[583.0],[363.0],[195.0],[322.0]
229,[821.0],[151.0],[903.0],[520.0],[22.0],[72.0],[705.0],[443.0],[500.0],[831.0],[57.0],[195.0],[274.0],[17.0],[960.0],[278.0],[365.0],[437.0],[577.0],[975.0],[333.0],[531.0],[821.0],[378.0],[469.0],[828.0],[307.0],[871.0],[185.0],[481.0],[193.0],[217.0],[72.0],[72.0],[529.0],[903.0],[526.0],[520.0],[180.0],[430.0],[500.0],[104.0],[310.0],[469.0],[72.0],[653.0],[933.0],[573.0],[831.0],[637.0],[322.0],[915.0],[129.0],[529.0],[821.0],[57.0],[771.0],[522.0],[576.0],[72.0],[443.0],[17.0],[619.0],[698.0],[909.0],[832.0],[828.0],[756.0],[307.0],[72.0],[284.0],[159.0],[193.0],[705.0],[589.0],[278.0],[129.0],[698.0],[104.0],[274.0],[577.0],[860.0],[756.0],[253.0],[741.0],[975.0],[151.0],[955.0],[916.0],[165.0],[749.0],[1.0],[217.0],[682.0],[129.0],[101.0],[993.0],[773.0],[835.0],[932.0]
230,[916.0],[217.0],[724.0],[330.0],[464.0],[698.0],[520.0],[363.0],[918.0],[185.0],[365.0],[835.0],[529.0],[106.0],[165.0],[637.0],[253.0],[371.0],[246.0],[123.0],[916.0],[104.0],[702.0],[118.0],[17.0],[882.0],[804.0],[481.0],[756.0],[752.0],[974.0],[576.0],[698.0],[698.0],[831.0],[176.0],[547.0],[160.0],[307.0],[419.0],[120.0],[129.0],[477.0],[17.0],[698.0],[307.0],[559.0],[195.0],[104.0],[22.0],[284.0],[338.0],[378.0],[17.0],[916.0],[17.0],[610.0],[371.0],[522.0],[698.0],[993.0],[106.0],[821.0],[706.0],[577.0],[729.0],[194.0],[72.0],[801.0],[698.0],[194.0],[319.0],[719.0],[520.0],[706.0],[477.0],[724.0],[706.0],[129.0],[104.0],[886.0],[705.0],[118.0],[860.0],[310.0],[217.0],[576.0],[702.0],[481.0],[589.0],[559.0],[918.0],[576.0],[653.0],[903.0],[884.0],[381.0],[217.0],[749.0],[915.0]
231,[481.0],[576.0],[176.0],[687.0],[637.0],[630.0],[160.0],[993.0],[610.0],[330.0],[520.0],[749.0],[104.0],[531.0],[662.0],[277.0],[349.0],[417.0],[886.0],[419.0],[481.0],[129.0],[120.0],[99.0],[176.0],[658.0],[602.0],[837.0],[72.0],[333.0],[725.0],[522.0],[706.0],[706.0],[185.0],[274.0],[871.0],[687.0],[628.0],[773.0],[918.0],[724.0],[322.0],[106.0],[706.0],[101.0],[424.0],[835.0],[129.0],[828.0],[932.0],[537.0],[724.0],[106.0],[481.0],[106.0],[557.0],[417.0],[371.0],[630.0],[381.0],[531.0],[916.0],[165.0],[886.0],[464.0],[658.0],[698.0],[101.0],[706.0],[828.0],[586.0],[742.0],[160.0],[99.0],[728.0],[756.0],[99.0],[724.0],[529.0],[22.0],[520.0],[72.0],[292.0],[277.0],[576.0],[522.0],[500.0],[837.0],[662.0],[424.0],[151.0],[522.0],[246.0],[176.0],[804.0],[180.0],[305.0],[559.0],[338.0]
232,[610.0],[712.0],[274.0],[160.0],[277.0],[706.0],[697.0],[305.0],[627.0],[687.0],[160.0],[559.0],[129.0],[176.0],[573.0],[741.0],[292.0],[238.0],[22.0],[773.0],[547.0],[724.0],[719.0],[165.0],[106.0],[233.0],[223.0],[201.0],[698.0],[547.0],[526.0],[371.0],[99.0],[903.0],[104.0],[529.0],[619.0],[697.0],[1.0],[217.0],[719.0],[756.0],[932.0],[274.0],[99.0],[246.0],[521.0],[749.0],[185.0],[658.0],[915.0],[728.0],[118.0],[531.0],[547.0],[365.0],[702.0],[993.0],[975.0],[706.0],[180.0],[104.0],[333.0],[662.0],[583.0],[943.0],[653.0],[706.0],[788.0],[99.0],[653.0],[700.0],[135.0],[687.0],[630.0],[819.0],[72.0],[165.0],[756.0],[831.0],[828.0],[160.0],[698.0],[126.0],[882.0],[628.0],[712.0],[918.0],[719.0],[630.0],[521.0],[712.0],[371.0],[776.0],[274.0],[602.0],[437.0],[576.0],[424.0],[537.0]
233,[557.0],[610.0],[756.0],[469.0],[828.0],[99.0],[469.0],[381.0],[771.0],[57.0],[697.0],[424.0],[831.0],[724.0],[195.0],[310.0],[860.0],[363.0],[828.0],[628.0],[837.0],[756.0],[742.0],[662.0],[531.0],[943.0],[682.0],[524.0],[706.0],[201.0],[619.0],[417.0],[165.0],[176.0],[129.0],[831.0],[962.0],[57.0],[101.0],[576.0],[771.0],[831.0],[915.0],[529.0],[344.0],[804.0],[208.0],[559.0],[724.0],[277.0],[338.0],[819.0],[756.0],[831.0],[871.0],[531.0],[123.0],[381.0],[417.0],[99.0],[101.0],[129.0],[481.0],[573.0],[22.0],[278.0],[233.0],[99.0],[804.0],[903.0],[246.0],[328.0],[752.0],[57.0],[378.0],[741.0],[698.0],[662.0],[72.0],[185.0],[801.0],[687.0],[706.0],[705.0],[322.0],[522.0],[371.0],[627.0],[201.0],[573.0],[208.0],[627.0],[417.0],[884.0],[529.0],[682.0],[307.0],[975.0],[521.0],[953.0]
234,[837.0],[522.0],[529.0],[57.0],[882.0],[165.0],[687.0],[975.0],[123.0],[365.0],[469.0],[521.0],[724.0],[756.0],[835.0],[322.0],[705.0],[305.0],[658.0],[217.0],[201.0],[72.0],[916.0],[573.0],[104.0],[278.0],[760.0],[955.0],[330.0],[524.0],[97.0],[975.0],[662.0],[99.0],[330.0],[662.0],[821.0],[469.0],[804.0],[522.0],[135.0],[698.0],[537.0],[531.0],[589.0],[682.0],[240.0],[424.0],[330.0],[882.0],[537.0],[71.0],[72.0],[104.0],[837.0],[104.0],[120.0],[180.0],[993.0],[378.0],[223.0],[724.0],[547.0],[195.0],[828.0],[741.0],[246.0],[165.0],[602.0],[176.0],[658.0],[883.0],[725.0],[365.0],[165.0],[310.0],[706.0],[195.0],[698.0],[330.0],[658.0],[57.0],[903.0],[520.0],[932.0],[430.0],[610.0],[771.0],[742.0],[195.0],[240.0],[771.0],[443.0],[760.0],[831.0],[760.0],[101.0],[522.0],[344.0],[822.0]
235,[702.0],[371.0],[831.0],[365.0],[284.0],[662.0],[17.0],[180.0],[419.0],[991.0],[991.0],[589.0],[185.0],[274.0],[749.0],[882.0],[520.0],[443.0],[943.0],[576.0],[524.0],[698.0],[135.0],[195.0],[129.0],[741.0],[801.0],[962.0],[687.0],[955.0],[141.0],[443.0],[573.0],[165.0],[687.0],[573.0],[974.0],[365.0],[602.0],[1.0],[123.0],[706.0],[728.0],[831.0],[630.0],[577.0],[656.0],[521.0],[72.0],[284.0],[194.0],[832.0],[698.0],[129.0],[962.0],[129.0],[419.0],[307.0],[381.0],[165.0],[801.0],[756.0],[837.0],[835.0],[658.0],[310.0],[943.0],[662.0],[682.0],[274.0],[776.0],[183.0],[333.0],[697.0],[662.0],[322.0],[99.0],[835.0],[706.0],[129.0],[909.0],[365.0],[176.0],[193.0],[915.0],[371.0],[417.0],[120.0],[524.0],[378.0],[656.0],[123.0],[993.0],[223.0],[724.0],[223.0],[238.0],[628.0],[208.0],[755.0]
236,[201.0],[557.0],[330.0],[991.0],[653.0],[573.0],[106.0],[628.0],[557.0],[349.0],[349.0],[208.0],[330.0],[72.0],[559.0],[284.0],[126.0],[993.0],[776.0],[522.0],[500.0],[706.0],[481.0],[835.0],[274.0],[284.0],[577.0],[974.0],[99.0],[500.0],[821.0],[993.0],[195.0],[662.0],[57.0],[195.0],[97.0],[17.0],[682.0],[371.0],[752.0],[99.0],[755.0],[104.0],[662.0],[886.0],[519.0],[208.0],[698.0],[194.0],[653.0],[729.0],[706.0],[724.0],[201.0],[991.0],[719.0],[238.0],[628.0],[903.0],[788.0],[903.0],[871.0],[749.0],[437.0],[322.0],[278.0],[573.0],[760.0],[165.0],[884.0],[249.0],[619.0],[991.0],[573.0],[932.0],[165.0],[749.0],[99.0],[724.0],[233.0],[697.0],[99.0],[725.0],[338.0],[1.0],[557.0],[123.0],[135.0],[835.0],[921.0],[610.0],[381.0],[577.0],[756.0],[886.0],[804.0],[371.0],[240.0],[35.0]
237,[120.0],[417.0],[687.0],[349.0],[246.0],[195.0],[104.0],[307.0],[773.0],[160.0],[17.0],[240.0],[756.0],[698.0],[344.0],[194.0],[193.0],[628.0],[884.0],[371.0],[918.0],[99.0],[837.0],[903.0],[724.0],[310.0],[788.0],[500.0],[57.0],[918.0],[916.0],[381.0],[835.0],[573.0],[724.0],[835.0],[481.0],[991.0],[760.0],[417.0],[419.0],[165.0],[35.0],[185.0],[573.0],[22.0],[58.0],[240.0],[706.0],[233.0],[246.0],[755.0],[903.0],[185.0],[524.0],[724.0],[773.0],[363.0],[430.0],[662.0],[804.0],[176.0],[201.0],[559.0],[233.0],[637.0],[741.0],[195.0],[577.0],[662.0],[233.0],[468.0],[821.0],[469.0],[195.0],[915.0],[573.0],[559.0],[165.0],[756.0],[943.0],[469.0],[165.0],[526.0],[537.0],[417.0],[443.0],[419.0],[955.0],[559.0],[58.0],[419.0],[975.0],[886.0],[185.0],[22.0],[602.0],[1.0],[589.0],[721.0]
238,[524.0],[702.0],[57.0],[292.0],[776.0],[749.0],[129.0],[101.0],[217.0],[697.0],[106.0],[656.0],[72.0],[706.0],[424.0],[653.0],[725.0],[430.0],[223.0],[417.0],[871.0],[165.0],[201.0],[749.0],[756.0],[322.0],[886.0],[918.0],[165.0],[627.0],[481.0],[628.0],[749.0],[274.0],[756.0],[185.0],[253.0],[349.0],[577.0],[151.0],[773.0],[185.0],[819.0],[129.0],[195.0],[828.0],[358.0],[656.0],[99.0],[943.0],[755.0],[464.0],[99.0],[756.0],[974.0],[349.0],[742.0],[305.0],[180.0],[176.0],[602.0],[274.0],[524.0],[589.0],[238.0],[932.0],[776.0],[835.0],[886.0],[573.0],[943.0],[953.0],[916.0],[17.0],[835.0],[71.0],[195.0],[424.0],[662.0],[687.0],[583.0],[17.0],[662.0],[619.0],[284.0],[443.0],[993.0],[773.0],[752.0],[424.0],[358.0],[557.0],[180.0],[22.0],[72.0],[828.0],[682.0],[417.0],[656.0],[581.0]
239,[955.0],[120.0],[365.0],[126.0],[658.0],[559.0],[57.0],[804.0],[576.0],[469.0],[292.0],[921.0],[687.0],[99.0],[589.0],[246.0],[619.0],[381.0],[278.0],[443.0],[962.0],[662.0],[524.0],[176.0],[529.0],[653.0],[909.0],[627.0],[662.0],[771.0],[837.0],[180.0],[559.0],[529.0],[72.0],[330.0],[860.0],[292.0],[886.0],[712.0],[576.0],[330.0],[721.0],[724.0],[835.0],[776.0],[960.0],[921.0],[687.0],[278.0],[776.0],[637.0],[165.0],[330.0],[955.0],[756.0],[217.0],[975.0],[1.0],[274.0],[682.0],[72.0],[955.0],[424.0],[305.0],[915.0],[310.0],[749.0],[22.0],[195.0],[223.0],[976.0],[547.0],[349.0],[749.0],[338.0],[749.0],[208.0],[195.0],[57.0],[437.0],[106.0],[274.0],[160.0],[755.0],[993.0],[381.0],[217.0],[500.0],[118.0],[897.0],[773.0],[307.0],[801.0],[698.0],[233.0],[760.0],[151.0],[921.0],[936.0]
240,[500.0],[719.0],[991.0],[193.0],[233.0],[424.0],[365.0],[430.0],[522.0],[17.0],[126.0],[58.0],[57.0],[529.0],[521.0],[932.0],[160.0],[1.0],[801.0],[993.0],[974.0],[573.0],[752.0],[559.0],[698.0],[932.0],[22.0],[771.0],[573.0],[123.0],[253.0],[430.0],[903.0],[749.0],[365.0],[687.0],[837.0],[126.0],[22.0],[610.0],[522.0],[687.0],[13.0],[330.0],[749.0],[658.0],[897.0],[58.0],[57.0],[741.0],[35.0],[35.0],[573.0],[72.0],[97.0],[72.0],[576.0],[628.0],[307.0],[573.0],[909.0],[529.0],[500.0],[521.0],[975.0],[277.0],[884.0],[903.0],[909.0],[835.0],[278.0],[822.0],[871.0],[106.0],[903.0],[537.0],[559.0],[240.0],[835.0],[365.0],[278.0],[991.0],[573.0],[697.0],[194.0],[381.0],[702.0],[576.0],[333.0],[521.0],[15.0],[217.0],[101.0],[828.0],[706.0],[801.0],[577.0],[443.0],[58.0],[477.0]
241,[918.0],[742.0],[349.0],[17.0],[884.0],[378.0],[991.0],[602.0],[371.0],[106.0],[193.0],[630.0],[365.0],[165.0],[630.0],[884.0],[697.0],[180.0],[788.0],[381.0],[97.0],[195.0],[955.0],[424.0],[706.0],[246.0],[828.0],[97.0],[195.0],[871.0],[201.0],[307.0],[424.0],[831.0],[991.0],[57.0],[201.0],[193.0],[828.0],[557.0],[371.0],[57.0],[448.0],[687.0],[559.0],[233.0],[344.0],[358.0],[165.0],[653.0],[884.0],[721.0],[176.0],[687.0],[500.0],[292.0],[522.0],[430.0],[712.0],[529.0],[760.0],[831.0],[918.0],[630.0],[943.0],[882.0],[223.0],[176.0],[437.0],[749.0],[741.0],[581.0],[481.0],[531.0],[559.0],[832.0],[903.0],[656.0],[274.0],[72.0],[741.0],[349.0],[195.0],[469.0],[35.0],[180.0],[180.0],[719.0],[547.0],[208.0],[228.0],[702.0],[804.0],[658.0],[99.0],[278.0],[886.0],[712.0],[358.0],[819.0]
242,[719.0],[443.0],[72.0],[106.0],[223.0],[118.0],[724.0],[1.0],[417.0],[292.0],[725.0],[358.0],[698.0],[662.0],[208.0],[223.0],[821.0],[307.0],[310.0],[180.0],[627.0],[835.0],[500.0],[521.0],[831.0],[776.0],[658.0],[123.0],[835.0],[962.0],[860.0],[101.0],[176.0],[185.0],[698.0],[365.0],[524.0],[106.0],[712.0],[443.0],[333.0],[195.0],[71.0],[756.0],[424.0],[884.0],[15.0],[897.0],[365.0],[246.0],[223.0],[13.0],[274.0],[706.0],[141.0],[126.0],[371.0],[101.0],[610.0],[831.0],[577.0],[698.0],[962.0],[378.0],[278.0],[338.0],[801.0],[559.0],[828.0],[529.0],[801.0],[805.0],[837.0],[104.0],[424.0],[755.0],[176.0],[921.0],[529.0],[698.0],[238.0],[531.0],[529.0],[821.0],[653.0],[151.0],[120.0],[522.0],[918.0],[240.0],[960.0],[120.0],[628.0],[233.0],[165.0],[741.0],[22.0],[610.0],[15.0],[13.0]
243,[135.0],[135.0],[292.0],[725.0],[943.0],[903.0],[756.0],[682.0],[702.0],[193.0],[531.0],[897.0],[991.0],[573.0],[240.0],[801.0],[469.0],[151.0],[909.0],[430.0],[123.0],[749.0],[627.0],[208.0],[165.0],[223.0],[233.0],[419.0],[749.0],[419.0],[705.0],[804.0],[521.0],[559.0],[706.0],[991.0],[705.0],[725.0],[610.0],[993.0],[417.0],[835.0],[700.0],[57.0],[521.0],[943.0],[589.0],[344.0],[662.0],[776.0],[801.0],[277.0],[529.0],[99.0],[918.0],[193.0],[135.0],[1.0],[101.0],[185.0],[583.0],[706.0],[627.0],[118.0],[628.0],[284.0],[788.0],[274.0],[658.0],[831.0],[788.0],[936.0],[201.0],[292.0],[521.0],[35.0],[424.0],[344.0],[749.0],[706.0],[363.0],[104.0],[835.0],[916.0],[246.0],[307.0],[307.0],[742.0],[871.0],[656.0],[9.0],[719.0],[602.0],[943.0],[662.0],[310.0],[363.0],[381.0],[228.0],[71.0]
244,[752.0],[993.0],[126.0],[526.0],[801.0],[521.0],[72.0],[760.0],[443.0],[725.0],[104.0],[15.0],[349.0],[195.0],[378.0],[788.0],[916.0],[101.0],[583.0],[1.0],[419.0],[559.0],[333.0],[240.0],[662.0],[801.0],[583.0],[253.0],[559.0],[773.0],[524.0],[1.0],[274.0],[424.0],[99.0],[349.0],[500.0],[526.0],[658.0],[120.0],[443.0],[749.0],[832.0],[72.0],[208.0],[223.0],[228.0],[15.0],[991.0],[310.0],[721.0],[882.0],[195.0],[991.0],[253.0],[725.0],[443.0],[804.0],[804.0],[195.0],[437.0],[99.0],[771.0],[208.0],[310.0],[755.0],[322.0],[529.0],[943.0],[559.0],[909.0],[477.0],[524.0],[126.0],[176.0],[721.0],[521.0],[58.0],[559.0],[991.0],[305.0],[129.0],[749.0],[481.0],[776.0],[712.0],[719.0],[371.0],[627.0],[921.0],[488.0],[742.0],[682.0],[788.0],[573.0],[788.0],[828.0],[557.0],[630.0],[832.0]
245,[627.0],[381.0],[193.0],[531.0],[278.0],[208.0],[698.0],[577.0],[993.0],[531.0],[526.0],[378.0],[292.0],[835.0],[656.0],[915.0],[17.0],[557.0],[322.0],[307.0],[773.0],[424.0],[771.0],[656.0],[573.0],[915.0],[437.0],[860.0],[424.0],[217.0],[520.0],[602.0],[208.0],[521.0],[165.0],[749.0],[520.0],[531.0],[233.0],[180.0],[993.0],[559.0],[183.0],[365.0],[240.0],[801.0],[630.0],[228.0],[349.0],[322.0],[13.0],[284.0],[831.0],[349.0],[627.0],[526.0],[993.0],[602.0],[682.0],[835.0],[238.0],[185.0],[123.0],[240.0],[322.0],[35.0],[909.0],[831.0],[278.0],[185.0],[310.0],[728.0],[955.0],[129.0],[208.0],[729.0],[274.0],[589.0],[831.0],[165.0],[310.0],[292.0],[831.0],[17.0],[721.0],[610.0],[742.0],[417.0],[771.0],[903.0],[457.0],[576.0],[430.0],[278.0],[330.0],[583.0],[658.0],[180.0],[9.0],[729.0]
246,[333.0],[752.0],[725.0],[619.0],[741.0],[176.0],[349.0],[886.0],[120.0],[104.0],[129.0],[118.0],[706.0],[749.0],[921.0],[909.0],[481.0],[804.0],[932.0],[101.0],[217.0],[903.0],[547.0],[921.0],[185.0],[338.0],[238.0],[705.0],[365.0],[522.0],[955.0],[682.0],[529.0],[330.0],[349.0],[292.0],[918.0],[104.0],[943.0],[719.0],[381.0],[365.0],[468.0],[991.0],[656.0],[741.0],[9.0],[589.0],[573.0],[932.0],[448.0],[448.0],[835.0],[292.0],[771.0],[619.0],[381.0],[151.0],[760.0],[749.0],[363.0],[687.0],[974.0],[903.0],[932.0],[721.0],[932.0],[424.0],[238.0],[330.0],[583.0],[416.0],[918.0],[724.0],[240.0],[13.0],[529.0],[630.0],[185.0],[349.0],[975.0],[126.0],[185.0],[106.0],[13.0],[101.0],[101.0],[443.0],[123.0],[176.0],[800.0],[135.0],[1.0],[909.0],[195.0],[322.0],[943.0],[307.0],[488.0],[448.0]
247,[771.0],[180.0],[698.0],[104.0],[310.0],[240.0],[292.0],[151.0],[381.0],[129.0],[724.0],[228.0],[99.0],[831.0],[58.0],[338.0],[106.0],[682.0],[915.0],[151.0],[576.0],[521.0],[123.0],[274.0],[195.0],[788.0],[363.0],[773.0],[521.0],[371.0],[500.0],[151.0],[831.0],[687.0],[292.0],[126.0],[627.0],[619.0],[557.0],[307.0],[547.0],[424.0],[729.0],[698.0],[921.0],[310.0],[488.0],[9.0],[292.0],[915.0],[788.0],[194.0],[749.0],[165.0],[860.0],[821.0],[752.0],[712.0],[577.0],[559.0],[886.0],[57.0],[97.0],[656.0],[915.0],[194.0],[915.0],[185.0],[363.0],[687.0],[322.0],[819.0],[627.0],[193.0],[656.0],[464.0],[831.0],[358.0],[330.0],[292.0],[322.0],[724.0],[559.0],[531.0],[448.0],[557.0],[804.0],[993.0],[962.0],[58.0],[37.0],[522.0],[760.0],[741.0],[835.0],[437.0],[278.0],[101.0],[457.0],[700.0]
248,[123.0],[333.0],[526.0],[129.0],[322.0],[656.0],[126.0],[712.0],[180.0],[724.0],[619.0],[9.0],[165.0],[185.0],[358.0],[583.0],[837.0],[760.0],[437.0],[804.0],[522.0],[176.0],[871.0],[58.0],[330.0],[755.0],[943.0],[520.0],[991.0],[417.0],[160.0],[760.0],[330.0],[57.0],[126.0],[193.0],[771.0],[821.0],[702.0],[101.0],[180.0],[521.0],[464.0],[706.0],[58.0],[788.0],[457.0],[488.0],[195.0],[338.0],[700.0],[653.0],[185.0],[126.0],[123.0],[698.0],[180.0],[610.0],[886.0],[424.0],[305.0],[365.0],[141.0],[921.0],[338.0],[13.0],[583.0],[521.0],[305.0],[424.0],[437.0],[490.0],[962.0],[756.0],[921.0],[448.0],[208.0],[897.0],[424.0],[662.0],[915.0],[193.0],[424.0],[837.0],[700.0],[804.0],[135.0],[381.0],[419.0],[358.0],[587.0],[371.0],[577.0],[583.0],[749.0],[932.0],[741.0],[804.0],[800.0],[183.0]
249,[547.0],[307.0],[706.0],[724.0],[788.0],[274.0],[193.0],[610.0],[719.0],[756.0],[821.0],[488.0],[662.0],[330.0],[897.0],[537.0],[531.0],[577.0],[363.0],[602.0],[371.0],[274.0],[419.0],[529.0],[835.0],[35.0],[741.0],[217.0],[349.0],[974.0],[918.0],[712.0],[240.0],[208.0],[193.0],[725.0],[160.0],[916.0],[278.0],[742.0],[307.0],[208.0],[976.0],[349.0],[378.0],[322.0],[800.0],[630.0],[126.0],[537.0],[909.0],[246.0],[330.0],[662.0],[419.0],[916.0],[307.0],[682.0],[557.0],[330.0],[22.0],[165.0],[419.0],[358.0],[537.0],[448.0],[437.0],[330.0],[741.0],[521.0],[238.0],[456.0],[974.0],[725.0],[58.0],[637.0],[240.0],[15.0],[687.0],[126.0],[338.0],[725.0],[521.0],[104.0],[183.0],[602.0],[602.0],[180.0],[974.0],[897.0],[421.0],[752.0],[712.0],[437.0],[559.0],[338.0],[305.0],[702.0],[206.0],[464.0]
250,[871.0],[101.0],[99.0],[821.0],[909.0],[529.0],[725.0],[557.0],[742.0],[72.0],[756.0],[903.0],[126.0],[559.0],[15.0],[238.0],[104.0],[22.0],[338.0],[712.0],[417.0],[208.0],[773.0],[831.0],[749.0],[721.0],[310.0],[160.0],[292.0],[443.0],[627.0],[886.0],[656.0],[365.0],[662.0],[526.0],[419.0],[129.0],[741.0],[804.0],[101.0],[991.0],[637.0],[292.0],[358.0],[932.0],[206.0],[457.0],[193.0],[223.0],[183.0],[700.0],[687.0],[573.0],[773.0],[481.0],[101.0],[760.0],[22.0],[521.0],[828.0],[662.0],[253.0],[897.0],[755.0],[246.0],[338.0],[687.0],[975.0],[57.0],[363.0],[354.0],[771.0],[526.0],[274.0],[700.0],[656.0],[378.0],[57.0],[193.0],[537.0],[756.0],[330.0],[129.0],[468.0],[682.0],[752.0],[101.0],[97.0],[274.0],[461.0],[417.0],[22.0],[310.0],[687.0],[238.0],[975.0],[602.0],[37.0],[468.0]
251,[962.0],[602.0],[619.0],[756.0],[932.0],[921.0],[526.0],[702.0],[135.0],[526.0],[916.0],[457.0],[573.0],[424.0],[228.0],[305.0],[129.0],[828.0],[537.0],[682.0],[443.0],[240.0],[217.0],[185.0],[687.0],[13.0],[322.0],[576.0],[208.0],[97.0],[771.0],[610.0],[921.0],[991.0],[725.0],[821.0],[697.0],[724.0],[120.0],[602.0],[804.0],[349.0],[805.0],[99.0],[897.0],[915.0],[587.0],[378.0],[725.0],[755.0],[468.0],[776.0],[559.0],[195.0],[217.0],[837.0],[333.0],[577.0],[828.0],[208.0],[658.0],[991.0],[773.0],[15.0],[430.0],[776.0],[238.0],[57.0],[628.0],[365.0],[932.0],[832.0],[123.0],[619.0],[529.0],[277.0],[921.0],[903.0],[365.0],[725.0],[430.0],[72.0],[687.0],[201.0],[884.0],[760.0],[682.0],[804.0],[141.0],[529.0],[890.0],[333.0],[610.0],[238.0],[57.0],[363.0],[430.0],[120.0],[587.0],[976.0]
252,[974.0],[682.0],[165.0],[481.0],[915.0],[831.0],[619.0],[22.0],[307.0],[619.0],[481.0],[176.0],[195.0],[687.0],[9.0],[755.0],[724.0],[702.0],[755.0],[760.0],[141.0],[529.0],[576.0],[330.0],[57.0],[448.0],[305.0],[522.0],[126.0],[993.0],[697.0],[22.0],[58.0],[349.0],[526.0],[559.0],[773.0],[72.0],[310.0],[682.0],[871.0],[292.0],[277.0],[193.0],[15.0],[909.0],[421.0],[800.0],[835.0],[801.0],[976.0],[183.0],[57.0],[835.0],[576.0],[706.0],[804.0],[557.0],[658.0],[240.0],[233.0],[573.0],[860.0],[228.0],[721.0],[884.0],[537.0],[208.0],[430.0],[991.0],[915.0],[729.0],[97.0],[72.0],[831.0],[882.0],[185.0],[228.0],[991.0],[526.0],[755.0],[698.0],[57.0],[524.0],[976.0],[577.0],[333.0],[135.0],[253.0],[15.0],[694.0],[443.0],[557.0],[363.0],[424.0],[305.0],[310.0],[682.0],[421.0],[805.0]
253,[419.0],[760.0],[821.0],[837.0],[338.0],[58.0],[821.0],[828.0],[101.0],[698.0],[72.0],[206.0],[193.0],[57.0],[488.0],[35.0],[201.0],[120.0],[35.0],[577.0],[993.0],[831.0],[522.0],[687.0],[365.0],[700.0],[932.0],[371.0],[240.0],[381.0],[123.0],[828.0],[687.0],[292.0],[619.0],[916.0],[217.0],[698.0],[322.0],[135.0],[962.0],[126.0],[416.0],[165.0],[118.0],[583.0],[461.0],[206.0],[526.0],[788.0],[583.0],[884.0],[424.0],[749.0],[705.0],[201.0],[602.0],[886.0],[233.0],[687.0],[943.0],[195.0],[217.0],[9.0],[13.0],[700.0],[363.0],[240.0],[1.0],[349.0],[975.0],[446.0],[419.0],[698.0],[185.0],[284.0],[58.0],[9.0],[349.0],[573.0],[35.0],[526.0],[365.0],[955.0],[805.0],[702.0],[760.0],[752.0],[773.0],[831.0],[344.0],[547.0],[658.0],[305.0],[365.0],[537.0],[322.0],[760.0],[378.0],[416.0]
254,[773.0],[577.0],[662.0],[698.0],[537.0],[185.0],[706.0],[120.0],[752.0],[821.0],[837.0],[274.0],[835.0],[521.0],[903.0],[975.0],[756.0],[658.0],[305.0],[610.0],[381.0],[656.0],[962.0],[358.0],[991.0],[183.0],[338.0],[417.0],[656.0],[141.0],[419.0],[557.0],[358.0],[126.0],[821.0],[424.0],[576.0],[481.0],[719.0],[760.0],[974.0],[193.0],[882.0],[662.0],[9.0],[437.0],[890.0],[37.0],[619.0],[909.0],[437.0],[468.0],[365.0],[559.0],[522.0],[524.0],[682.0],[702.0],[943.0],[656.0],[975.0],[835.0],[576.0],[488.0],[448.0],[183.0],[755.0],[365.0],[151.0],[292.0],[338.0],[464.0],[773.0],[821.0],[358.0],[183.0],[358.0],[488.0],[521.0],[619.0],[1.0],[706.0],[991.0],[500.0],[416.0],[120.0],[577.0],[602.0],[860.0],[228.0],[541.0],[993.0],[702.0],[322.0],[521.0],[755.0],[932.0],[719.0],[461.0],[637.0]
255,[217.0],[886.0],[916.0],[706.0],[755.0],[330.0],[916.0],[719.0],[804.0],[99.0],[698.0],[529.0],[725.0],[365.0],[457.0],[721.0],[524.0],[719.0],[975.0],[886.0],[180.0],[921.0],[371.0],[897.0],[559.0],[468.0],[537.0],[443.0],[921.0],[180.0],[773.0],[702.0],[57.0],[240.0],[573.0],[481.0],[522.0],[706.0],[932.0],[577.0],[602.0],[725.0],[284.0],[573.0],[488.0],[238.0],[694.0],[587.0],[821.0],[35.0],[363.0],[976.0],[521.0],[424.0],[371.0],[99.0],[760.0],[828.0],[278.0],[57.0],[278.0],[749.0],[522.0],[457.0],[1.0],[468.0],[305.0],[991.0],[310.0],[126.0],[628.0],[148.0],[217.0],[706.0],[330.0],[194.0],[897.0],[176.0],[292.0],[195.0],[712.0],[821.0],[349.0],[724.0],[490.0],[886.0],[547.0],[682.0],[217.0],[9.0],[589.0],[381.0],[233.0],[932.0],[208.0],[35.0],[915.0],[577.0],[118.0],[882.0]
256,[97.0],[22.0],[481.0],[201.0],[583.0],[358.0],[481.0],[742.0],[602.0],[165.0],[201.0],[831.0],[749.0],[208.0],[274.0],[13.0],[955.0],[233.0],[721.0],[557.0],[253.0],[58.0],[417.0],[57.0],[349.0],[976.0],[975.0],[993.0],[193.0],[307.0],[217.0],[658.0],[365.0],[193.0],[195.0],[837.0],[371.0],[837.0],[915.0],[886.0],[682.0],[526.0],[490.0],[725.0],[457.0],[363.0],[378.0],[421.0],[749.0],[583.0],[805.0],[223.0],[208.0],[193.0],[417.0],[955.0],[871.0],[658.0],[702.0],[921.0],[628.0],[349.0],[705.0],[800.0],[700.0],[801.0],[35.0],[656.0],[712.0],[193.0],[537.0],[637.0],[141.0],[99.0],[687.0],[776.0],[15.0],[457.0],[126.0],[821.0],[721.0],[916.0],[240.0],[918.0],[223.0],[22.0],[886.0],[760.0],[576.0],[185.0],[38.0],[871.0],[943.0],[915.0],[991.0],[721.0],[338.0],[886.0],[890.0],[490.0]
257,[576.0],[828.0],[573.0],[524.0],[35.0],[897.0],[837.0],[135.0],[682.0],[916.0],[706.0],[37.0],[559.0],[240.0],[800.0],[628.0],[500.0],[943.0],[13.0],[702.0],[307.0],[358.0],[974.0],[991.0],[424.0],[909.0],[628.0],[697.0],[58.0],[101.0],[522.0],[233.0],[897.0],[725.0],[916.0],[201.0],[469.0],[99.0],[742.0],[22.0],[760.0],[821.0],[194.0],[195.0],[800.0],[338.0],[118.0],[461.0],[916.0],[721.0],[305.0],[805.0],[240.0],[521.0],[520.0],[165.0],[577.0],[233.0],[741.0],[58.0],[430.0],[292.0],[371.0],[206.0],[151.0],[788.0],[628.0],[349.0],[610.0],[725.0],[755.0],[277.0],[576.0],[916.0],[57.0],[884.0],[228.0],[274.0],[193.0],[835.0],[13.0],[481.0],[292.0],[756.0],[801.0],[719.0],[871.0],[333.0],[705.0],[330.0],[367.0],[962.0],[278.0],[338.0],[349.0],[13.0],[537.0],[742.0],[694.0],[456.0]
258,[522.0],[658.0],[837.0],[165.0],[721.0],[687.0],[99.0],[233.0],[333.0],[662.0],[99.0],[587.0],[424.0],[656.0],[206.0],[430.0],[918.0],[742.0],[448.0],[120.0],[860.0],[185.0],[443.0],[349.0],[521.0],[583.0],[430.0],[381.0],[725.0],[804.0],[371.0],[120.0],[991.0],[656.0],[481.0],[521.0],[417.0],[201.0],[338.0],[828.0],[577.0],[240.0],[653.0],[526.0],[903.0],[537.0],[38.0],[890.0],[481.0],[13.0],[416.0],[801.0],[991.0],[725.0],[443.0],[500.0],[886.0],[943.0],[120.0],[358.0],[310.0],[126.0],[520.0],[176.0],[183.0],[909.0],[430.0],[921.0],[322.0],[526.0],[35.0],[476.0],[522.0],[165.0],[365.0],[223.0],[330.0],[529.0],[725.0],[916.0],[610.0],[837.0],[656.0],[627.0],[788.0],[742.0],[962.0],[577.0],[522.0],[687.0],[378.0],[180.0],[741.0],[975.0],[240.0],[448.0],[1.0],[135.0],[541.0],[354.0]
259,[371.0],[233.0],[524.0],[955.0],[13.0],[15.0],[524.0],[752.0],[760.0],[573.0],[524.0],[421.0],[521.0],[921.0],[37.0],[448.0],[627.0],[278.0],[183.0],[828.0],[101.0],[897.0],[97.0],[292.0],[292.0],[437.0],[755.0],[469.0],[526.0],[253.0],[417.0],[719.0],[349.0],[526.0],[837.0],[208.0],[17.0],[524.0],[135.0],[658.0],[886.0],[916.0],[246.0],[835.0],[206.0],[755.0],[367.0],[694.0],[837.0],[448.0],[490.0],[788.0],[349.0],[526.0],[697.0],[662.0],[962.0],[278.0],[310.0],[897.0],[322.0],[559.0],[160.0],[37.0],[468.0],[976.0],[721.0],[58.0],[932.0],[619.0],[721.0],[797.0],[371.0],[481.0],[15.0],[801.0],[9.0],[800.0],[240.0],[481.0],[448.0],[201.0],[126.0],[771.0],[456.0],[828.0],[22.0],[886.0],[520.0],[57.0],[163.0],[307.0],[310.0],[537.0],[292.0],[700.0],[755.0],[752.0],[903.0],[446.0]
260,[141.0],[943.0],[195.0],[500.0],[448.0],[228.0],[955.0],[943.0],[577.0],[195.0],[955.0],[185.0],[208.0],[58.0],[529.0],[700.0],[771.0],[741.0],[628.0],[719.0],[602.0],[15.0],[993.0],[126.0],[208.0],[238.0],[1.0],[180.0],[619.0],[602.0],[469.0],[943.0],[15.0],[921.0],[559.0],[524.0],[106.0],[955.0],[752.0],[233.0],[22.0],[656.0],[456.0],[749.0],[37.0],[305.0],[163.0],[118.0],[559.0],[700.0],[975.0],[416.0],[656.0],[619.0],[993.0],[573.0],[22.0],[741.0],[322.0],[365.0],[932.0],[193.0],[417.0],[587.0],[712.0],[437.0],[13.0],[292.0],[557.0],[821.0],[430.0],[882.0],[417.0],[837.0],[228.0],[468.0],[687.0],[831.0],[656.0],[749.0],[557.0],[524.0],[193.0],[123.0],[909.0],[658.0],[828.0],[547.0],[371.0],[365.0],[118.0],[101.0],[120.0],[628.0],[656.0],[975.0],[35.0],[333.0],[38.0],[284.0]
261,[417.0],[547.0],[835.0],[918.0],[437.0],[9.0],[165.0],[333.0],[547.0],[481.0],[165.0],[330.0],[526.0],[358.0],[587.0],[1.0],[123.0],[310.0],[430.0],[742.0],[682.0],[228.0],[381.0],[193.0],[126.0],[363.0],[35.0],[307.0],[358.0],[682.0],[443.0],[278.0],[228.0],[619.0],[201.0],[955.0],[993.0],[165.0],[537.0],[752.0],[828.0],[481.0],[776.0],[619.0],[587.0],[35.0],[33.0],[541.0],[201.0],[437.0],[456.0],[490.0],[292.0],[208.0],[469.0],[918.0],[828.0],[310.0],[338.0],[15.0],[1.0],[424.0],[443.0],[274.0],[610.0],[238.0],[1.0],[126.0],[915.0],[916.0],[1.0],[284.0],[443.0],[524.0],[991.0],[788.0],[57.0],[206.0],[526.0],[837.0],[700.0],[955.0],[921.0],[419.0],[583.0],[233.0],[974.0],[871.0],[417.0],[488.0],[33.0],[974.0],[322.0],[430.0],[126.0],[183.0],[721.0],[547.0],[367.0],[148.0]
262,[443.0],[871.0],[955.0],[627.0],[700.0],[488.0],[662.0],[278.0],[871.0],[837.0],[500.0],[687.0],[619.0],[991.0],[421.0],[151.0],[72.0],[322.0],[468.0],[658.0],[705.0],[330.0],[180.0],[725.0],[193.0],[805.0],[712.0],[17.0],[821.0],[860.0],[993.0],[741.0],[488.0],[58.0],[424.0],[500.0],[381.0],[500.0],[755.0],[943.0],[658.0],[201.0],[884.0],[821.0],[176.0],[975.0],[144.0],[38.0],[524.0],[183.0],[628.0],[583.0],[921.0],[240.0],[381.0],[627.0],[974.0],[322.0],[537.0],[991.0],[915.0],[521.0],[993.0],[421.0],[557.0],[363.0],[151.0],[193.0],[338.0],[208.0],[13.0],[895.0],[253.0],[662.0],[9.0],[976.0],[488.0],[185.0],[821.0],[559.0],[183.0],[500.0],[58.0],[72.0],[437.0],[943.0],[658.0],[22.0],[160.0],[991.0],[144.0],[97.0],[932.0],[755.0],[193.0],[628.0],[151.0],[22.0],[163.0],[476.0]
263,[253.0],[278.0],[500.0],[771.0],[238.0],[57.0],[573.0],[547.0],[886.0],[835.0],[918.0],[57.0],[240.0],[349.0],[831.0],[183.0],[419.0],[932.0],[976.0],[135.0],[760.0],[9.0],[307.0],[526.0],[240.0],[305.0],[721.0],[106.0],[916.0],[760.0],[17.0],[310.0],[292.0],[821.0],[521.0],[918.0],[180.0],[918.0],[333.0],[333.0],[233.0],[524.0],[223.0],[916.0],[274.0],[628.0],[614.0],[903.0],[955.0],[468.0],[430.0],[456.0],[58.0],[821.0],[180.0],[771.0],[658.0],[120.0],[719.0],[349.0],[338.0],[208.0],[381.0],[529.0],[976.0],[805.0],[448.0],[358.0],[702.0],[481.0],[151.0],[194.0],[860.0],[955.0],[349.0],[909.0],[365.0],[330.0],[916.0],[201.0],[702.0],[99.0],[725.0],[773.0],[354.0],[135.0],[97.0],[828.0],[443.0],[349.0],[903.0],[141.0],[915.0],[35.0],[921.0],[468.0],[712.0],[828.0],[33.0],[194.0]
264,[993.0],[741.0],[918.0],[123.0],[183.0],[365.0],[195.0],[741.0],[962.0],[201.0],[662.0],[365.0],[821.0],[292.0],[185.0],[468.0],[773.0],[135.0],[805.0],[233.0],[577.0],[488.0],[141.0],[15.0],[656.0],[416.0],[13.0],[101.0],[897.0],[705.0],[106.0],[322.0],[126.0],[358.0],[208.0],[627.0],[307.0],[627.0],[35.0],[278.0],[943.0],[955.0],[446.0],[559.0],[421.0],[430.0],[903.0],[274.0],[424.0],[805.0],[1.0],[437.0],[126.0],[656.0],[17.0],[195.0],[233.0],[719.0],[742.0],[292.0],[151.0],[725.0],[697.0],[461.0],[702.0],[416.0],[700.0],[725.0],[537.0],[837.0],[712.0],[246.0],[993.0],[500.0],[292.0],[583.0],[457.0],[37.0],[481.0],[524.0],[468.0],[918.0],[526.0],[217.0],[446.0],[752.0],[141.0],[658.0],[697.0],[292.0],[176.0],[804.0],[719.0],[721.0],[725.0],[430.0],[13.0],[658.0],[144.0],[797.0]
265,[381.0],[310.0],[627.0],[419.0],[363.0],[457.0],[500.0],[871.0],[974.0],[524.0],[627.0],[991.0],[656.0],[126.0],[461.0],[712.0],[217.0],[752.0],[416.0],[943.0],[886.0],[687.0],[101.0],[228.0],[921.0],[975.0],[448.0],[531.0],[15.0],[577.0],[381.0],[932.0],[193.0],[897.0],[524.0],[771.0],[101.0],[771.0],[721.0],[741.0],[97.0],[500.0],[148.0],[481.0],[461.0],[721.0],[385.0],[529.0],[500.0],[238.0],[151.0],[238.0],[358.0],[921.0],[307.0],[835.0],[943.0],[932.0],[755.0],[228.0],[712.0],[240.0],[469.0],[890.0],[120.0],[490.0],[183.0],[526.0],[755.0],[201.0],[448.0],[704.0],[381.0],[918.0],[488.0],[437.0],[800.0],[587.0],[837.0],[955.0],[976.0],[165.0],[358.0],[576.0],[363.0],[333.0],[233.0],[233.0],[469.0],[126.0],[274.0],[602.0],[742.0],[448.0],[526.0],[1.0],[448.0],[233.0],[176.0],[653.0]
266,[180.0],[322.0],[771.0],[662.0],[468.0],[991.0],[918.0],[310.0],[22.0],[955.0],[771.0],[349.0],[921.0],[193.0],[890.0],[610.0],[576.0],[333.0],[490.0],[752.0],[22.0],[57.0],[804.0],[9.0],[725.0],[628.0],[700.0],[804.0],[228.0],[520.0],[531.0],[338.0],[725.0],[15.0],[955.0],[123.0],[804.0],[123.0],[13.0],[310.0],[278.0],[918.0],[476.0],[424.0],[529.0],[1.0],[176.0],[367.0],[521.0],[416.0],[712.0],[354.0],[897.0],[916.0],[106.0],[749.0],[278.0],[915.0],[35.0],[126.0],[537.0],[526.0],[180.0],[831.0],[719.0],[305.0],[712.0],[897.0],[120.0],[524.0],[700.0],[798.0],[180.0],[573.0],[126.0],[805.0],[206.0],[687.0],[201.0],[500.0],[805.0],[627.0],[897.0],[522.0],[148.0],[278.0],[278.0],[943.0],[993.0],[193.0],[529.0],[682.0],[338.0],[700.0],[58.0],[151.0],[700.0],[871.0],[274.0],[704.0]
267,[307.0],[962.0],[123.0],[773.0],[305.0],[349.0],[627.0],[322.0],[97.0],[500.0],[123.0],[292.0],[58.0],[897.0],[687.0],[976.0],[522.0],[915.0],[456.0],[333.0],[828.0],[457.0],[253.0],[619.0],[526.0],[490.0],[183.0],[602.0],[9.0],[886.0],[180.0],[537.0],[526.0],[916.0],[240.0],[419.0],[531.0],[419.0],[448.0],[547.0],[141.0],[627.0],[801.0],[837.0],[890.0],[13.0],[274.0],[831.0],[918.0],[490.0],[354.0],[446.0],[193.0],[58.0],[101.0],[123.0],[741.0],[338.0],[135.0],[9.0],[755.0],[619.0],[307.0],[185.0],[742.0],[975.0],[610.0],[619.0],[35.0],[955.0],[183.0],[265.0],[307.0],[627.0],[193.0],[238.0],[991.0],[421.0],[524.0],[918.0],[416.0],[771.0],[619.0],[371.0],[476.0],[547.0],[741.0],[278.0],[17.0],[725.0],[831.0],[253.0],[135.0],[183.0],[358.0],[712.0],[183.0],[943.0],[614.0],[798.0]
268,[860.0],[97.0],[419.0],[217.0],[975.0],[292.0],[771.0],[932.0],[828.0],[918.0],[573.0],[461.0],[916.0],[15.0],[57.0],[805.0],[371.0],[338.0],[1.0],[278.0],[658.0],[800.0],[602.0],[821.0],[58.0],[430.0],[610.0],[682.0],[481.0],[22.0],[129.0],[755.0],[619.0],[228.0],[500.0],[240.0],[602.0],[773.0],[700.0],[322.0],[741.0],[771.0],[797.0],[201.0],[831.0],[151.0],[539.0],[185.0],[627.0],[363.0],[446.0],[363.0],[725.0],[481.0],[104.0],[419.0],[97.0],[537.0],[721.0],[488.0],[610.0],[821.0],[101.0],[687.0],[805.0],[456.0],[557.0],[15.0],[719.0],[500.0],[610.0],[215.0],[705.0],[195.0],[457.0],[416.0],[37.0],[57.0],[921.0],[627.0],[490.0],[419.0],[15.0],[417.0],[797.0],[871.0],[310.0],[962.0],[180.0],[526.0],[614.0],[760.0],[752.0],[1.0],[897.0],[610.0],[468.0],[962.0],[385.0],[265.0]
269,[101.0],[915.0],[773.0],[576.0],[628.0],[800.0],[835.0],[962.0],[658.0],[627.0],[195.0],[126.0],[481.0],[228.0],[365.0],[557.0],[417.0],[537.0],[354.0],[741.0],[233.0],[206.0],[682.0],[916.0],[619.0],[1.0],[468.0],[760.0],[488.0],[828.0],[724.0],[35.0],[821.0],[481.0],[918.0],[773.0],[682.0],[217.0],[547.0],[932.0],[253.0],[123.0],[895.0],[521.0],[694.0],[712.0],[529.0],[163.0],[208.0],[456.0],[610.0],[305.0],[228.0],[837.0],[804.0],[773.0],[310.0],[755.0],[752.0],[457.0],[35.0],[916.0],[804.0],[694.0],[416.0],[354.0],[702.0],[228.0],[721.0],[240.0],[468.0],[776.0],[804.0],[771.0],[800.0],[363.0],[349.0],[365.0],[955.0],[424.0],[456.0],[573.0],[821.0],[443.0],[895.0],[741.0],[322.0],[741.0],[307.0],[457.0],[185.0],[22.0],[537.0],[151.0],[619.0],[557.0],[610.0],[974.0],[529.0],[215.0]
270,[804.0],[141.0],[217.0],[522.0],[430.0],[126.0],[123.0],[915.0],[233.0],[749.0],[419.0],[193.0],[837.0],[9.0],[694.0],[702.0],[443.0],[871.0],[446.0],[871.0],[520.0],[365.0],[760.0],[488.0],[358.0],[456.0],[557.0],[577.0],[201.0],[160.0],[307.0],[742.0],[916.0],[201.0],[656.0],[217.0],[104.0],[576.0],[871.0],[915.0],[860.0],[921.0],[788.0],[208.0],[185.0],[610.0],[695.0],[330.0],[771.0],[354.0],[557.0],[975.0],[526.0],[201.0],[129.0],[217.0],[322.0],[35.0],[13.0],[193.0],[557.0],[481.0],[106.0],[541.0],[490.0],[446.0],[468.0],[821.0],[742.0],[918.0],[702.0],[884.0],[520.0],[835.0],[37.0],[305.0],[292.0],[991.0],[500.0],[771.0],[354.0],[773.0],[916.0],[993.0],[704.0],[962.0],[932.0],[974.0],[101.0],[619.0],[330.0],[828.0],[333.0],[468.0],[821.0],[702.0],[976.0],[278.0],[185.0],[246.0]
271,[602.0],[338.0],[576.0],[371.0],[1.0],[206.0],[419.0],[338.0],[141.0],[559.0],[835.0],[890.0],[358.0],[725.0],[991.0],[416.0],[698.0],[755.0],[148.0],[310.0],[943.0],[991.0],[860.0],[481.0],[821.0],[151.0],[976.0],[886.0],[524.0],[233.0],[756.0],[135.0],[481.0],[9.0],[627.0],[576.0],[760.0],[522.0],[962.0],[871.0],[310.0],[58.0],[909.0],[955.0],[541.0],[557.0],[486.0],[687.0],[240.0],[446.0],[148.0],[628.0],[619.0],[358.0],[602.0],[576.0],[932.0],[742.0],[448.0],[725.0],[721.0],[837.0],[531.0],[38.0],[456.0],[628.0],[719.0],[9.0],[13.0],[656.0],[120.0],[223.0],[602.0],[123.0],[725.0],[490.0],[126.0],[349.0],[918.0],[123.0],[719.0],[217.0],[228.0],[381.0],[305.0],[974.0],[915.0],[310.0],[804.0],[821.0],[385.0],[658.0],[755.0],[976.0],[916.0],[976.0],[805.0],[741.0],[539.0],[776.0]
272,[682.0],[537.0],[749.0],[573.0],[151.0],[193.0],[749.0],[974.0],[943.0],[771.0],[773.0],[725.0],[201.0],[526.0],[349.0],[490.0],[993.0],[35.0],[151.0],[322.0],[697.0],[349.0],[705.0],[457.0],[916.0],[354.0],[805.0],[22.0],[955.0],[943.0],[101.0],[721.0],[837.0],[488.0],[921.0],[522.0],[577.0],[371.0],[974.0],[338.0],[322.0],[419.0],[583.0],[500.0],[330.0],[448.0],[831.0],[33.0],[123.0],[305.0],[476.0],[430.0],[821.0],[897.0],[682.0],[371.0],[915.0],[135.0],[700.0],[526.0],[702.0],[524.0],[104.0],[57.0],[135.0],[148.0],[976.0],[916.0],[135.0],[627.0],[976.0],[740.0],[682.0],[749.0],[526.0],[354.0],[587.0],[461.0],[627.0],[419.0],[446.0],[576.0],[9.0],[698.0],[798.0],[310.0],[253.0],[322.0],[602.0],[916.0],[687.0],[860.0],[35.0],[805.0],[481.0],[805.0],[416.0],[310.0],[330.0],[884.0]
273,[760.0],[35.0],[522.0],[417.0],[712.0],[725.0],[773.0],[97.0],[278.0],[424.0],[217.0],[694.0],[955.0],[619.0],[292.0],[120.0],[99.0],[721.0],[476.0],[932.0],[278.0],[292.0],[577.0],[837.0],[481.0],[446.0],[416.0],[104.0],[457.0],[278.0],[72.0],[752.0],[201.0],[524.0],[771.0],[656.0],[129.0],[993.0],[183.0],[962.0],[705.0],[773.0],[437.0],[240.0],[38.0],[702.0],[185.0],[144.0],[419.0],[975.0],[702.0],[148.0],[916.0],[15.0],[760.0],[559.0],[141.0],[721.0],[183.0],[800.0],[120.0],[955.0],[129.0],[367.0],[354.0],[430.0],[805.0],[488.0],[752.0],[771.0],[805.0],[801.0],[760.0],[773.0],[619.0],[975.0],[461.0],[292.0],[58.0],[773.0],[148.0],[522.0],[488.0],[180.0],[265.0],[97.0],[860.0],[932.0],[682.0],[481.0],[539.0],[233.0],[721.0],[712.0],[837.0],[120.0],[490.0],[97.0],[687.0],[740.0]
274,[577.0],[721.0],[559.0],[443.0],[976.0],[37.0],[217.0],[537.0],[253.0],[123.0],[749.0],[526.0],[500.0],[488.0],[126.0],[719.0],[381.0],[13.0],[797.0],[915.0],[469.0],[37.0],[520.0],[201.0],[837.0],[712.0],[490.0],[724.0],[500.0],[697.0],[698.0],[333.0],[524.0],[955.0],[123.0],[921.0],[724.0],[381.0],[468.0],[974.0],[932.0],[217.0],[704.0],[656.0],[367.0],[120.0],[330.0],[614.0],[773.0],[628.0],[797.0],[476.0],[9.0],[228.0],[577.0],[417.0],[253.0],[13.0],[468.0],[619.0],[719.0],[500.0],[724.0],[365.0],[446.0],[476.0],[742.0],[457.0],[333.0],[58.0],[719.0],[788.0],[577.0],[217.0],[821.0],[628.0],[890.0],[126.0],[771.0],[217.0],[476.0],[195.0],[481.0],[307.0],[975.0],[322.0],[338.0],[915.0],[106.0],[800.0],[57.0],[705.0],[13.0],[610.0],[15.0],[719.0],[557.0],[141.0],[57.0],[223.0]
275,[705.0],[13.0],[424.0],[993.0],[416.0],[526.0],[576.0],[755.0],[860.0],[521.0],[576.0],[541.0],[918.0],[457.0],[541.0],[456.0],[180.0],[962.0],[712.0],[338.0],[17.0],[587.0],[886.0],[800.0],[201.0],[610.0],[456.0],[828.0],[800.0],[469.0],[602.0],[13.0],[457.0],[500.0],[773.0],[371.0],[886.0],[662.0],[97.0],[537.0],[520.0],[576.0],[238.0],[918.0],[163.0],[700.0],[563.0],[57.0],[656.0],[148.0],[120.0],[797.0],[481.0],[524.0],[886.0],[443.0],[338.0],[752.0],[333.0],[206.0],[742.0],[918.0],[602.0],[991.0],[752.0],[797.0],[416.0],[800.0],[448.0],[123.0],[416.0],[583.0],[160.0],[576.0],[587.0],[446.0],[694.0],[193.0],[123.0],[576.0],[742.0],[371.0],[837.0],[101.0],[215.0],[915.0],[537.0],[97.0],[760.0],[837.0],[365.0],[943.0],[547.0],[557.0],[201.0],[742.0],[456.0],[322.0],[695.0],[801.0]
276,[886.0],[253.0],[371.0],[381.0],[610.0],[619.0],[522.0],[35.0],[741.0],[419.0],[522.0],[619.0],[897.0],[821.0],[193.0],[742.0],[165.0],[448.0],[557.0],[962.0],[741.0],[126.0],[22.0],[524.0],[524.0],[557.0],[702.0],[658.0],[206.0],[17.0],[706.0],[448.0],[955.0],[918.0],[217.0],[417.0],[756.0],[180.0],[976.0],[755.0],[915.0],[522.0],[363.0],[921.0],[33.0],[719.0],[687.0],[385.0],[217.0],[430.0],[895.0],[895.0],[837.0],[9.0],[724.0],[993.0],[537.0],[333.0],[547.0],[821.0],[135.0],[656.0],[682.0],[349.0],[148.0],[1.0],[490.0],[481.0],[700.0],[358.0],[490.0],[437.0],[886.0],[522.0],[421.0],[148.0],[193.0],[725.0],[897.0],[521.0],[135.0],[417.0],[201.0],[804.0],[740.0],[141.0],[755.0],[141.0],[577.0],[587.0],[695.0],[278.0],[448.0],[702.0],[524.0],[135.0],[702.0],[932.0],[365.0],[362.0]
277,[520.0],[448.0],[417.0],[180.0],[557.0],[821.0],[371.0],[721.0],[310.0],[208.0],[371.0],[38.0],[15.0],[800.0],[38.0],[354.0],[307.0],[700.0],[895.0],[974.0],[310.0],[421.0],[160.0],[955.0],[955.0],[702.0],[120.0],[233.0],[918.0],[741.0],[682.0],[700.0],[800.0],[627.0],[576.0],[58.0],[22.0],[573.0],[805.0],[35.0],[338.0],[371.0],[305.0],[627.0],[144.0],[742.0],[57.0],[365.0],[576.0],[476.0],[704.0],[704.0],[201.0],[955.0],[756.0],[424.0],[860.0],[547.0],[871.0],[916.0],[752.0],[921.0],[760.0],[292.0],[333.0],[895.0],[456.0],[206.0],[547.0],[15.0],[742.0],[238.0],[697.0],[559.0],[461.0],[476.0],[725.0],[526.0],[419.0],[522.0],[797.0],[443.0],[524.0],[602.0],[628.0],[338.0],[35.0],[338.0],[531.0],[201.0],[991.0],[741.0],[871.0],[416.0],[955.0],[333.0],[120.0],[253.0],[991.0],[788.0]
278,[160.0],[860.0],[443.0],[307.0],[702.0],[587.0],[417.0],[13.0],[705.0],[773.0],[559.0],[367.0],[228.0],[916.0],[725.0],[446.0],[101.0],[183.0],[704.0],[537.0],[322.0],[193.0],[828.0],[500.0],[500.0],[120.0],[354.0],[943.0],[37.0],[310.0],[760.0],[547.0],[206.0],[457.0],[522.0],[358.0],[72.0],[307.0],[416.0],[721.0],[697.0],[358.0],[975.0],[123.0],[687.0],[135.0],[365.0],[539.0],[522.0],[797.0],[798.0],[798.0],[524.0],[500.0],[22.0],[381.0],[705.0],[448.0],[976.0],[481.0],[333.0],[627.0],[756.0],[126.0],[547.0],[704.0],[354.0],[37.0],[183.0],[228.0],[456.0],[363.0],[469.0],[371.0],[916.0],[797.0],[526.0],[890.0],[773.0],[371.0],[752.0],[993.0],[457.0],[706.0],[362.0],[253.0],[721.0],[253.0],[886.0],[524.0],[349.0],[310.0],[700.0],[719.0],[500.0],[547.0],[354.0],[915.0],[349.0],[796.0]
279,[828.0],[700.0],[993.0],[101.0],[120.0],[916.0],[559.0],[141.0],[322.0],[217.0],[424.0],[163.0],[9.0],[481.0],[526.0],[135.0],[804.0],[468.0],[798.0],[97.0],[106.0],[725.0],[658.0],[206.0],[897.0],[719.0],[446.0],[278.0],[627.0],[322.0],[577.0],[183.0],[500.0],[771.0],[58.0],[443.0],[828.0],[101.0],[141.0],[13.0],[537.0],[417.0],[628.0],[419.0],[57.0],[752.0],[991.0],[991.0],[371.0],[1.0],[719.0],[1.0],[955.0],[918.0],[828.0],[180.0],[520.0],[700.0],[962.0],[837.0],[13.0],[771.0],[72.0],[193.0],[871.0],[151.0],[135.0],[837.0],[468.0],[419.0],[135.0],[305.0],[22.0],[424.0],[481.0],[895.0],[619.0],[694.0],[217.0],[417.0],[333.0],[381.0],[955.0],[99.0],[430.0],[537.0],[705.0],[537.0],[22.0],[421.0],[292.0],[322.0],[183.0],[490.0],[918.0],[416.0],[446.0],[338.0],[292.0],[318.0]
280,[697.0],[183.0],[381.0],[602.0],[490.0],[481.0],[443.0],[448.0],[520.0],[576.0],[417.0],[821.0],[627.0],[837.0],[163.0],[752.0],[602.0],[976.0],[702.0],[755.0],[531.0],[526.0],[233.0],[918.0],[15.0],[148.0],[719.0],[741.0],[771.0],[106.0],[99.0],[871.0],[37.0],[123.0],[417.0],[993.0],[658.0],[804.0],[253.0],[97.0],[469.0],[993.0],[798.0],[358.0],[365.0],[183.0],[349.0],[349.0],[417.0],[895.0],[742.0],[151.0],[488.0],[771.0],[72.0],[521.0],[755.0],[183.0],[805.0],[201.0],[448.0],[58.0],[577.0],[725.0],[476.0],[798.0],[752.0],[201.0],[976.0],[9.0],[752.0],[796.0],[828.0],[521.0],[890.0],[430.0],[821.0],[821.0],[576.0],[443.0],[895.0],[835.0],[500.0],[165.0],[1.0],[755.0],[520.0],[860.0],[104.0],[955.0],[486.0],[932.0],[962.0],[742.0],[627.0],[490.0],[719.0],[537.0],[126.0],[909.0]
281,[658.0],[705.0],[180.0],[682.0],[456.0],[421.0],[424.0],[253.0],[932.0],[522.0],[443.0],[916.0],[771.0],[201.0],[619.0],[333.0],[682.0],[805.0],[265.0],[35.0],[104.0],[461.0],[697.0],[627.0],[918.0],[135.0],[742.0],[310.0],[587.0],[531.0],[886.0],[962.0],[918.0],[773.0],[443.0],[381.0],[233.0],[602.0],[490.0],[700.0],[17.0],[381.0],[265.0],[897.0],[991.0],[468.0],[276.0],[695.0],[443.0],[704.0],[265.0],[712.0],[500.0],[123.0],[658.0],[208.0],[160.0],[468.0],[416.0],[37.0],[700.0],[123.0],[886.0],[163.0],[962.0],[712.0],[148.0],[524.0],[805.0],[773.0],[354.0],[318.0],[658.0],[417.0],[694.0],[704.0],[541.0],[541.0],[522.0],[208.0],[704.0],[749.0],[918.0],[682.0],[151.0],[860.0],[13.0],[755.0],[658.0],[500.0],[563.0],[520.0],[974.0],[135.0],[771.0],[871.0],[148.0],[860.0],[486.0],[583.0]
282,[943.0],[520.0],[521.0],[760.0],[719.0],[837.0],[993.0],[700.0],[915.0],[240.0],[993.0],[481.0],[488.0],[524.0],[144.0],[547.0],[760.0],[416.0],[719.0],[721.0],[932.0],[619.0],[943.0],[771.0],[228.0],[752.0],[148.0],[322.0],[123.0],[104.0],[22.0],[468.0],[627.0],[217.0],[358.0],[897.0],[943.0],[682.0],[456.0],[468.0],[755.0],[180.0],[740.0],[15.0],[614.0],[976.0],[292.0],[292.0],[993.0],[151.0],[215.0],[215.0],[918.0],[419.0],[233.0],[101.0],[35.0],[976.0],[490.0],[524.0],[183.0],[419.0],[22.0],[526.0],[797.0],[610.0],[333.0],[955.0],[871.0],[217.0],[446.0],[628.0],[233.0],[443.0],[837.0],[798.0],[916.0],[916.0],[371.0],[993.0],[547.0],[180.0],[627.0],[760.0],[796.0],[35.0],[160.0],[35.0],[233.0],[890.0],[276.0],[915.0],[97.0],[752.0],[228.0],[962.0],[476.0],[755.0],[193.0],[437.0]
283,[469.0],[160.0],[208.0],[577.0],[354.0],[201.0],[381.0],[183.0],[160.0],[371.0],[381.0],[837.0],[123.0],[206.0],[821.0],[148.0],[577.0],[974.0],[742.0],[13.0],[915.0],[821.0],[278.0],[123.0],[627.0],[476.0],[476.0],[932.0],[419.0],[129.0],[165.0],[97.0],[123.0],[576.0],[897.0],[15.0],[698.0],[760.0],[354.0],[976.0],[35.0],[307.0],[362.0],[228.0],[349.0],[333.0],[126.0],[486.0],[381.0],[712.0],[740.0],[610.0],[457.0],[773.0],[943.0],[804.0],[721.0],[871.0],[354.0],[955.0],[547.0],[358.0],[828.0],[619.0],[974.0],[265.0],[476.0],[500.0],[962.0],[576.0],[333.0],[430.0],[17.0],[993.0],[201.0],[265.0],[38.0],[481.0],[417.0],[381.0],[871.0],[559.0],[771.0],[577.0],[712.0],[705.0],[448.0],[721.0],[943.0],[918.0],[126.0],[160.0],[141.0],[456.0],[9.0],[974.0],[742.0],[35.0],[563.0],[238.0]
284,[278.0],[468.0],[307.0],[886.0],[742.0],[524.0],[521.0],[468.0],[697.0],[417.0],[180.0],[201.0],[457.0],[955.0],[916.0],[476.0],[886.0],[490.0],[135.0],[448.0],[129.0],[916.0],[741.0],[419.0],[771.0],[797.0],[895.0],[915.0],[773.0],[724.0],[828.0],[976.0],[419.0],[522.0],[993.0],[180.0],[706.0],[577.0],[446.0],[805.0],[721.0],[101.0],[430.0],[773.0],[385.0],[547.0],[193.0],[563.0],[180.0],[610.0],[135.0],[740.0],[627.0],[217.0],[278.0],[602.0],[13.0],[805.0],[974.0],[500.0],[871.0],[897.0],[658.0],[821.0],[895.0],[557.0],[895.0],[918.0],[97.0],[522.0],[476.0],[151.0],[943.0],[381.0],[524.0],[1.0],[481.0],[38.0],[443.0],[240.0],[962.0],[307.0],[123.0],[662.0],[318.0],[520.0],[697.0],[13.0],[278.0],[627.0],[556.0],[338.0],[468.0],[354.0],[488.0],[141.0],[135.0],[705.0],[725.0],[363.0]
285,[741.0],[697.0],[101.0],[195.0],[135.0],[500.0],[307.0],[860.0],[338.0],[443.0],[307.0],[144.0],[419.0],[37.0],[614.0],[797.0],[22.0],[456.0],[752.0],[700.0],[338.0],[481.0],[310.0],[37.0],[123.0],[895.0],[752.0],[338.0],[217.0],[756.0],[662.0],[805.0],[773.0],[371.0],[381.0],[307.0],[278.0],[886.0],[860.0],[141.0],[106.0],[804.0],[796.0],[217.0],[292.0],[805.0],[556.0],[276.0],[307.0],[557.0],[362.0],[362.0],[206.0],[576.0],[698.0],[240.0],[448.0],[962.0],[97.0],[918.0],[468.0],[773.0],[698.0],[916.0],[97.0],[702.0],[704.0],[627.0],[141.0],[371.0],[547.0],[914.0],[106.0],[180.0],[541.0],[151.0],[837.0],[837.0],[993.0],[180.0],[798.0],[101.0],[773.0],[886.0],[914.0],[721.0],[700.0],[448.0],[310.0],[694.0],[834.0],[469.0],[860.0],[333.0],[457.0],[253.0],[797.0],[520.0],[276.0],[914.0]
286,[17.0],[805.0],[804.0],[22.0],[446.0],[890.0],[101.0],[976.0],[537.0],[993.0],[101.0],[614.0],[800.0],[587.0],[385.0],[895.0],[662.0],[354.0],[215.0],[141.0],[724.0],[837.0],[322.0],[587.0],[419.0],[704.0],[333.0],[756.0],[576.0],[932.0],[658.0],[416.0],[217.0],[417.0],[180.0],[101.0],[741.0],[22.0],[148.0],[253.0],[531.0],[602.0],[318.0],[9.0],[126.0],[416.0],[725.0],[556.0],[921.0],[798.0],[752.0],[796.0],[771.0],[371.0],[706.0],[682.0],[700.0],[416.0],[141.0],[627.0],[962.0],[217.0],[706.0],[481.0],[704.0],[215.0],[547.0],[587.0],[416.0],[417.0],[797.0],[712.0],[741.0],[208.0],[955.0],[215.0],[201.0],[201.0],[15.0],[307.0],[974.0],[804.0],[800.0],[573.0],[610.0],[160.0],[469.0],[700.0],[129.0],[771.0],[193.0],[106.0],[705.0],[547.0],[419.0],[705.0],[895.0],[160.0],[526.0],[305.0]
287,[310.0],[416.0],[602.0],[828.0],[752.0],[918.0],[804.0],[805.0],[755.0],[381.0],[521.0],[524.0],[206.0],[500.0],[481.0],[704.0],[573.0],[97.0],[333.0],[253.0],[537.0],[201.0],[932.0],[421.0],[773.0],[333.0],[547.0],[698.0],[522.0],[915.0],[233.0],[141.0],[576.0],[443.0],[15.0],[804.0],[99.0],[828.0],[705.0],[860.0],[13.0],[682.0],[914.0],[576.0],[539.0],[871.0],[834.0],[126.0],[101.0],[702.0],[333.0],[557.0],[123.0],[488.0],[310.0],[760.0],[183.0],[490.0],[446.0],[771.0],[974.0],[15.0],[99.0],[837.0],[798.0],[120.0],[265.0],[771.0],[253.0],[443.0],[895.0],[157.0],[310.0],[240.0],[38.0],[712.0],[524.0],[524.0],[381.0],[101.0],[265.0],[424.0],[217.0],[195.0],[157.0],[13.0],[183.0],[183.0],[932.0],[38.0],[725.0],[531.0],[520.0],[871.0],[773.0],[456.0],[704.0],[721.0],[619.0],[975.0]
288,[322.0],[469.0],[682.0],[749.0],[148.0],[694.0],[208.0],[705.0],[469.0],[180.0],[208.0],[955.0],[37.0],[918.0],[837.0],[798.0],[828.0],[141.0],[740.0],[183.0],[72.0],[524.0],[915.0],[773.0],[217.0],[798.0],[871.0],[706.0],[371.0],[72.0],[943.0],[490.0],[522.0],[800.0],[307.0],[602.0],[165.0],[233.0],[476.0],[705.0],[448.0],[15.0],[157.0],[488.0],[193.0],[490.0],[526.0],[910.0],[804.0],[265.0],[796.0],[318.0],[37.0],[457.0],[322.0],[577.0],[697.0],[97.0],[148.0],[123.0],[976.0],[576.0],[233.0],[201.0],[141.0],[719.0],[871.0],[123.0],[860.0],[993.0],[871.0],[610.0],[322.0],[307.0],[500.0],[740.0],[367.0],[955.0],[180.0],[804.0],[97.0],[602.0],[576.0],[22.0],[557.0],[697.0],[468.0],[520.0],[915.0],[123.0],[910.0],[537.0],[697.0],[446.0],[800.0],[520.0],[798.0],[13.0],[821.0],[628.0]
289,[932.0],[17.0],[760.0],[658.0],[476.0],[627.0],[602.0],[416.0],[35.0],[307.0],[602.0],[500.0],[773.0],[627.0],[201.0],[871.0],[233.0],[446.0],[547.0],[860.0],[698.0],[890.0],[338.0],[461.0],[576.0],[265.0],[962.0],[537.0],[417.0],[338.0],[278.0],[253.0],[371.0],[993.0],[101.0],[682.0],[662.0],[195.0],[520.0],[416.0],[700.0],[228.0],[849.0],[522.0],[695.0],[962.0],[619.0],[193.0],[602.0],[120.0],[547.0],[914.0],[587.0],[417.0],[932.0],[886.0],[976.0],[456.0],[476.0],[421.0],[805.0],[228.0],[278.0],[524.0],[253.0],[135.0],[962.0],[419.0],[490.0],[488.0],[704.0],[557.0],[932.0],[656.0],[918.0],[362.0],[163.0],[367.0],[228.0],[602.0],[215.0],[521.0],[522.0],[658.0],[702.0],[448.0],[976.0],[160.0],[724.0],[419.0],[526.0],[755.0],[976.0],[962.0],[217.0],[354.0],[265.0],[697.0],[556.0],[430.0]
290,[106.0],[490.0],[240.0],[233.0],[333.0],[541.0],[682.0],[490.0],[721.0],[101.0],[760.0],[918.0],[587.0],[771.0],[524.0],[265.0],[943.0],[253.0],[871.0],[468.0],[755.0],[955.0],[469.0],[890.0],[522.0],[215.0],[704.0],[99.0],[421.0],[537.0],[741.0],[456.0],[417.0],[381.0],[804.0],[760.0],[310.0],[943.0],[160.0],[490.0],[104.0],[760.0],[1.0],[371.0],[486.0],[974.0],[790.0],[790.0],[682.0],[215.0],[318.0],[702.0],[421.0],[443.0],[99.0],[656.0],[805.0],[141.0],[797.0],[419.0],[97.0],[9.0],[741.0],[500.0],[265.0],[740.0],[215.0],[773.0],[705.0],[381.0],[798.0],[702.0],[915.0],[101.0],[627.0],[796.0],[955.0],[500.0],[307.0],[656.0],[141.0],[682.0],[371.0],[233.0],[849.0],[469.0],[805.0],[697.0],[338.0],[773.0],[619.0],[35.0],[805.0],[148.0],[576.0],[446.0],[215.0],[448.0],[834.0],[157.0]
291,[104.0],[106.0],[577.0],[424.0],[547.0],[38.0],[760.0],[456.0],[13.0],[656.0],[886.0],[627.0],[421.0],[461.0],[539.0],[962.0],[195.0],[148.0],[962.0],[976.0],[35.0],[500.0],[17.0],[217.0],[371.0],[547.0],[974.0],[165.0],[443.0],[755.0],[310.0],[860.0],[443.0],[180.0],[602.0],[577.0],[573.0],[278.0],[697.0],[456.0],[183.0],[577.0],[151.0],[457.0],[563.0],[456.0],[821.0],[725.0],[760.0],[740.0],[871.0],[157.0],[461.0],[993.0],[915.0],[22.0],[416.0],[354.0],[895.0],[461.0],[141.0],[522.0],[310.0],[33.0],[215.0],[752.0],[974.0],[217.0],[697.0],[180.0],[265.0],[120.0],[531.0],[804.0],[771.0],[318.0],[33.0],[918.0],[804.0],[682.0],[740.0],[760.0],[443.0],[835.0],[120.0],[700.0],[416.0],[469.0],[537.0],[217.0],[821.0],[104.0],[416.0],[974.0],[522.0],[148.0],[752.0],[469.0],[916.0],[1.0]
292,[915.0],[531.0],[656.0],[943.0],[797.0],[771.0],[240.0],[354.0],[448.0],[804.0],[22.0],[771.0],[217.0],[123.0],[955.0],[974.0],[278.0],[860.0],[974.0],[705.0],[721.0],[918.0],[537.0],[694.0],[417.0],[740.0],[798.0],[662.0],[993.0],[35.0],[322.0],[354.0],[993.0],[307.0],[682.0],[886.0],[195.0],[741.0],[469.0],[354.0],[129.0],[9.0],[712.0],[417.0],[725.0],[97.0],[916.0],[366.0],[577.0],[362.0],[157.0],[120.0],[419.0],[381.0],[165.0],[828.0],[456.0],[253.0],[704.0],[890.0],[416.0],[488.0],[165.0],[918.0],[860.0],[362.0],[141.0],[576.0],[469.0],[457.0],[962.0],[719.0],[338.0],[921.0],[123.0],[610.0],[500.0],[627.0],[602.0],[760.0],[253.0],[577.0],[993.0],[943.0],[719.0],[183.0],[490.0],[468.0],[755.0],[576.0],[916.0],[721.0],[490.0],[97.0],[417.0],[160.0],[740.0],[700.0],[481.0],[151.0]
293,[129.0],[104.0],[921.0],[278.0],[871.0],[123.0],[577.0],[520.0],[17.0],[602.0],[828.0],[385.0],[576.0],[419.0],[500.0],[97.0],[741.0],[705.0],[362.0],[520.0],[706.0],[627.0],[755.0],[576.0],[9.0],[362.0],[97.0],[573.0],[381.0],[721.0],[932.0],[446.0],[381.0],[101.0],[228.0],[22.0],[322.0],[310.0],[17.0],[446.0],[468.0],[22.0],[610.0],[206.0],[619.0],[141.0],[366.0],[526.0],[58.0],[796.0],[849.0],[849.0],[890.0],[180.0],[338.0],[921.0],[354.0],[446.0],[798.0],[773.0],[253.0],[457.0],[322.0],[627.0],[705.0],[796.0],[740.0],[522.0],[17.0],[307.0],[215.0],[742.0],[104.0],[602.0],[419.0],[914.0],[918.0],[771.0],[682.0],[577.0],[362.0],[240.0],[381.0],[749.0],[742.0],[468.0],[17.0],[17.0],[35.0],[367.0],[790.0],[129.0],[469.0],[141.0],[206.0],[476.0],[362.0],[17.0],[837.0],[849.0]
294,[724.0],[456.0],[886.0],[521.0],[895.0],[419.0],[886.0],[160.0],[700.0],[682.0],[658.0],[539.0],[522.0],[773.0],[918.0],[215.0],[835.0],[520.0],[796.0],[160.0],[99.0],[694.0],[35.0],[522.0],[443.0],[871.0],[265.0],[755.0],[307.0],[706.0],[915.0],[148.0],[180.0],[206.0],[760.0],[828.0],[932.0],[835.0],[106.0],[520.0],[976.0],[828.0],[557.0],[443.0],[821.0],[354.0],[967.0],[967.0],[358.0],[719.0],[59.0],[719.0],[773.0],[307.0],[662.0],[658.0],[446.0],[520.0],[265.0],[217.0],[456.0],[371.0],[662.0],[771.0],[740.0],[318.0],[253.0],[371.0],[456.0],[101.0],[974.0],[135.0],[129.0],[682.0],[773.0],[157.0],[144.0],[123.0],[760.0],[886.0],[796.0],[656.0],[206.0],[559.0],[59.0],[976.0],[106.0],[106.0],[756.0],[522.0],[366.0],[724.0],[17.0],[476.0],[443.0],[797.0],[333.0],[106.0],[201.0],[712.0]
295,[338.0],[354.0],[22.0],[208.0],[704.0],[773.0],[22.0],[446.0],[183.0],[760.0],[233.0],[123.0],[371.0],[217.0],[627.0],[740.0],[749.0],[160.0],[97.0],[805.0],[13.0],[541.0],[13.0],[371.0],[993.0],[796.0],[215.0],[195.0],[101.0],[13.0],[338.0],[476.0],[307.0],[37.0],[577.0],[233.0],[915.0],[322.0],[531.0],[148.0],[805.0],[233.0],[59.0],[993.0],[916.0],[446.0],[234.0],[234.0],[897.0],[742.0],[962.0],[59.0],[694.0],[800.0],[537.0],[233.0],[469.0],[160.0],[253.0],[694.0],[354.0],[417.0],[573.0],[123.0],[362.0],[914.0],[362.0],[417.0],[354.0],[804.0],[97.0],[849.0],[724.0],[58.0],[217.0],[849.0],[627.0],[33.0],[577.0],[22.0],[318.0],[886.0],[180.0],[278.0],[692.0],[17.0],[456.0],[531.0],[721.0],[371.0],[967.0],[13.0],[456.0],[797.0],[993.0],[895.0],[796.0],[183.0],[524.0],[59.0]
296,[756.0],[446.0],[828.0],[741.0],[962.0],[217.0],[658.0],[697.0],[468.0],[921.0],[943.0],[419.0],[443.0],[576.0],[771.0],[362.0],[310.0],[697.0],[318.0],[416.0],[165.0],[38.0],[448.0],[417.0],[381.0],[318.0],[141.0],[35.0],[461.0],[99.0],[537.0],[705.0],[587.0],[804.0],[886.0],[943.0],[338.0],[932.0],[104.0],[160.0],[416.0],[943.0],[702.0],[381.0],[481.0],[253.0],[481.0],[619.0],[886.0],[318.0],[974.0],[742.0],[217.0],[206.0],[755.0],[943.0],[148.0],[697.0],[740.0],[576.0],[446.0],[443.0],[932.0],[419.0],[796.0],[157.0],[860.0],[443.0],[446.0],[602.0],[141.0],[752.0],[755.0],[760.0],[367.0],[557.0],[771.0],[144.0],[886.0],[828.0],[157.0],[22.0],[307.0],[741.0],[135.0],[805.0],[354.0],[976.0],[13.0],[417.0],[481.0],[448.0],[354.0],[895.0],[381.0],[697.0],[318.0],[531.0],[955.0],[610.0]
297,[537.0],[148.0],[658.0],[310.0],[798.0],[367.0],[233.0],[469.0],[976.0],[577.0],[278.0],[695.0],[461.0],[890.0],[123.0],[141.0],[322.0],[469.0],[141.0],[490.0],[573.0],[771.0],[700.0],[541.0],[180.0],[962.0],[253.0],[721.0],[804.0],[165.0],[573.0],[797.0],[421.0],[602.0],[22.0],[228.0],[537.0],[915.0],[797.0],[697.0],[724.0],[278.0],[719.0],[180.0],[837.0],[860.0],[837.0],[821.0],[22.0],[135.0],[692.0],[135.0],[576.0],[101.0],[573.0],[278.0],[476.0],[148.0],[362.0],[522.0],[860.0],[993.0],[915.0],[773.0],[318.0],[333.0],[796.0],[421.0],[148.0],[682.0],[253.0],[59.0],[721.0],[577.0],[576.0],[59.0],[123.0],[614.0],[9.0],[658.0],[860.0],[828.0],[101.0],[310.0],[881.0],[416.0],[531.0],[805.0],[448.0],[993.0],[234.0],[700.0],[446.0],[704.0],[37.0],[469.0],[547.0],[468.0],[500.0],[557.0]
298,[755.0],[476.0],[233.0],[322.0],[265.0],[576.0],[943.0],[17.0],[416.0],[358.0],[741.0],[773.0],[993.0],[694.0],[695.0],[253.0],[932.0],[476.0],[860.0],[697.0],[448.0],[367.0],[106.0],[443.0],[307.0],[914.0],[740.0],[13.0],[602.0],[662.0],[755.0],[520.0],[101.0],[682.0],[9.0],[9.0],[755.0],[749.0],[895.0],[476.0],[490.0],[741.0],[742.0],[307.0],[276.0],[148.0],[201.0],[916.0],[15.0],[752.0],[97.0],[752.0],[522.0],[37.0],[721.0],[741.0],[895.0],[476.0],[705.0],[371.0],[148.0],[381.0],[338.0],[217.0],[520.0],[849.0],[705.0],[993.0],[106.0],[760.0],[860.0],[692.0],[13.0],[358.0],[522.0],[702.0],[419.0],[385.0],[457.0],[233.0],[705.0],[921.0],[804.0],[424.0],[3.0],[490.0],[446.0],[104.0],[700.0],[381.0],[837.0],[756.0],[531.0],[798.0],[587.0],[17.0],[914.0],[129.0],[918.0],[702.0]
299,[72.0],[895.0],[943.0],[240.0],[974.0],[163.0],[656.0],[148.0],[106.0],[886.0],[240.0],[217.0],[381.0],[522.0],[419.0],[796.0],[559.0],[17.0],[705.0],[469.0],[700.0],[123.0],[531.0],[993.0],[488.0],[974.0],[362.0],[448.0],[682.0],[448.0],[35.0],[160.0],[804.0],[587.0],[488.0],[488.0],[835.0],[338.0],[704.0],[469.0],[756.0],[488.0],[692.0],[37.0],[201.0],[476.0],[270.0],[161.0],[828.0],[333.0],[141.0],[692.0],[417.0],[804.0],[195.0],[310.0],[704.0],[469.0],[520.0],[417.0],[705.0],[800.0],[537.0],[144.0],[160.0],[59.0],[520.0],[381.0],[531.0],[577.0],[740.0],[881.0],[756.0],[886.0],[163.0],[692.0],[614.0],[419.0],[22.0],[943.0],[849.0],[658.0],[602.0],[322.0],[752.0],[456.0],[104.0],[416.0],[72.0],[180.0],[201.0],[183.0],[104.0],[253.0],[180.0],[704.0],[962.0],[976.0],[910.0],[692.0]
300,[698.0],[704.0],[58.0],[932.0],[215.0],[371.0],[278.0],[476.0],[531.0],[15.0],[310.0],[576.0],[890.0],[371.0],[773.0],[318.0],[338.0],[797.0],[520.0],[17.0],[183.0],[419.0],[104.0],[381.0],[101.0],[157.0],[796.0],[835.0],[890.0],[700.0],[195.0],[895.0],[602.0],[760.0],[828.0],[278.0],[749.0],[537.0],[798.0],[797.0],[72.0],[457.0],[881.0],[587.0],[524.0],[705.0],[524.0],[481.0],[233.0],[547.0],[881.0],[333.0],[443.0],[602.0],[835.0],[322.0],[798.0],[797.0],[160.0],[443.0],[476.0],[206.0],[755.0],[576.0],[914.0],[692.0],[160.0],[180.0],[476.0],[886.0],[705.0],[333.0],[448.0],[22.0],[371.0],[120.0],[385.0],[773.0],[800.0],[278.0],[59.0],[233.0],[682.0],[932.0],[333.0],[354.0],[724.0],[354.0],[183.0],[307.0],[955.0],[72.0],[148.0],[265.0],[307.0],[798.0],[974.0],[416.0],[627.0],[120.0]
301,[35.0],[129.0],[358.0],[656.0],[740.0],[33.0],[741.0],[797.0],[104.0],[22.0],[656.0],[522.0],[180.0],[417.0],[217.0],[914.0],[537.0],[895.0],[160.0],[106.0],[468.0],[773.0],[183.0],[180.0],[804.0],[849.0],[318.0],[700.0],[760.0],[573.0],[721.0],[697.0],[461.0],[577.0],[658.0],[741.0],[35.0],[755.0],[265.0],[895.0],[456.0],[800.0],[135.0],[804.0],[955.0],[797.0],[955.0],[270.0],[943.0],[871.0],[860.0],[547.0],[993.0],[682.0],[749.0],[58.0],[265.0],[17.0],[796.0],[993.0],[520.0],[37.0],[35.0],[522.0],[157.0],[547.0],[697.0],[307.0],[797.0],[22.0],[362.0],[547.0],[700.0],[828.0],[417.0],[881.0],[539.0],[217.0],[206.0],[741.0],[692.0],[943.0],[760.0],[521.0],[938.0],[106.0],[148.0],[446.0],[468.0],[101.0],[500.0],[468.0],[476.0],[860.0],[101.0],[265.0],[157.0],[490.0],[790.0],[719.0]
302,[99.0],[724.0],[278.0],[915.0],[97.0],[417.0],[310.0],[895.0],[490.0],[828.0],[322.0],[486.0],[307.0],[541.0],[576.0],[860.0],[755.0],[704.0],[697.0],[531.0],[976.0],[33.0],[468.0],[38.0],[457.0],[59.0],[914.0],[183.0],[577.0],[183.0],[749.0],[704.0],[682.0],[421.0],[233.0],[310.0],[559.0],[35.0],[215.0],[704.0],[354.0],[206.0],[752.0],[602.0],[556.0],[520.0],[500.0],[837.0],[278.0],[962.0],[3.0],[881.0],[381.0],[760.0],[559.0],[932.0],[215.0],[895.0],[697.0],[381.0],[160.0],[587.0],[721.0],[539.0],[697.0],[881.0],[318.0],[101.0],[895.0],[800.0],[796.0],[3.0],[183.0],[658.0],[33.0],[719.0],[773.0],[576.0],[37.0],[921.0],[520.0],[278.0],[577.0],[240.0],[547.0],[446.0],[756.0],[148.0],[698.0],[163.0],[918.0],[976.0],[129.0],[215.0],[421.0],[106.0],[97.0],[456.0],[771.0],[881.0]
303,[721.0],[756.0],[741.0],[338.0],[362.0],[443.0],[322.0],[704.0],[129.0],[658.0],[932.0],[371.0],[694.0],[38.0],[522.0],[157.0],[424.0],[106.0],[469.0],[456.0],[195.0],[217.0],[976.0],[307.0],[800.0],[692.0],[157.0],[559.0],[694.0],[195.0],[13.0],[798.0],[890.0],[886.0],[943.0],[457.0],[424.0],[721.0],[129.0],[798.0],[446.0],[37.0],[333.0],[682.0],[500.0],[895.0],[502.0],[201.0],[228.0],[974.0],[495.0],[3.0],[180.0],[577.0],[521.0],[915.0],[740.0],[106.0],[318.0],[180.0],[697.0],[180.0],[13.0],[695.0],[469.0],[871.0],[469.0],[804.0],[104.0],[828.0],[318.0],[871.0],[468.0],[233.0],[443.0],[3.0],[217.0],[522.0],[828.0],[310.0],[160.0],[58.0],[37.0],[915.0],[871.0],[148.0],[72.0],[476.0],[706.0],[804.0],[627.0],[698.0],[797.0],[705.0],[804.0],[531.0],[141.0],[724.0],[366.0],[3.0]
304,[165.0],[798.0],[310.0],[35.0],[141.0],[144.0],[921.0],[798.0],[456.0],[233.0],[915.0],[417.0],[541.0],[367.0],[486.0],[849.0],[35.0],[531.0],[914.0],[354.0],[835.0],[576.0],[129.0],[101.0],[206.0],[881.0],[860.0],[976.0],[886.0],[835.0],[448.0],[469.0],[694.0],[22.0],[741.0],[800.0],[521.0],[13.0],[756.0],[265.0],[148.0],[587.0],[547.0],[760.0],[834.0],[160.0],[918.0],[524.0],[9.0],[97.0],[166.0],[871.0],[307.0],[886.0],[13.0],[338.0],[362.0],[704.0],[469.0],[307.0],[797.0],[307.0],[448.0],[486.0],[17.0],[3.0],[914.0],[461.0],[704.0],[658.0],[914.0],[962.0],[72.0],[943.0],[993.0],[938.0],[576.0],[371.0],[658.0],[58.0],[697.0],[358.0],[886.0],[656.0],[962.0],[104.0],[476.0],[129.0],[99.0],[33.0],[771.0],[706.0],[724.0],[740.0],[602.0],[129.0],[253.0],[756.0],[123.0],[938.0]
305,[13.0],[265.0],[322.0],[721.0],[796.0],[993.0],[932.0],[106.0],[354.0],[943.0],[338.0],[443.0],[38.0],[163.0],[563.0],[59.0],[721.0],[104.0],[17.0],[104.0],[805.0],[522.0],[805.0],[367.0],[602.0],[97.0],[705.0],[805.0],[22.0],[468.0],[700.0],[265.0],[760.0],[828.0],[310.0],[322.0],[721.0],[559.0],[72.0],[215.0],[476.0],[310.0],[871.0],[421.0],[918.0],[697.0],[627.0],[502.0],[741.0],[914.0],[705.0],[938.0],[541.0],[22.0],[448.0],[537.0],[796.0],[798.0],[17.0],[541.0],[895.0],[101.0],[700.0],[563.0],[106.0],[938.0],[17.0],[602.0],[798.0],[233.0],[157.0],[938.0],[976.0],[278.0],[381.0],[495.0],[522.0],[417.0],[233.0],[322.0],[881.0],[15.0],[587.0],[338.0],[495.0],[476.0],[797.0],[797.0],[165.0],[602.0],[123.0],[99.0],[756.0],[520.0],[682.0],[215.0],[860.0],[354.0],[419.0],[495.0]
306,[662.0],[72.0],[932.0],[921.0],[253.0],[381.0],[915.0],[265.0],[724.0],[278.0],[921.0],[993.0],[101.0],[443.0],[276.0],[692.0],[521.0],[129.0],[106.0],[446.0],[749.0],[371.0],[724.0],[804.0],[682.0],[141.0],[520.0],[416.0],[828.0],[749.0],[183.0],[17.0],[886.0],[658.0],[322.0],[206.0],[13.0],[521.0],[362.0],[17.0],[698.0],[421.0],[3.0],[577.0],[910.0],[704.0],[771.0],[955.0],[310.0],[157.0],[520.0],[962.0],[101.0],[828.0],[208.0],[755.0],[318.0],[265.0],[914.0],[101.0],[704.0],[421.0],[195.0],[371.0],[531.0],[495.0],[106.0],[682.0],[265.0],[206.0],[849.0],[974.0],[805.0],[741.0],[180.0],[742.0],[371.0],[539.0],[943.0],[358.0],[3.0],[228.0],[22.0],[537.0],[974.0],[129.0],[698.0],[895.0],[976.0],[144.0],[419.0],[805.0],[72.0],[362.0],[461.0],[740.0],[849.0],[446.0],[773.0],[742.0]
307,[448.0],[215.0],[915.0],[58.0],[318.0],[180.0],[58.0],[215.0],[446.0],[741.0],[537.0],[381.0],[804.0],[993.0],[371.0],[705.0],[13.0],[798.0],[531.0],[129.0],[559.0],[144.0],[756.0],[602.0],[760.0],[3.0],[160.0],[456.0],[658.0],[976.0],[559.0],[215.0],[22.0],[233.0],[932.0],[932.0],[208.0],[208.0],[698.0],[106.0],[706.0],[322.0],[938.0],[461.0],[627.0],[469.0],[123.0],[672.0],[322.0],[849.0],[160.0],[974.0],[804.0],[658.0],[700.0],[358.0],[914.0],[215.0],[106.0],[804.0],[469.0],[461.0],[835.0],[417.0],[849.0],[962.0],[531.0],[760.0],[129.0],[943.0],[520.0],[495.0],[698.0],[310.0],[307.0],[166.0],[417.0],[443.0],[278.0],[932.0],[469.0],[9.0],[828.0],[921.0],[97.0],[724.0],[706.0],[704.0],[805.0],[682.0],[773.0],[416.0],[698.0],[160.0],[760.0],[362.0],[705.0],[148.0],[217.0],[166.0]
308,[700.0],[698.0],[338.0],[13.0],[860.0],[307.0],[358.0],[740.0],[148.0],[228.0],[58.0],[180.0],[367.0],[381.0],[993.0],[520.0],[448.0],[724.0],[157.0],[148.0],[424.0],[417.0],[72.0],[163.0],[577.0],[253.0],[59.0],[354.0],[541.0],[805.0],[424.0],[740.0],[828.0],[943.0],[915.0],[915.0],[240.0],[448.0],[706.0],[740.0],[797.0],[932.0],[962.0],[890.0],[771.0],[17.0],[419.0],[500.0],[932.0],[59.0],[697.0],[97.0],[602.0],[233.0],[183.0],[897.0],[157.0],[740.0],[157.0],[602.0],[17.0],[890.0],[559.0],[443.0],[59.0],[974.0],[104.0],[694.0],[215.0],[587.0],[59.0],[97.0],[706.0],[322.0],[101.0],[135.0],[443.0],[993.0],[741.0],[897.0],[17.0],[741.0],[658.0],[58.0],[141.0],[797.0],[99.0],[724.0],[416.0],[760.0],[217.0],[354.0],[895.0],[697.0],[577.0],[724.0],[520.0],[72.0],[967.0],[752.0]
309,[573.0],[706.0],[755.0],[700.0],[914.0],[101.0],[338.0],[362.0],[476.0],[9.0],[358.0],[307.0],[602.0],[180.0],[381.0],[881.0],[700.0],[265.0],[849.0],[724.0],[521.0],[443.0],[698.0],[682.0],[37.0],[860.0],[697.0],[446.0],[233.0],[416.0],[468.0],[106.0],[541.0],[278.0],[338.0],[537.0],[448.0],[700.0],[796.0],[362.0],[99.0],[461.0],[974.0],[886.0],[790.0],[798.0],[773.0],[918.0],[488.0],[692.0],[745.0],[141.0],[38.0],[943.0],[468.0],[35.0],[17.0],[362.0],[531.0],[38.0],[798.0],[804.0],[424.0],[993.0],[692.0],[97.0],[157.0],[577.0],[740.0],[278.0],[692.0],[141.0],[416.0],[932.0],[614.0],[745.0],[993.0],[695.0],[310.0],[915.0],[106.0],[310.0],[421.0],[358.0],[253.0],[895.0],[165.0],[756.0],[490.0],[577.0],[576.0],[446.0],[704.0],[469.0],[886.0],[796.0],[160.0],[698.0],[234.0],[333.0]
310,[195.0],[99.0],[35.0],[183.0],[157.0],[804.0],[897.0],[531.0],[797.0],[488.0],[755.0],[101.0],[682.0],[33.0],[180.0],[160.0],[208.0],[756.0],[59.0],[756.0],[208.0],[993.0],[706.0],[760.0],[587.0],[705.0],[469.0],[424.0],[38.0],[559.0],[521.0],[531.0],[658.0],[741.0],[457.0],[755.0],[700.0],[183.0],[99.0],[104.0],[895.0],[890.0],[495.0],[694.0],[123.0],[531.0],[217.0],[954.0],[537.0],[141.0],[434.0],[495.0],[682.0],[278.0],[240.0],[15.0],[104.0],[796.0],[104.0],[682.0],[106.0],[602.0],[183.0],[556.0],[104.0],[141.0],[129.0],[886.0],[724.0],[741.0],[160.0],[166.0],[99.0],[915.0],[804.0],[434.0],[381.0],[563.0],[322.0],[15.0],[938.0],[488.0],[461.0],[755.0],[166.0],[704.0],[662.0],[698.0],[456.0],[614.0],[522.0],[148.0],[798.0],[796.0],[890.0],[318.0],[697.0],[476.0],[576.0],[745.0]
311,[183.0],[740.0],[721.0],[468.0],[705.0],[614.0],[15.0],[796.0],[895.0],[457.0],[897.0],[804.0],[760.0],[144.0],[307.0],[3.0],[183.0],[215.0],[692.0],[476.0],[490.0],[381.0],[99.0],[577.0],[421.0],[520.0],[17.0],[521.0],[943.0],[424.0],[208.0],[104.0],[233.0],[310.0],[537.0],[35.0],[656.0],[468.0],[318.0],[129.0],[165.0],[915.0],[282.0],[22.0],[419.0],[265.0],[672.0],[627.0],[755.0],[253.0],[282.0],[860.0],[760.0],[741.0],[976.0],[228.0],[849.0],[104.0],[849.0],[760.0],[531.0],[682.0],[468.0],[381.0],[129.0],[166.0],[724.0],[22.0],[756.0],[310.0],[697.0],[860.0],[490.0],[338.0],[602.0],[282.0],[695.0],[381.0],[932.0],[228.0],[495.0],[322.0],[233.0],[35.0],[860.0],[798.0],[573.0],[706.0],[446.0],[886.0],[161.0],[476.0],[706.0],[318.0],[22.0],[756.0],[469.0],[797.0],[522.0],[282.0]
312,[468.0],[165.0],[897.0],[976.0],[849.0],[602.0],[755.0],[104.0],[756.0],[800.0],[15.0],[563.0],[577.0],[307.0],[101.0],[938.0],[240.0],[72.0],[104.0],[797.0],[456.0],[614.0],[416.0],[886.0],[461.0],[938.0],[692.0],[148.0],[278.0],[490.0],[240.0],[362.0],[943.0],[322.0],[800.0],[37.0],[183.0],[976.0],[165.0],[724.0],[662.0],[338.0],[968.0],[828.0],[366.0],[104.0],[576.0],[771.0],[35.0],[860.0],[968.0],[705.0],[577.0],[310.0],[805.0],[9.0],[59.0],[318.0],[59.0],[367.0],[104.0],[760.0],[521.0],[180.0],[724.0],[745.0],[756.0],[828.0],[72.0],[322.0],[881.0],[705.0],[456.0],[897.0],[682.0],[968.0],[486.0],[180.0],[915.0],[338.0],[166.0],[932.0],[890.0],[721.0],[705.0],[756.0],[195.0],[99.0],[148.0],[22.0],[371.0],[797.0],[265.0],[914.0],[828.0],[914.0],[59.0],[895.0],[371.0],[547.0]
313,[976.0],[362.0],[13.0],[805.0],[59.0],[682.0],[721.0],[129.0],[72.0],[206.0],[35.0],[276.0],[163.0],[614.0],[804.0],[495.0],[656.0],[740.0],[129.0],[72.0],[354.0],[180.0],[165.0],[22.0],[890.0],[160.0],[881.0],[476.0],[741.0],[456.0],[656.0],[796.0],[278.0],[461.0],[755.0],[721.0],[921.0],[240.0],[914.0],[796.0],[573.0],[537.0],[97.0],[658.0],[773.0],[129.0],[522.0],[123.0],[721.0],[705.0],[210.0],[166.0],[886.0],[322.0],[416.0],[721.0],[129.0],[129.0],[129.0],[577.0],[265.0],[694.0],[976.0],[834.0],[756.0],[253.0],[72.0],[541.0],[362.0],[421.0],[3.0],[520.0],[354.0],[537.0],[760.0],[752.0],[563.0],[307.0],[338.0],[537.0],[745.0],[457.0],[943.0],[13.0],[520.0],[265.0],[895.0],[798.0],[662.0],[658.0],[270.0],[895.0],[215.0],[157.0],[658.0],[72.0],[692.0],[704.0],[161.0],[871.0]
314,[805.0],[796.0],[15.0],[358.0],[520.0],[760.0],[228.0],[724.0],[698.0],[37.0],[721.0],[602.0],[886.0],[385.0],[556.0],[166.0],[921.0],[362.0],[724.0],[698.0],[240.0],[385.0],[490.0],[33.0],[886.0],[697.0],[3.0],[797.0],[310.0],[354.0],[976.0],[129.0],[741.0],[932.0],[35.0],[13.0],[976.0],[656.0],[157.0],[756.0],[195.0],[694.0],[210.0],[233.0],[967.0],[724.0],[371.0],[419.0],[13.0],[520.0],[852.0],[745.0],[22.0],[932.0],[490.0],[488.0],[724.0],[914.0],[724.0],[886.0],[129.0],[577.0],[490.0],[307.0],[72.0],[860.0],[698.0],[38.0],[698.0],[932.0],[938.0],[745.0],[446.0],[755.0],[577.0],[333.0],[276.0],[101.0],[587.0],[35.0],[434.0],[915.0],[741.0],[448.0],[160.0],[215.0],[835.0],[165.0],[797.0],[385.0],[417.0],[165.0],[740.0],[106.0],[233.0],[698.0],[17.0],[798.0],[417.0],[974.0]
315,[416.0],[662.0],[228.0],[897.0],[160.0],[577.0],[13.0],[318.0],[704.0],[310.0],[228.0],[682.0],[22.0],[101.0],[602.0],[745.0],[468.0],[796.0],[881.0],[895.0],[446.0],[307.0],[662.0],[828.0],[22.0],[469.0],[106.0],[208.0],[367.0],[446.0],[805.0],[318.0],[322.0],[915.0],[206.0],[587.0],[805.0],[921.0],[662.0],[318.0],[704.0],[755.0],[141.0],[367.0],[217.0],[72.0],[417.0],[773.0],[457.0],[881.0],[17.0],[434.0],[828.0],[915.0],[456.0],[457.0],[756.0],[724.0],[756.0],[22.0],[724.0],[886.0],[208.0],[101.0],[698.0],[705.0],[706.0],[658.0],[796.0],[915.0],[495.0],[160.0],[148.0],[35.0],[886.0],[547.0],[180.0],[556.0],[537.0],[9.0],[531.0],[537.0],[310.0],[897.0],[697.0],[740.0],[749.0],[265.0],[573.0],[539.0],[502.0],[704.0],[99.0],[531.0],[694.0],[706.0],[106.0],[706.0],[270.0],[97.0]
316,[490.0],[318.0],[9.0],[416.0],[697.0],[886.0],[448.0],[756.0],[798.0],[932.0],[13.0],[760.0],[33.0],[804.0],[682.0],[697.0],[58.0],[698.0],[756.0],[704.0],[656.0],[804.0],[456.0],[658.0],[694.0],[17.0],[531.0],[895.0],[163.0],[148.0],[921.0],[724.0],[932.0],[338.0],[721.0],[448.0],[58.0],[58.0],[849.0],[72.0],[798.0],[35.0],[253.0],[943.0],[234.0],[698.0],[993.0],[848.0],[448.0],[3.0],[106.0],[282.0],[658.0],[587.0],[656.0],[800.0],[692.0],[157.0],[72.0],[828.0],[756.0],[22.0],[240.0],[804.0],[881.0],[520.0],[99.0],[233.0],[706.0],[461.0],[166.0],[434.0],[476.0],[15.0],[22.0],[871.0],[307.0],[804.0],[755.0],[488.0],[282.0],[800.0],[694.0],[700.0],[469.0],[72.0],[559.0],[662.0],[195.0],[233.0],[443.0],[798.0],[362.0],[104.0],[943.0],[99.0],[881.0],[99.0],[443.0],[141.0]
317,[456.0],[573.0],[448.0],[490.0],[469.0],[22.0],[700.0],[72.0],[706.0],[915.0],[448.0],[577.0],[828.0],[602.0],[760.0],[469.0],[976.0],[318.0],[72.0],[706.0],[148.0],[602.0],[195.0],[233.0],[828.0],[106.0],[104.0],[704.0],[322.0],[476.0],[58.0],[914.0],[915.0],[890.0],[13.0],[700.0],[358.0],[358.0],[59.0],[914.0],[265.0],[721.0],[860.0],[278.0],[576.0],[706.0],[381.0],[217.0],[800.0],[160.0],[564.0],[520.0],[233.0],[338.0],[921.0],[206.0],[72.0],[756.0],[698.0],[658.0],[72.0],[828.0],[354.0],[602.0],[3.0],[434.0],[165.0],[943.0],[99.0],[890.0],[469.0],[697.0],[165.0],[228.0],[828.0],[962.0],[101.0],[602.0],[35.0],[721.0],[104.0],[755.0],[322.0],[183.0],[17.0],[362.0],[424.0],[573.0],[835.0],[943.0],[672.0],[265.0],[796.0],[129.0],[278.0],[165.0],[531.0],[165.0],[502.0],[253.0]
318,[835.0],[195.0],[700.0],[456.0],[17.0],[828.0],[488.0],[698.0],[265.0],[338.0],[700.0],[886.0],[658.0],[682.0],[577.0],[282.0],[897.0],[706.0],[3.0],[798.0],[921.0],[682.0],[354.0],[943.0],[658.0],[495.0],[938.0],[798.0],[932.0],[797.0],[416.0],[756.0],[338.0],[537.0],[448.0],[183.0],[416.0],[805.0],[692.0],[698.0],[215.0],[541.0],[852.0],[741.0],[522.0],[215.0],[180.0],[576.0],[700.0],[697.0],[518.0],[968.0],[367.0],[421.0],[354.0],[13.0],[881.0],[849.0],[692.0],[233.0],[698.0],[658.0],[656.0],[682.0],[706.0],[968.0],[662.0],[278.0],[318.0],[338.0],[17.0],[469.0],[704.0],[9.0],[658.0],[974.0],[804.0],[682.0],[721.0],[13.0],[129.0],[35.0],[932.0],[15.0],[745.0],[698.0],[521.0],[195.0],[749.0],[278.0],[993.0],[662.0],[914.0],[849.0],[741.0],[662.0],[104.0],[662.0],[672.0],[968.0]
319,[354.0],[835.0],[468.0],[354.0],[106.0],[658.0],[183.0],[706.0],[215.0],[537.0],[9.0],[22.0],[144.0],[760.0],[886.0],[968.0],[805.0],[914.0],[938.0],[99.0],[476.0],[539.0],[446.0],[278.0],[233.0],[166.0],[495.0],[240.0],[915.0],[895.0],[490.0],[157.0],[38.0],[755.0],[700.0],[421.0],[490.0],[416.0],[881.0],[157.0],[740.0],[38.0],[705.0],[932.0],[417.0],[99.0],[954.0],[522.0],[183.0],[469.0],[783.0],[852.0],[943.0],[461.0],[446.0],[448.0],[3.0],[59.0],[881.0],[163.0],[215.0],[233.0],[446.0],[910.0],[99.0],[160.0],[849.0],[741.0],[165.0],[537.0],[745.0],[17.0],[798.0],[721.0],[233.0],[141.0],[602.0],[760.0],[13.0],[448.0],[724.0],[721.0],[915.0],[468.0],[434.0],[796.0],[704.0],[215.0],[895.0],[486.0],[381.0],[740.0],[165.0],[59.0],[310.0],[573.0],[3.0],[265.0],[993.0],[210.0]
320,[446.0],[914.0],[976.0],[15.0],[531.0],[943.0],[468.0],[914.0],[740.0],[755.0],[183.0],[828.0],[614.0],[577.0],[22.0],[210.0],[15.0],[99.0],[698.0],[265.0],[797.0],[760.0],[148.0],[741.0],[541.0],[745.0],[166.0],[656.0],[338.0],[704.0],[456.0],[72.0],[367.0],[721.0],[183.0],[468.0],[354.0],[897.0],[3.0],[849.0],[835.0],[367.0],[564.0],[915.0],[993.0],[165.0],[307.0],[371.0],[468.0],[938.0],[531.0],[160.0],[278.0],[755.0],[148.0],[700.0],[166.0],[72.0],[706.0],[943.0],[362.0],[943.0],[148.0],[760.0],[938.0],[210.0],[573.0],[310.0],[914.0],[694.0],[434.0],[531.0],[740.0],[13.0],[943.0],[253.0],[682.0],[577.0],[421.0],[700.0],[968.0],[13.0],[541.0],[976.0],[106.0],[706.0],[208.0],[835.0],[704.0],[563.0],[180.0],[573.0],[157.0],[724.0],[322.0],[157.0],[938.0],[215.0],[381.0],[860.0]
321,[148.0],[749.0],[488.0],[446.0],[692.0],[385.0],[457.0],[157.0],[99.0],[35.0],[468.0],[658.0],[233.0],[539.0],[834.0],[852.0],[228.0],[165.0],[706.0],[215.0],[895.0],[577.0],[476.0],[144.0],[943.0],[531.0],[129.0],[265.0],[537.0],[798.0],[358.0],[698.0],[537.0],[694.0],[37.0],[976.0],[897.0],[490.0],[938.0],[59.0],[362.0],[163.0],[518.0],[33.0],[307.0],[740.0],[101.0],[417.0],[206.0],[17.0],[10.0],[697.0],[741.0],[35.0],[476.0],[183.0],[745.0],[692.0],[99.0],[278.0],[796.0],[541.0],[476.0],[577.0],[165.0],[697.0],[195.0],[367.0],[157.0],[755.0],[282.0],[104.0],[573.0],[448.0],[385.0],[210.0],[577.0],[886.0],[461.0],[183.0],[210.0],[448.0],[338.0],[805.0],[282.0],[99.0],[798.0],[740.0],[798.0],[741.0],[307.0],[362.0],[662.0],[756.0],[932.0],[195.0],[495.0],[573.0],[180.0],[705.0]
322,[476.0],[559.0],[805.0],[148.0],[881.0],[695.0],[976.0],[849.0],[165.0],[721.0],[976.0],[556.0],[385.0],[886.0],[828.0],[17.0],[9.0],[662.0],[99.0],[740.0],[58.0],[886.0],[749.0],[310.0],[278.0],[434.0],[724.0],[921.0],[33.0],[521.0],[354.0],[706.0],[163.0],[13.0],[587.0],[805.0],[446.0],[15.0],[573.0],[706.0],[796.0],[33.0],[520.0],[338.0],[161.0],[662.0],[804.0],[443.0],[976.0],[106.0],[104.0],[469.0],[163.0],[721.0],[797.0],[468.0],[698.0],[881.0],[165.0],[741.0],[318.0],[278.0],[797.0],[886.0],[662.0],[852.0],[59.0],[322.0],[662.0],[35.0],[106.0],[129.0],[362.0],[700.0],[278.0],[860.0],[886.0],[22.0],[448.0],[457.0],[756.0],[206.0],[537.0],[228.0],[968.0],[318.0],[240.0],[362.0],[265.0],[310.0],[954.0],[195.0],[573.0],[692.0],[915.0],[849.0],[166.0],[740.0],[307.0],[520.0]
323,[797.0],[157.0],[416.0],[476.0],[129.0],[278.0],[805.0],[59.0],[362.0],[587.0],[488.0],[233.0],[539.0],[22.0],[658.0],[106.0],[416.0],[157.0],[165.0],[362.0],[704.0],[22.0],[797.0],[932.0],[741.0],[282.0],[745.0],[740.0],[755.0],[208.0],[446.0],[99.0],[755.0],[448.0],[468.0],[461.0],[15.0],[228.0],[495.0],[99.0],[914.0],[144.0],[160.0],[537.0],[804.0],[362.0],[848.0],[399.0],[37.0],[495.0],[129.0],[17.0],[310.0],[13.0],[895.0],[976.0],[434.0],[706.0],[662.0],[310.0],[706.0],[38.0],[895.0],[22.0],[495.0],[17.0],[692.0],[33.0],[849.0],[721.0],[968.0],[282.0],[195.0],[183.0],[741.0],[520.0],[22.0],[834.0],[890.0],[468.0],[852.0],[700.0],[38.0],[416.0],[210.0],[914.0],[265.0],[796.0],[559.0],[322.0],[101.0],[796.0],[195.0],[698.0],[338.0],[835.0],[129.0],[362.0],[954.0],[852.0]
324,[749.0],[849.0],[490.0],[895.0],[3.0],[486.0],[416.0],[165.0],[662.0],[13.0],[457.0],[943.0],[943.0],[828.0],[910.0],[531.0],[488.0],[573.0],[662.0],[796.0],[798.0],[695.0],[559.0],[614.0],[38.0],[104.0],[434.0],[362.0],[144.0],[240.0],[476.0],[165.0],[33.0],[700.0],[976.0],[541.0],[148.0],[456.0],[195.0],[692.0],[157.0],[13.0],[697.0],[755.0],[602.0],[796.0],[602.0],[332.0],[587.0],[166.0],[18.0],[564.0],[322.0],[890.0],[704.0],[37.0],[706.0],[99.0],[573.0],[33.0],[914.0],[367.0],[921.0],[828.0],[166.0],[564.0],[835.0],[932.0],[59.0],[541.0],[210.0],[968.0],[796.0],[488.0],[695.0],[852.0],[828.0],[828.0],[700.0],[976.0],[698.0],[37.0],[367.0],[490.0],[531.0],[157.0],[656.0],[318.0],[424.0],[276.0],[804.0],[318.0],[835.0],[881.0],[541.0],[59.0],[745.0],[195.0],[101.0],[160.0]
325,[559.0],[424.0],[456.0],[228.0],[938.0],[741.0],[490.0],[573.0],[796.0],[448.0],[800.0],[278.0],[278.0],[658.0],[233.0],[104.0],[457.0],[195.0],[573.0],[165.0],[358.0],[828.0],[424.0],[915.0],[322.0],[129.0],[282.0],[796.0],[35.0],[265.0],[897.0],[849.0],[721.0],[541.0],[805.0],[416.0],[228.0],[354.0],[166.0],[165.0],[749.0],[448.0],[501.0],[35.0],[270.0],[573.0],[682.0],[993.0],[421.0],[531.0],[724.0],[106.0],[932.0],[700.0],[798.0],[805.0],[282.0],[3.0],[3.0],[144.0],[99.0],[163.0],[704.0],[658.0],[745.0],[106.0],[881.0],[915.0],[573.0],[13.0],[531.0],[210.0],[835.0],[468.0],[310.0],[564.0],[658.0],[658.0],[183.0],[800.0],[706.0],[468.0],[755.0],[9.0],[852.0],[165.0],[215.0],[749.0],[215.0],[932.0],[848.0],[914.0],[749.0],[706.0],[537.0],[692.0],[434.0],[796.0],[804.0],[697.0]
326,[424.0],[521.0],[354.0],[488.0],[495.0],[310.0],[456.0],[835.0],[318.0],[700.0],[805.0],[910.0],[695.0],[233.0],[943.0],[564.0],[800.0],[835.0],[495.0],[662.0],[897.0],[486.0],[521.0],[385.0],[932.0],[968.0],[968.0],[58.0],[721.0],[215.0],[797.0],[662.0],[13.0],[183.0],[416.0],[490.0],[476.0],[9.0],[745.0],[662.0],[559.0],[614.0],[783.0],[721.0],[682.0],[318.0],[577.0],[381.0],[461.0],[104.0],[756.0],[518.0],[915.0],[694.0],[265.0],[416.0],[99.0],[662.0],[938.0],[322.0],[157.0],[33.0],[798.0],[233.0],[434.0],[518.0],[749.0],[338.0],[195.0],[448.0],[852.0],[724.0],[318.0],[976.0],[486.0],[160.0],[233.0],[233.0],[694.0],[206.0],[564.0],[976.0],[35.0],[488.0],[104.0],[662.0],[921.0],[559.0],[740.0],[915.0],[602.0],[835.0],[424.0],[99.0],[35.0],[749.0],[282.0],[835.0],[602.0],[564.0]
327,[521.0],[59.0],[457.0],[704.0],[166.0],[563.0],[354.0],[749.0],[573.0],[468.0],[206.0],[741.0],[486.0],[695.0],[790.0],[518.0],[490.0],[749.0],[166.0],[318.0],[265.0],[658.0],[208.0],[338.0],[367.0],[724.0],[210.0],[358.0],[614.0],[656.0],[15.0],[573.0],[144.0],[38.0],[490.0],[38.0],[797.0],[488.0],[835.0],[573.0],[424.0],[385.0],[941.0],[13.0],[760.0],[914.0],[886.0],[180.0],[694.0],[129.0],[72.0],[531.0],[338.0],[183.0],[362.0],[587.0],[968.0],[938.0],[495.0],[932.0],[59.0],[741.0],[265.0],[943.0],[282.0],[501.0],[559.0],[537.0],[3.0],[700.0],[564.0],[756.0],[914.0],[805.0],[322.0],[469.0],[943.0],[790.0],[541.0],[805.0],[518.0],[805.0],[721.0],[456.0],[564.0],[849.0],[58.0],[914.0],[521.0],[556.0],[682.0],[157.0],[521.0],[3.0],[721.0],[881.0],[724.0],[318.0],[682.0],[469.0]
328,[895.0],[208.0],[446.0],[798.0],[745.0],[322.0],[446.0],[692.0],[835.0],[421.0],[416.0],[310.0],[741.0],[943.0],[366.0],[129.0],[456.0],[849.0],[745.0],[573.0],[215.0],[233.0],[895.0],[539.0],[163.0],[756.0],[852.0],[318.0],[13.0],[921.0],[228.0],[59.0],[448.0],[468.0],[456.0],[456.0],[895.0],[446.0],[434.0],[881.0],[521.0],[539.0],[469.0],[448.0],[577.0],[195.0],[399.0],[307.0],[541.0],[745.0],[46.0],[501.0],[537.0],[541.0],[796.0],[490.0],[210.0],[573.0],[166.0],[614.0],[692.0],[310.0],[215.0],[278.0],[573.0],[783.0],[3.0],[755.0],[938.0],[183.0],[518.0],[852.0],[749.0],[416.0],[932.0],[518.0],[278.0],[943.0],[38.0],[37.0],[783.0],[416.0],[13.0],[354.0],[518.0],[573.0],[740.0],[157.0],[362.0],[834.0],[760.0],[849.0],[208.0],[165.0],[448.0],[559.0],[756.0],[749.0],[760.0],[17.0]
329,[704.0],[656.0],[148.0],[457.0],[724.0],[276.0],[800.0],[559.0],[914.0],[976.0],[37.0],[322.0],[310.0],[486.0],[741.0],[724.0],[206.0],[559.0],[434.0],[195.0],[740.0],[563.0],[240.0],[695.0],[33.0],[210.0],[756.0],[897.0],[448.0],[740.0],[9.0],[195.0],[700.0],[976.0],[421.0],[367.0],[704.0],[148.0],[749.0],[3.0],[849.0],[700.0],[17.0],[144.0],[886.0],[835.0],[22.0],[101.0],[805.0],[724.0],[990.0],[104.0],[755.0],[976.0],[318.0],[456.0],[852.0],[495.0],[195.0],[915.0],[165.0],[144.0],[740.0],[741.0],[968.0],[941.0],[938.0],[35.0],[495.0],[38.0],[104.0],[72.0],[559.0],[456.0],[563.0],[531.0],[741.0],[278.0],[468.0],[416.0],[941.0],[587.0],[448.0],[446.0],[783.0],[59.0],[362.0],[424.0],[208.0],[910.0],[399.0],[749.0],[849.0],[662.0],[700.0],[3.0],[72.0],[559.0],[577.0],[106.0]
330,[208.0],[692.0],[800.0],[215.0],[756.0],[932.0],[148.0],[881.0],[749.0],[461.0],[490.0],[790.0],[276.0],[278.0],[310.0],[501.0],[37.0],[424.0],[195.0],[749.0],[15.0],[276.0],[704.0],[486.0],[144.0],[72.0],[518.0],[15.0],[700.0],[362.0],[488.0],[835.0],[614.0],[367.0],[354.0],[354.0],[9.0],[800.0],[282.0],[938.0],[59.0],[695.0],[10.0],[385.0],[22.0],[749.0],[828.0],[804.0],[416.0],[756.0],[939.0],[783.0],[35.0],[805.0],[914.0],[354.0],[165.0],[195.0],[835.0],[338.0],[662.0],[322.0],[362.0],[790.0],[210.0],[10.0],[424.0],[144.0],[166.0],[367.0],[129.0],[698.0],[157.0],[354.0],[915.0],[501.0],[310.0],[741.0],[367.0],[587.0],[10.0],[490.0],[700.0],[148.0],[941.0],[195.0],[358.0],[849.0],[240.0],[338.0],[332.0],[559.0],[240.0],[938.0],[183.0],[938.0],[698.0],[424.0],[848.0],[518.0]
331,[240.0],[881.0],[206.0],[800.0],[434.0],[915.0],[206.0],[3.0],[157.0],[805.0],[456.0],[932.0],[322.0],[563.0],[322.0],[783.0],[354.0],[521.0],[282.0],[559.0],[228.0],[943.0],[656.0],[537.0],[915.0],[852.0],[501.0],[157.0],[539.0],[58.0],[895.0],[749.0],[385.0],[805.0],[446.0],[446.0],[488.0],[476.0],[968.0],[495.0],[692.0],[183.0],[106.0],[539.0],[828.0],[559.0],[658.0],[602.0],[490.0],[72.0],[698.0],[941.0],[721.0],[416.0],[58.0],[446.0],[564.0],[835.0],[745.0],[755.0],[881.0],[614.0],[796.0],[366.0],[852.0],[18.0],[521.0],[721.0],[835.0],[976.0],[501.0],[706.0],[849.0],[446.0],[338.0],[783.0],[322.0],[310.0],[976.0],[421.0],[18.0],[456.0],[163.0],[457.0],[724.0],[835.0],[897.0],[59.0],[796.0],[537.0],[577.0],[59.0],[59.0],[495.0],[38.0],[424.0],[968.0],[521.0],[886.0],[531.0]
332,[798.0],[921.0],[37.0],[740.0],[72.0],[338.0],[476.0],[424.0],[849.0],[490.0],[354.0],[915.0],[915.0],[741.0],[967.0],[941.0],[446.0],[692.0],[835.0],[424.0],[9.0],[278.0],[798.0],[755.0],[338.0],[564.0],[72.0],[849.0],[183.0],[796.0],[704.0],[559.0],[539.0],[416.0],[148.0],[163.0],[457.0],[797.0],[559.0],[166.0],[881.0],[486.0],[531.0],[700.0],[658.0],[157.0],[233.0],[682.0],[38.0],[698.0],[706.0],[10.0],[33.0],[490.0],[358.0],[421.0],[662.0],[749.0],[749.0],[35.0],[3.0],[385.0],[58.0],[310.0],[195.0],[531.0],[208.0],[614.0],[745.0],[805.0],[724.0],[99.0],[424.0],[457.0],[537.0],[10.0],[556.0],[366.0],[163.0],[461.0],[99.0],[421.0],[183.0],[800.0],[10.0],[749.0],[15.0],[692.0],[656.0],[755.0],[886.0],[692.0],[921.0],[166.0],[468.0],[495.0],[706.0],[208.0],[22.0],[104.0]
333,[265.0],[3.0],[476.0],[362.0],[282.0],[537.0],[37.0],[521.0],[59.0],[890.0],[587.0],[338.0],[338.0],[310.0],[932.0],[756.0],[587.0],[208.0],[968.0],[914.0],[362.0],[741.0],[921.0],[35.0],[537.0],[99.0],[783.0],[59.0],[695.0],[318.0],[457.0],[692.0],[183.0],[163.0],[476.0],[33.0],[265.0],[206.0],[210.0],[195.0],[3.0],[468.0],[129.0],[183.0],[943.0],[424.0],[943.0],[760.0],[456.0],[434.0],[99.0],[129.0],[144.0],[38.0],[897.0],[148.0],[518.0],[166.0],[434.0],[385.0],[938.0],[932.0],[914.0],[322.0],[835.0],[104.0],[495.0],[385.0],[434.0],[490.0],[783.0],[564.0],[692.0],[800.0],[755.0],[104.0],[834.0],[322.0],[805.0],[490.0],[165.0],[461.0],[468.0],[206.0],[756.0],[692.0],[796.0],[881.0],[318.0],[35.0],[22.0],[881.0],[58.0],[745.0],[976.0],[521.0],[99.0],[914.0],[828.0],[129.0]
334,[215.0],[58.0],[797.0],[796.0],[698.0],[755.0],[797.0],[208.0],[559.0],[354.0],[421.0],[755.0],[537.0],[322.0],[234.0],[72.0],[421.0],[881.0],[210.0],[157.0],[796.0],[310.0],[58.0],[721.0],[614.0],[165.0],[941.0],[228.0],[468.0],[914.0],[800.0],[881.0],[468.0],[456.0],[797.0],[144.0],[740.0],[37.0],[852.0],[745.0],[208.0],[563.0],[18.0],[468.0],[278.0],[521.0],[332.0],[577.0],[354.0],[282.0],[165.0],[18.0],[385.0],[456.0],[157.0],[461.0],[573.0],[559.0],[282.0],[539.0],[573.0],[915.0],[358.0],[932.0],[749.0],[46.0],[166.0],[13.0],[749.0],[456.0],[941.0],[165.0],[881.0],[148.0],[35.0],[724.0],[932.0],[932.0],[33.0],[890.0],[46.0],[354.0],[976.0],[37.0],[18.0],[881.0],[228.0],[521.0],[921.0],[721.0],[317.0],[424.0],[692.0],[434.0],[805.0],[208.0],[165.0],[157.0],[658.0],[501.0]
335,[740.0],[938.0],[704.0],[318.0],[99.0],[35.0],[587.0],[495.0],[424.0],[446.0],[446.0],[35.0],[755.0],[932.0],[915.0],[698.0],[148.0],[240.0],[852.0],[849.0],[318.0],[322.0],[358.0],[13.0],[755.0],[518.0],[10.0],[9.0],[976.0],[157.0],[798.0],[3.0],[695.0],[33.0],[895.0],[148.0],[800.0],[587.0],[564.0],[835.0],[240.0],[276.0],[724.0],[695.0],[502.0],[849.0],[219.0],[886.0],[367.0],[968.0],[662.0],[724.0],[539.0],[354.0],[15.0],[476.0],[501.0],[745.0],[559.0],[721.0],[495.0],[338.0],[897.0],[915.0],[564.0],[990.0],[745.0],[448.0],[559.0],[354.0],[10.0],[518.0],[521.0],[206.0],[721.0],[756.0],[915.0],[915.0],[416.0],[694.0],[662.0],[890.0],[805.0],[476.0],[72.0],[3.0],[9.0],[3.0],[58.0],[13.0],[828.0],[3.0],[881.0],[573.0],[416.0],[166.0],[662.0],[240.0],[233.0],[783.0]
336,[362.0],[358.0],[587.0],[914.0],[165.0],[721.0],[895.0],[240.0],[692.0],[694.0],[461.0],[366.0],[35.0],[915.0],[161.0],[706.0],[476.0],[656.0],[749.0],[521.0],[914.0],[932.0],[265.0],[448.0],[35.0],[501.0],[698.0],[692.0],[805.0],[849.0],[206.0],[938.0],[976.0],[354.0],[704.0],[476.0],[206.0],[421.0],[424.0],[749.0],[495.0],[805.0],[756.0],[976.0],[672.0],[208.0],[278.0],[22.0],[163.0],[210.0],[573.0],[756.0],[695.0],[148.0],[849.0],[797.0],[195.0],[434.0],[968.0],[13.0],[166.0],[537.0],[228.0],[967.0],[518.0],[129.0],[240.0],[539.0],[282.0],[446.0],[756.0],[662.0],[3.0],[587.0],[13.0],[72.0],[338.0],[338.0],[144.0],[456.0],[990.0],[446.0],[416.0],[587.0],[46.0],[559.0],[488.0],[208.0],[358.0],[790.0],[658.0],[938.0],[358.0],[195.0],[367.0],[745.0],[573.0],[849.0],[943.0],[724.0]
337,[796.0],[897.0],[798.0],[157.0],[662.0],[13.0],[704.0],[656.0],[881.0],[148.0],[476.0],[721.0],[721.0],[276.0],[338.0],[10.0],[461.0],[3.0],[559.0],[208.0],[488.0],[556.0],[215.0],[700.0],[721.0],[662.0],[18.0],[881.0],[486.0],[358.0],[37.0],[521.0],[486.0],[144.0],[461.0],[614.0],[362.0],[895.0],[521.0],[434.0],[166.0],[416.0],[72.0],[805.0],[741.0],[59.0],[517.0],[828.0],[446.0],[564.0],[195.0],[72.0],[13.0],[476.0],[228.0],[895.0],[835.0],[282.0],[424.0],[448.0],[745.0],[755.0],[849.0],[338.0],[559.0],[724.0],[656.0],[700.0],[424.0],[148.0],[72.0],[573.0],[240.0],[421.0],[448.0],[698.0],[537.0],[537.0],[490.0],[354.0],[939.0],[148.0],[33.0],[797.0],[698.0],[424.0],[457.0],[240.0],[897.0],[448.0],[233.0],[495.0],[3.0],[749.0],[456.0],[434.0],[195.0],[656.0],[741.0],[941.0]
338,[656.0],[495.0],[265.0],[59.0],[573.0],[448.0],[798.0],[921.0],[521.0],[476.0],[895.0],[13.0],[13.0],[338.0],[537.0],[18.0],[797.0],[921.0],[424.0],[240.0],[457.0],[338.0],[15.0],[183.0],[385.0],[573.0],[706.0],[3.0],[416.0],[59.0],[265.0],[495.0],[805.0],[614.0],[890.0],[797.0],[37.0],[704.0],[518.0],[282.0],[745.0],[490.0],[698.0],[486.0],[310.0],[240.0],[741.0],[658.0],[33.0],[706.0],[835.0],[698.0],[486.0],[797.0],[9.0],[704.0],[749.0],[424.0],[210.0],[700.0],[195.0],[539.0],[59.0],[234.0],[501.0],[939.0],[434.0],[183.0],[208.0],[476.0],[46.0],[195.0],[656.0],[476.0],[700.0],[18.0],[755.0],[755.0],[456.0],[446.0],[573.0],[476.0],[490.0],[895.0],[706.0],[521.0],[318.0],[938.0],[15.0],[366.0],[943.0],[166.0],[897.0],[559.0],[354.0],[282.0],[210.0],[921.0],[310.0],[10.0]
339,[318.0],[166.0],[421.0],[206.0],[195.0],[700.0],[421.0],[58.0],[3.0],[797.0],[704.0],[448.0],[448.0],[537.0],[755.0],[939.0],[704.0],[58.0],[564.0],[59.0],[157.0],[537.0],[228.0],[563.0],[13.0],[195.0],[46.0],[938.0],[354.0],[897.0],[587.0],[208.0],[416.0],[446.0],[798.0],[895.0],[796.0],[798.0],[208.0],[559.0],[434.0],[556.0],[706.0],[563.0],[322.0],[692.0],[310.0],[233.0],[148.0],[518.0],[68.0],[706.0],[448.0],[367.0],[488.0],[890.0],[783.0],[968.0],[521.0],[183.0],[835.0],[695.0],[9.0],[537.0],[424.0],[756.0],[921.0],[695.0],[240.0],[163.0],[698.0],[835.0],[938.0],[797.0],[183.0],[46.0],[910.0],[967.0],[614.0],[541.0],[195.0],[797.0],[144.0],[704.0],[99.0],[208.0],[800.0],[656.0],[914.0],[234.0],[741.0],[521.0],[15.0],[282.0],[446.0],[968.0],[835.0],[59.0],[322.0],[756.0]
340,[921.0],[15.0],[215.0],[37.0],[835.0],[183.0],[265.0],[166.0],[208.0],[541.0],[890.0],[967.0],[700.0],[755.0],[35.0],[99.0],[890.0],[938.0],[518.0],[692.0],[800.0],[755.0],[9.0],[468.0],[448.0],[835.0],[99.0],[495.0],[446.0],[692.0],[421.0],[240.0],[563.0],[148.0],[694.0],[704.0],[914.0],[265.0],[240.0],[968.0],[656.0],[456.0],[99.0],[416.0],[932.0],[881.0],[322.0],[943.0],[144.0],[501.0],[749.0],[99.0],[700.0],[163.0],[692.0],[694.0],[559.0],[852.0],[208.0],[468.0],[434.0],[35.0],[488.0],[161.0],[783.0],[72.0],[58.0],[486.0],[656.0],[33.0],[990.0],[749.0],[495.0],[461.0],[468.0],[706.0],[790.0],[35.0],[385.0],[38.0],[835.0],[895.0],[614.0],[798.0],[990.0],[938.0],[914.0],[495.0],[157.0],[161.0],[310.0],[745.0],[938.0],[424.0],[148.0],[210.0],[749.0],[58.0],[399.0],[72.0]
341,[914.0],[745.0],[740.0],[692.0],[968.0],[468.0],[461.0],[358.0],[240.0],[895.0],[798.0],[234.0],[183.0],[35.0],[721.0],[302.0],[694.0],[495.0],[521.0],[656.0],[849.0],[834.0],[740.0],[976.0],[700.0],[783.0],[165.0],[488.0],[148.0],[15.0],[461.0],[166.0],[490.0],[476.0],[541.0],[798.0],[157.0],[215.0],[656.0],[210.0],[921.0],[446.0],[662.0],[490.0],[915.0],[3.0],[932.0],[278.0],[476.0],[99.0],[372.0],[165.0],[563.0],[33.0],[881.0],[798.0],[941.0],[521.0],[656.0],[695.0],[282.0],[486.0],[457.0],[755.0],[521.0],[698.0],[897.0],[468.0],[968.0],[797.0],[706.0],[424.0],[921.0],[895.0],[976.0],[99.0],[35.0],[721.0],[354.0],[476.0],[302.0],[704.0],[385.0],[265.0],[165.0],[240.0],[206.0],[921.0],[849.0],[700.0],[322.0],[434.0],[495.0],[521.0],[163.0],[852.0],[852.0],[692.0],[932.0],[698.0]
342,[58.0],[434.0],[362.0],[587.0],[749.0],[976.0],[890.0],[897.0],[495.0],[38.0],[265.0],[700.0],[556.0],[556.0],[13.0],[165.0],[38.0],[166.0],[208.0],[881.0],[37.0],[35.0],[488.0],[276.0],[183.0],[941.0],[662.0],[457.0],[476.0],[881.0],[215.0],[656.0],[456.0],[385.0],[38.0],[265.0],[849.0],[740.0],[921.0],[852.0],[282.0],[148.0],[573.0],[556.0],[338.0],[656.0],[915.0],[741.0],[797.0],[165.0],[559.0],[46.0],[276.0],[704.0],[3.0],[265.0],[424.0],[564.0],[921.0],[976.0],[749.0],[721.0],[692.0],[502.0],[941.0],[302.0],[282.0],[976.0],[210.0],[144.0],[939.0],[501.0],[58.0],[704.0],[805.0],[990.0],[721.0],[13.0],[446.0],[797.0],[68.0],[798.0],[456.0],[215.0],[939.0],[656.0],[157.0],[58.0],[59.0],[270.0],[219.0],[208.0],[228.0],[968.0],[476.0],[240.0],[564.0],[881.0],[915.0],[18.0]
343,[157.0],[228.0],[461.0],[881.0],[210.0],[556.0],[215.0],[15.0],[656.0],[367.0],[215.0],[183.0],[468.0],[13.0],[448.0],[662.0],[163.0],[358.0],[240.0],[921.0],[59.0],[721.0],[457.0],[805.0],[468.0],[10.0],[990.0],[800.0],[563.0],[228.0],[890.0],[921.0],[354.0],[539.0],[33.0],[385.0],[59.0],[362.0],[501.0],[424.0],[58.0],[834.0],[195.0],[456.0],[537.0],[921.0],[338.0],[310.0],[895.0],[783.0],[757.0],[990.0],[556.0],[144.0],[938.0],[541.0],[521.0],[518.0],[852.0],[805.0],[559.0],[13.0],[800.0],[35.0],[208.0],[68.0],[968.0],[563.0],[921.0],[614.0],[99.0],[783.0],[166.0],[890.0],[276.0],[939.0],[13.0],[234.0],[148.0],[895.0],[749.0],[694.0],[354.0],[421.0],[662.0],[921.0],[37.0],[166.0],[228.0],[183.0],[932.0],[240.0],[166.0],[208.0],[797.0],[656.0],[559.0],[897.0],[338.0],[99.0]
344,[849.0],[488.0],[796.0],[3.0],[852.0],[805.0],[740.0],[228.0],[921.0],[163.0],[740.0],[468.0],[976.0],[834.0],[700.0],[68.0],[33.0],[897.0],[501.0],[58.0],[692.0],[13.0],[796.0],[416.0],[539.0],[749.0],[939.0],[206.0],[797.0],[3.0],[694.0],[58.0],[446.0],[797.0],[265.0],[215.0],[692.0],[461.0],[58.0],[208.0],[358.0],[910.0],[46.0],[354.0],[954.0],[58.0],[537.0],[322.0],[704.0],[662.0],[424.0],[662.0],[183.0],[798.0],[457.0],[215.0],[208.0],[208.0],[564.0],[486.0],[968.0],[448.0],[881.0],[672.0],[10.0],[706.0],[228.0],[805.0],[852.0],[385.0],[165.0],[941.0],[745.0],[798.0],[556.0],[165.0],[366.0],[161.0],[476.0],[367.0],[559.0],[541.0],[446.0],[740.0],[573.0],[495.0],[849.0],[358.0],[692.0],[468.0],[915.0],[282.0],[9.0],[240.0],[33.0],[921.0],[424.0],[3.0],[537.0],[46.0]
345,[59.0],[457.0],[890.0],[421.0],[564.0],[416.0],[694.0],[9.0],[166.0],[704.0],[362.0],[976.0],[805.0],[448.0],[183.0],[573.0],[798.0],[15.0],[783.0],[3.0],[881.0],[448.0],[318.0],[556.0],[805.0],[18.0],[573.0],[166.0],[895.0],[9.0],[740.0],[745.0],[148.0],[695.0],[144.0],[740.0],[881.0],[890.0],[358.0],[564.0],[210.0],[476.0],[835.0],[446.0],[755.0],[358.0],[21.0],[317.0],[614.0],[573.0],[847.0],[939.0],[468.0],[265.0],[495.0],[740.0],[10.0],[240.0],[58.0],[416.0],[424.0],[563.0],[3.0],[721.0],[18.0],[372.0],[9.0],[416.0],[564.0],[895.0],[662.0],[521.0],[358.0],[265.0],[416.0],[662.0],[448.0],[448.0],[797.0],[704.0],[424.0],[38.0],[148.0],[362.0],[302.0],[166.0],[59.0],[897.0],[488.0],[976.0],[338.0],[656.0],[488.0],[656.0],[144.0],[564.0],[521.0],[15.0],[755.0],[990.0]
346,[692.0],[800.0],[694.0],[461.0],[559.0],[490.0],[362.0],[745.0],[58.0],[33.0],[796.0],[805.0],[416.0],[910.0],[468.0],[195.0],[265.0],[745.0],[656.0],[358.0],[587.0],[700.0],[914.0],[490.0],[416.0],[559.0],[195.0],[745.0],[276.0],[488.0],[362.0],[434.0],[476.0],[895.0],[215.0],[362.0],[3.0],[694.0],[897.0],[518.0],[897.0],[797.0],[990.0],[834.0],[35.0],[897.0],[755.0],[932.0],[385.0],[941.0],[351.0],[573.0],[834.0],[215.0],[166.0],[38.0],[240.0],[501.0],[518.0],[563.0],[210.0],[700.0],[938.0],[13.0],[46.0],[99.0],[210.0],[490.0],[518.0],[798.0],[573.0],[18.0],[897.0],[694.0],[490.0],[302.0],[700.0],[700.0],[895.0],[798.0],[521.0],[367.0],[476.0],[461.0],[195.0],[745.0],[692.0],[15.0],[881.0],[805.0],[537.0],[921.0],[745.0],[921.0],[614.0],[518.0],[518.0],[938.0],[35.0],[939.0]
347,[881.0],[282.0],[318.0],[938.0],[518.0],[456.0],[796.0],[488.0],[358.0],[144.0],[694.0],[416.0],[490.0],[700.0],[976.0],[835.0],[144.0],[434.0],[921.0],[897.0],[3.0],[183.0],[800.0],[456.0],[695.0],[46.0],[302.0],[434.0],[704.0],[938.0],[541.0],[358.0],[276.0],[704.0],[740.0],[796.0],[938.0],[541.0],[15.0],[501.0],[852.0],[366.0],[939.0],[910.0],[721.0],[938.0],[35.0],[915.0],[798.0],[10.0],[369.0],[195.0],[910.0],[614.0],[800.0],[367.0],[656.0],[656.0],[358.0],[276.0],[521.0],[183.0],[495.0],[954.0],[240.0],[757.0],[852.0],[456.0],[58.0],[539.0],[195.0],[46.0],[434.0],[541.0],[456.0],[573.0],[183.0],[183.0],[704.0],[163.0],[208.0],[163.0],[695.0],[318.0],[835.0],[434.0],[881.0],[228.0],[3.0],[502.0],[864.0],[58.0],[434.0],[210.0],[895.0],[501.0],[501.0],[495.0],[721.0],[302.0]
348,[3.0],[968.0],[541.0],[890.0],[424.0],[354.0],[318.0],[457.0],[897.0],[798.0],[318.0],[161.0],[456.0],[183.0],[805.0],[372.0],[215.0],[282.0],[58.0],[938.0],[938.0],[468.0],[157.0],[834.0],[456.0],[424.0],[835.0],[587.0],[798.0],[495.0],[796.0],[897.0],[797.0],[798.0],[362.0],[539.0],[421.0],[796.0],[228.0],[240.0],[15.0],[967.0],[749.0],[476.0],[13.0],[495.0],[412.0],[338.0],[265.0],[18.0],[521.0],[835.0],[976.0],[362.0],[206.0],[33.0],[18.0],[783.0],[897.0],[490.0],[852.0],[468.0],[206.0],[848.0],[656.0],[165.0],[488.0],[354.0],[358.0],[265.0],[749.0],[208.0],[282.0],[215.0],[834.0],[195.0],[468.0],[468.0],[798.0],[265.0],[372.0],[265.0],[797.0],[890.0],[749.0],[282.0],[587.0],[745.0],[457.0],[416.0],[755.0],[968.0],[282.0],[58.0],[385.0],[58.0],[208.0],[166.0],[13.0],[165.0]
349,[938.0],[210.0],[38.0],[694.0],[656.0],[834.0],[541.0],[800.0],[745.0],[265.0],[914.0],[490.0],[834.0],[468.0],[270.0],[749.0],[740.0],[968.0],[358.0],[495.0],[421.0],[976.0],[206.0],[910.0],[354.0],[521.0],[749.0],[421.0],[265.0],[166.0],[38.0],[282.0],[895.0],[265.0],[796.0],[695.0],[495.0],[38.0],[9.0],[783.0],[228.0],[895.0],[559.0],[797.0],[448.0],[166.0],[896.0],[537.0],[215.0],[195.0],[208.0],[749.0],[790.0],[385.0],[37.0],[144.0],[921.0],[921.0],[501.0],[556.0],[208.0],[805.0],[166.0],[399.0],[921.0],[662.0],[457.0],[446.0],[897.0],[695.0],[559.0],[240.0],[968.0],[740.0],[354.0],[835.0],[976.0],[976.0],[265.0],[215.0],[240.0],[215.0],[486.0],[914.0],[559.0],[968.0],[3.0],[434.0],[938.0],[490.0],[21.0],[358.0],[968.0],[897.0],[704.0],[783.0],[240.0],[745.0],[448.0],[662.0]
350,[358.0],[206.0],[367.0],[495.0],[921.0],[910.0],[157.0],[206.0],[15.0],[614.0],[157.0],[270.0],[446.0],[976.0],[416.0],[757.0],[614.0],[210.0],[941.0],[15.0],[166.0],[805.0],[37.0],[354.0],[446.0],[990.0],[68.0],[282.0],[556.0],[457.0],[318.0],[968.0],[704.0],[486.0],[318.0],[318.0],[461.0],[367.0],[488.0],[656.0],[9.0],[704.0],[424.0],[895.0],[700.0],[745.0],[336.0],[755.0],[539.0],[835.0],[240.0],[559.0],[805.0],[539.0],[745.0],[362.0],[358.0],[58.0],[783.0],[456.0],[564.0],[490.0],[745.0],[332.0],[990.0],[847.0],[800.0],[148.0],[15.0],[486.0],[68.0],[656.0],[210.0],[362.0],[910.0],[749.0],[805.0],[805.0],[539.0],[740.0],[847.0],[33.0],[895.0],[694.0],[424.0],[210.0],[938.0],[968.0],[800.0],[456.0],[412.0],[210.0],[210.0],[15.0],[539.0],[358.0],[783.0],[228.0],[700.0],[68.0]
351,[897.0],[852.0],[163.0],[541.0],[501.0],[446.0],[849.0],[434.0],[434.0],[215.0],[849.0],[456.0],[910.0],[416.0],[502.0],[847.0],[362.0],[564.0],[10.0],[228.0],[745.0],[416.0],[587.0],[790.0],[148.0],[208.0],[559.0],[968.0],[215.0],[745.0],[914.0],[852.0],[556.0],[563.0],[914.0],[914.0],[166.0],[318.0],[783.0],[941.0],[564.0],[265.0],[302.0],[704.0],[848.0],[15.0],[721.0],[35.0],[740.0],[46.0],[656.0],[424.0],[366.0],[796.0],[587.0],[614.0],[46.0],[941.0],[941.0],[354.0],[518.0],[456.0],[434.0],[448.0],[58.0],[573.0],[206.0],[797.0],[228.0],[563.0],[372.0],[921.0],[852.0],[38.0],[790.0],[559.0],[416.0],[416.0],[695.0],[362.0],[351.0],[144.0],[704.0],[541.0],[68.0],[58.0],[421.0],[9.0],[495.0],[354.0],[35.0],[852.0],[564.0],[228.0],[215.0],[941.0],[656.0],[9.0],[183.0],[372.0]
352,[15.0],[37.0],[33.0],[166.0],[783.0],[790.0],[59.0],[282.0],[282.0],[385.0],[59.0],[502.0],[148.0],[790.0],[490.0],[559.0],[385.0],[228.0],[897.0],[9.0],[461.0],[490.0],[421.0],[366.0],[486.0],[240.0],[424.0],[210.0],[834.0],[800.0],[849.0],[564.0],[798.0],[215.0],[157.0],[157.0],[890.0],[914.0],[941.0],[921.0],[488.0],[234.0],[68.0],[798.0],[183.0],[434.0],[13.0],[721.0],[362.0],[749.0],[373.0],[521.0],[416.0],[318.0],[434.0],[796.0],[990.0],[358.0],[15.0],[834.0],[240.0],[276.0],[37.0],[317.0],[939.0],[351.0],[37.0],[895.0],[9.0],[215.0],[757.0],[990.0],[15.0],[796.0],[366.0],[68.0],[490.0],[490.0],[215.0],[33.0],[656.0],[740.0],[563.0],[38.0],[521.0],[852.0],[461.0],[210.0],[206.0],[446.0],[721.0],[564.0],[457.0],[488.0],[695.0],[897.0],[921.0],[488.0],[976.0],[573.0]
353,[495.0],[587.0],[144.0],[745.0],[58.0],[148.0],[692.0],[37.0],[228.0],[740.0],[541.0],[672.0],[476.0],[490.0],[456.0],[424.0],[796.0],[9.0],[18.0],[488.0],[434.0],[456.0],[849.0],[446.0],[476.0],[656.0],[521.0],[461.0],[910.0],[282.0],[59.0],[15.0],[834.0],[276.0],[614.0],[849.0],[745.0],[163.0],[10.0],[10.0],[518.0],[215.0],[521.0],[790.0],[468.0],[228.0],[42.0],[219.0],[695.0],[559.0],[921.0],[208.0],[967.0],[695.0],[282.0],[318.0],[897.0],[897.0],[10.0],[446.0],[656.0],[446.0],[282.0],[183.0],[358.0],[369.0],[587.0],[704.0],[488.0],[276.0],[424.0],[939.0],[564.0],[318.0],[148.0],[424.0],[456.0],[456.0],[486.0],[144.0],[921.0],[614.0],[276.0],[157.0],[372.0],[358.0],[495.0],[488.0],[166.0],[148.0],[13.0],[501.0],[518.0],[852.0],[740.0],[10.0],[941.0],[457.0],[805.0],[195.0]
354,[228.0],[564.0],[914.0],[38.0],[941.0],[476.0],[881.0],[968.0],[968.0],[539.0],[38.0],[954.0],[797.0],[354.0],[672.0],[521.0],[318.0],[518.0],[15.0],[166.0],[282.0],[354.0],[59.0],[967.0],[563.0],[939.0],[372.0],[852.0],[740.0],[968.0],[367.0],[228.0],[910.0],[740.0],[849.0],[59.0],[694.0],[33.0],[457.0],[58.0],[501.0],[740.0],[208.0],[265.0],[976.0],[282.0],[448.0],[13.0],[796.0],[990.0],[108.0],[240.0],[490.0],[914.0],[210.0],[914.0],[939.0],[15.0],[228.0],[148.0],[501.0],[556.0],[587.0],[468.0],[897.0],[195.0],[421.0],[276.0],[501.0],[740.0],[521.0],[302.0],[228.0],[914.0],[476.0],[521.0],[354.0],[354.0],[740.0],[318.0],[58.0],[385.0],[798.0],[849.0],[208.0],[897.0],[890.0],[457.0],[745.0],[476.0],[448.0],[897.0],[501.0],[564.0],[362.0],[15.0],[58.0],[800.0],[416.0],[835.0]
355,[9.0],[421.0],[614.0],[367.0],[10.0],[797.0],[38.0],[587.0],[210.0],[695.0],[367.0],[354.0],[790.0],[446.0],[354.0],[351.0],[914.0],[488.0],[228.0],[745.0],[890.0],[446.0],[881.0],[148.0],[276.0],[921.0],[757.0],[564.0],[362.0],[206.0],[692.0],[9.0],[265.0],[362.0],[59.0],[486.0],[434.0],[157.0],[800.0],[358.0],[457.0],[362.0],[240.0],[215.0],[805.0],[488.0],[700.0],[448.0],[318.0],[939.0],[164.0],[302.0],[456.0],[157.0],[852.0],[157.0],[302.0],[228.0],[9.0],[476.0],[921.0],[148.0],[421.0],[976.0],[302.0],[373.0],[564.0],[798.0],[457.0],[556.0],[847.0],[58.0],[9.0],[367.0],[967.0],[208.0],[446.0],[148.0],[362.0],[914.0],[369.0],[362.0],[556.0],[59.0],[757.0],[15.0],[694.0],[852.0],[37.0],[797.0],[896.0],[228.0],[783.0],[501.0],[796.0],[228.0],[358.0],[434.0],[332.0],[749.0]
356,[166.0],[461.0],[157.0],[163.0],[358.0],[895.0],[367.0],[421.0],[9.0],[362.0],[692.0],[446.0],[895.0],[148.0],[954.0],[208.0],[695.0],[501.0],[46.0],[457.0],[694.0],[910.0],[3.0],[476.0],[797.0],[302.0],[208.0],[518.0],[796.0],[37.0],[881.0],[518.0],[215.0],[796.0],[692.0],[692.0],[541.0],[144.0],[18.0],[897.0],[800.0],[796.0],[656.0],[740.0],[416.0],[968.0],[183.0],[700.0],[486.0],[302.0],[58.0],[68.0],[354.0],[59.0],[564.0],[385.0],[15.0],[10.0],[18.0],[797.0],[58.0],[476.0],[461.0],[219.0],[15.0],[108.0],[518.0],[556.0],[783.0],[362.0],[351.0],[68.0],[518.0],[157.0],[797.0],[372.0],[148.0],[476.0],[796.0],[157.0],[358.0],[796.0],[834.0],[692.0],[240.0],[228.0],[541.0],[206.0],[434.0],[895.0],[700.0],[783.0],[941.0],[457.0],[318.0],[9.0],[897.0],[282.0],[490.0],[559.0]
357,[488.0],[890.0],[849.0],[434.0],[897.0],[704.0],[163.0],[852.0],[852.0],[563.0],[3.0],[848.0],[366.0],[476.0],[446.0],[240.0],[157.0],[783.0],[9.0],[434.0],[541.0],[148.0],[938.0],[797.0],[895.0],[58.0],[656.0],[501.0],[790.0],[421.0],[3.0],[488.0],[790.0],[318.0],[881.0],[881.0],[38.0],[614.0],[46.0],[18.0],[783.0],[318.0],[372.0],[362.0],[490.0],[210.0],[81.0],[183.0],[563.0],[424.0],[358.0],[656.0],[446.0],[692.0],[421.0],[849.0],[228.0],[18.0],[488.0],[895.0],[783.0],[910.0],[968.0],[864.0],[228.0],[835.0],[461.0],[265.0],[800.0],[834.0],[369.0],[358.0],[488.0],[163.0],[895.0],[847.0],[967.0],[797.0],[563.0],[614.0],[373.0],[318.0],[265.0],[367.0],[847.0],[9.0],[38.0],[564.0],[587.0],[704.0],[183.0],[9.0],[800.0],[800.0],[914.0],[18.0],[10.0],[968.0],[456.0],[424.0]
358,[457.0],[694.0],[385.0],[33.0],[18.0],[366.0],[3.0],[564.0],[488.0],[276.0],[938.0],[148.0],[704.0],[797.0],[848.0],[656.0],[486.0],[457.0],[488.0],[800.0],[38.0],[790.0],[495.0],[895.0],[556.0],[68.0],[847.0],[890.0],[318.0],[210.0],[163.0],[501.0],[366.0],[556.0],[385.0],[3.0],[367.0],[849.0],[206.0],[15.0],[206.0],[914.0],[757.0],[796.0],[456.0],[457.0],[170.0],[468.0],[276.0],[68.0],[897.0],[372.0],[148.0],[881.0],[518.0],[539.0],[68.0],[9.0],[457.0],[790.0],[358.0],[797.0],[890.0],[416.0],[9.0],[749.0],[890.0],[215.0],[206.0],[796.0],[208.0],[897.0],[457.0],[849.0],[704.0],[240.0],[234.0],[704.0],[318.0],[849.0],[108.0],[914.0],[215.0],[163.0],[656.0],[564.0],[166.0],[518.0],[282.0],[672.0],[468.0],[941.0],[10.0],[206.0],[157.0],[488.0],[15.0],[206.0],[354.0],[521.0]
359,[745.0],[38.0],[59.0],[144.0],[46.0],[798.0],[33.0],[461.0],[518.0],[556.0],[495.0],[476.0],[798.0],[895.0],[399.0],[921.0],[849.0],[941.0],[457.0],[206.0],[367.0],[476.0],[461.0],[234.0],[704.0],[372.0],[351.0],[783.0],[366.0],[852.0],[938.0],[457.0],[740.0],[914.0],[3.0],[938.0],[163.0],[59.0],[37.0],[228.0],[10.0],[161.0],[847.0],[318.0],[354.0],[852.0],[468.0],[976.0],[556.0],[521.0],[15.0],[921.0],[234.0],[3.0],[461.0],[695.0],[9.0],[488.0],[46.0],[704.0],[897.0],[790.0],[210.0],[490.0],[68.0],[559.0],[694.0],[740.0],[37.0],[910.0],[373.0],[15.0],[501.0],[59.0],[234.0],[921.0],[270.0],[798.0],[276.0],[59.0],[164.0],[157.0],[740.0],[881.0],[351.0],[518.0],[745.0],[37.0],[421.0],[954.0],[976.0],[10.0],[18.0],[941.0],[849.0],[457.0],[228.0],[37.0],[446.0],[208.0]
360,[434.0],[518.0],[692.0],[614.0],[939.0],[967.0],[938.0],[694.0],[457.0],[796.0],[166.0],[797.0],[265.0],[704.0],[332.0],[369.0],[563.0],[800.0],[990.0],[37.0],[163.0],[797.0],[166.0],[704.0],[798.0],[358.0],[369.0],[694.0],[914.0],[890.0],[495.0],[783.0],[362.0],[157.0],[938.0],[563.0],[33.0],[692.0],[990.0],[46.0],[18.0],[157.0],[351.0],[366.0],[446.0],[564.0],[976.0],[416.0],[914.0],[372.0],[228.0],[757.0],[161.0],[486.0],[890.0],[59.0],[372.0],[46.0],[800.0],[234.0],[941.0],[895.0],[852.0],[456.0],[488.0],[424.0],[501.0],[834.0],[587.0],[318.0],[240.0],[372.0],[783.0],[33.0],[161.0],[358.0],[502.0],[265.0],[914.0],[692.0],[137.0],[539.0],[910.0],[3.0],[369.0],[488.0],[434.0],[587.0],[968.0],[848.0],[336.0],[488.0],[206.0],[10.0],[486.0],[800.0],[9.0],[587.0],[317.0],[656.0]
361,[800.0],[367.0],[539.0],[385.0],[302.0],[265.0],[144.0],[541.0],[501.0],[318.0],[745.0],[399.0],[215.0],[366.0],[148.0],[58.0],[59.0],[206.0],[800.0],[587.0],[968.0],[895.0],[890.0],[798.0],[265.0],[228.0],[373.0],[941.0],[157.0],[564.0],[166.0],[941.0],[796.0],[849.0],[495.0],[495.0],[282.0],[881.0],[939.0],[990.0],[46.0],[270.0],[921.0],[914.0],[148.0],[800.0],[438.0],[490.0],[157.0],[208.0],[137.0],[58.0],[476.0],[938.0],[501.0],[486.0],[757.0],[457.0],[990.0],[161.0],[15.0],[704.0],[694.0],[517.0],[372.0],[521.0],[783.0],[362.0],[941.0],[790.0],[108.0],[847.0],[800.0],[692.0],[798.0],[897.0],[476.0],[270.0],[556.0],[385.0],[674.0],[849.0],[362.0],[33.0],[921.0],[457.0],[282.0],[421.0],[210.0],[399.0],[42.0],[18.0],[46.0],[37.0],[59.0],[206.0],[18.0],[210.0],[219.0],[921.0]
362,[206.0],[163.0],[881.0],[282.0],[15.0],[234.0],[614.0],[518.0],[800.0],[834.0],[163.0],[895.0],[740.0],[798.0],[317.0],[358.0],[692.0],[10.0],[206.0],[282.0],[210.0],[704.0],[434.0],[270.0],[215.0],[9.0],[921.0],[10.0],[849.0],[694.0],[745.0],[10.0],[318.0],[834.0],[539.0],[166.0],[968.0],[385.0],[302.0],[939.0],[37.0],[502.0],[58.0],[157.0],[476.0],[518.0],[235.0],[456.0],[849.0],[757.0],[674.0],[358.0],[270.0],[495.0],[694.0],[692.0],[847.0],[800.0],[939.0],[798.0],[228.0],[798.0],[564.0],[354.0],[457.0],[208.0],[541.0],[318.0],[10.0],[914.0],[164.0],[351.0],[206.0],[144.0],[270.0],[15.0],[672.0],[215.0],[834.0],[881.0],[124.0],[59.0],[790.0],[938.0],[373.0],[800.0],[968.0],[461.0],[461.0],[798.0],[805.0],[46.0],[990.0],[18.0],[692.0],[37.0],[488.0],[852.0],[148.0],[757.0]
363,[37.0],[501.0],[3.0],[539.0],[228.0],[215.0],[385.0],[501.0],[206.0],[914.0],[434.0],[704.0],[796.0],[265.0],[476.0],[373.0],[881.0],[18.0],[939.0],[968.0],[852.0],[798.0],[282.0],[265.0],[740.0],[457.0],[58.0],[18.0],[59.0],[541.0],[434.0],[18.0],[967.0],[59.0],[695.0],[745.0],[210.0],[539.0],[587.0],[302.0],[990.0],[849.0],[358.0],[967.0],[797.0],[501.0],[567.0],[354.0],[834.0],[240.0],[865.0],[847.0],[797.0],[166.0],[541.0],[881.0],[351.0],[206.0],[206.0],[270.0],[9.0],[265.0],[518.0],[446.0],[757.0],[240.0],[941.0],[910.0],[461.0],[157.0],[137.0],[228.0],[37.0],[385.0],[265.0],[228.0],[797.0],[502.0],[910.0],[3.0],[865.0],[692.0],[796.0],[495.0],[58.0],[501.0],[210.0],[890.0],[852.0],[265.0],[416.0],[457.0],[939.0],[587.0],[3.0],[587.0],[457.0],[564.0],[864.0],[358.0]
364,[587.0],[783.0],[695.0],[695.0],[9.0],[362.0],[539.0],[783.0],[37.0],[910.0],[282.0],[798.0],[914.0],[967.0],[797.0],[897.0],[3.0],[46.0],[302.0],[421.0],[564.0],[366.0],[694.0],[215.0],[362.0],[800.0],[358.0],[541.0],[967.0],[518.0],[282.0],[800.0],[161.0],[692.0],[486.0],[434.0],[852.0],[695.0],[68.0],[68.0],[587.0],[692.0],[897.0],[849.0],[399.0],[783.0],[805.0],[864.0],[59.0],[656.0],[407.0],[351.0],[895.0],[563.0],[783.0],[495.0],[369.0],[990.0],[37.0],[265.0],[18.0],[366.0],[541.0],[412.0],[847.0],[656.0],[38.0],[914.0],[890.0],[366.0],[674.0],[9.0],[941.0],[539.0],[502.0],[351.0],[954.0],[740.0],[790.0],[938.0],[897.0],[881.0],[366.0],[166.0],[358.0],[783.0],[852.0],[501.0],[890.0],[332.0],[490.0],[800.0],[302.0],[421.0],[938.0],[421.0],[800.0],[518.0],[476.0],[897.0]
365,[282.0],[941.0],[486.0],[563.0],[68.0],[796.0],[486.0],[941.0],[421.0],[790.0],[968.0],[265.0],[157.0],[215.0],[219.0],[108.0],[276.0],[37.0],[68.0],[461.0],[33.0],[265.0],[968.0],[502.0],[796.0],[206.0],[108.0],[38.0],[692.0],[38.0],[968.0],[46.0],[914.0],[881.0],[563.0],[282.0],[564.0],[3.0],[421.0],[9.0],[939.0],[881.0],[228.0],[59.0],[895.0],[941.0],[416.0],[446.0],[910.0],[847.0],[314.0],[369.0],[704.0],[745.0],[941.0],[563.0],[457.0],[37.0],[587.0],[502.0],[46.0],[215.0],[38.0],[896.0],[206.0],[921.0],[10.0],[790.0],[694.0],[849.0],[656.0],[488.0],[587.0],[881.0],[215.0],[9.0],[848.0],[362.0],[157.0],[539.0],[15.0],[3.0],[318.0],[745.0],[108.0],[941.0],[367.0],[783.0],[694.0],[215.0],[456.0],[206.0],[37.0],[46.0],[495.0],[46.0],[46.0],[501.0],[797.0],[847.0]
366,[421.0],[10.0],[938.0],[276.0],[488.0],[318.0],[495.0],[38.0],[461.0],[157.0],[852.0],[332.0],[849.0],[740.0],[864.0],[15.0],[556.0],[587.0],[37.0],[210.0],[144.0],[215.0],[210.0],[740.0],[834.0],[757.0],[897.0],[367.0],[234.0],[367.0],[210.0],[206.0],[157.0],[910.0],[166.0],[968.0],[144.0],[486.0],[372.0],[372.0],[302.0],[3.0],[369.0],[234.0],[332.0],[206.0],[128.0],[517.0],[790.0],[921.0],[9.0],[897.0],[798.0],[434.0],[10.0],[166.0],[800.0],[939.0],[302.0],[672.0],[488.0],[740.0],[367.0],[148.0],[37.0],[164.0],[18.0],[157.0],[541.0],[59.0],[124.0],[457.0],[10.0],[695.0],[796.0],[369.0],[895.0],[672.0],[849.0],[495.0],[407.0],[695.0],[967.0],[434.0],[164.0],[206.0],[564.0],[694.0],[564.0],[740.0],[354.0],[990.0],[587.0],[461.0],[563.0],[461.0],[990.0],[461.0],[517.0],[15.0]
367,[968.0],[33.0],[495.0],[968.0],[457.0],[914.0],[166.0],[10.0],[890.0],[849.0],[564.0],[215.0],[59.0],[362.0],[895.0],[164.0],[834.0],[990.0],[587.0],[890.0],[385.0],[740.0],[852.0],[796.0],[910.0],[37.0],[164.0],[46.0],[881.0],[163.0],[852.0],[990.0],[849.0],[790.0],[745.0],[276.0],[614.0],[563.0],[757.0],[757.0],[68.0],[938.0],[9.0],[692.0],[317.0],[10.0],[55.0],[148.0],[881.0],[58.0],[999.0],[373.0],[502.0],[276.0],[38.0],[276.0],[108.0],[587.0],[421.0],[215.0],[990.0],[967.0],[501.0],[476.0],[351.0],[58.0],[367.0],[849.0],[38.0],[692.0],[865.0],[800.0],[46.0],[486.0],[318.0],[488.0],[399.0],[954.0],[59.0],[166.0],[228.0],[486.0],[914.0],[282.0],[897.0],[10.0],[518.0],[541.0],[518.0],[362.0],[446.0],[37.0],[421.0],[990.0],[166.0],[890.0],[939.0],[783.0],[895.0],[228.0]
368,[210.0],[18.0],[166.0],[556.0],[800.0],[157.0],[563.0],[367.0],[694.0],[366.0],[33.0],[740.0],[692.0],[234.0],[704.0],[228.0],[910.0],[421.0],[421.0],[694.0],[539.0],[362.0],[541.0],[914.0],[790.0],[587.0],[137.0],[163.0],[161.0],[33.0],[564.0],[939.0],[59.0],[3.0],[434.0],[556.0],[518.0],[276.0],[847.0],[488.0],[372.0],[495.0],[488.0],[881.0],[219.0],[37.0],[490.0],[21.0],[366.0],[358.0],[488.0],[15.0],[265.0],[282.0],[18.0],[556.0],[37.0],[302.0],[68.0],[740.0],[457.0],[362.0],[783.0],[336.0],[369.0],[137.0],[163.0],[366.0],[18.0],[881.0],[921.0],[37.0],[461.0],[3.0],[914.0],[457.0],[704.0],[796.0],[692.0],[745.0],[9.0],[563.0],[234.0],[144.0],[15.0],[18.0],[163.0],[941.0],[541.0],[796.0],[148.0],[939.0],[68.0],[890.0],[745.0],[694.0],[206.0],[890.0],[704.0],[351.0]
369,[852.0],[46.0],[563.0],[834.0],[372.0],[849.0],[276.0],[163.0],[541.0],[967.0],[518.0],[317.0],[967.0],[796.0],[517.0],[137.0],[790.0],[939.0],[461.0],[541.0],[518.0],[967.0],[38.0],[157.0],[318.0],[847.0],[15.0],[990.0],[270.0],[144.0],[33.0],[37.0],[692.0],[366.0],[282.0],[834.0],[501.0],[556.0],[461.0],[457.0],[757.0],[672.0],[457.0],[938.0],[704.0],[18.0],[456.0],[476.0],[3.0],[897.0],[457.0],[228.0],[215.0],[968.0],[46.0],[745.0],[137.0],[68.0],[461.0],[362.0],[939.0],[796.0],[941.0],[797.0],[373.0],[358.0],[46.0],[59.0],[46.0],[3.0],[358.0],[369.0],[990.0],[938.0],[157.0],[800.0],[332.0],[848.0],[881.0],[434.0],[314.0],[938.0],[157.0],[968.0],[674.0],[46.0],[501.0],[10.0],[501.0],[317.0],[797.0],[302.0],[372.0],[939.0],[434.0],[990.0],[302.0],[10.0],[21.0],[9.0]
370,[564.0],[144.0],[276.0],[210.0],[757.0],[881.0],[745.0],[18.0],[38.0],[59.0],[783.0],[219.0],[881.0],[270.0],[21.0],[9.0],[366.0],[302.0],[890.0],[852.0],[501.0],[234.0],[367.0],[849.0],[914.0],[351.0],[228.0],[939.0],[3.0],[501.0],[518.0],[302.0],[881.0],[495.0],[968.0],[210.0],[783.0],[938.0],[351.0],[847.0],[847.0],[166.0],[373.0],[495.0],[798.0],[587.0],[354.0],[797.0],[938.0],[351.0],[800.0],[9.0],[672.0],[210.0],[990.0],[834.0],[587.0],[421.0],[890.0],[796.0],[302.0],[234.0],[10.0],[895.0],[108.0],[897.0],[33.0],[967.0],[990.0],[938.0],[897.0],[373.0],[890.0],[563.0],[672.0],[373.0],[265.0],[399.0],[3.0],[695.0],[488.0],[495.0],[849.0],[210.0],[124.0],[990.0],[33.0],[18.0],[38.0],[318.0],[895.0],[68.0],[757.0],[302.0],[276.0],[939.0],[68.0],[694.0],[798.0],[369.0]
371,[518.0],[614.0],[556.0],[790.0],[206.0],[3.0],[556.0],[46.0],[783.0],[692.0],[941.0],[864.0],[3.0],[318.0],[798.0],[674.0],[938.0],[68.0],[694.0],[38.0],[695.0],[796.0],[564.0],[672.0],[157.0],[369.0],[674.0],[302.0],[672.0],[614.0],[501.0],[68.0],[3.0],[967.0],[276.0],[852.0],[941.0],[834.0],[890.0],[800.0],[351.0],[954.0],[800.0],[166.0],[265.0],[421.0],[604.0],[895.0],[967.0],[15.0],[37.0],[108.0],[954.0],[556.0],[939.0],[910.0],[421.0],[461.0],[372.0],[954.0],[800.0],[318.0],[18.0],[704.0],[164.0],[15.0],[144.0],[881.0],[939.0],[967.0],[15.0],[587.0],[939.0],[276.0],[954.0],[108.0],[317.0],[318.0],[938.0],[282.0],[457.0],[166.0],[59.0],[852.0],[865.0],[37.0],[144.0],[38.0],[941.0],[914.0],[704.0],[587.0],[461.0],[694.0],[282.0],[541.0],[372.0],[541.0],[412.0],[373.0]
372,[461.0],[990.0],[834.0],[852.0],[847.0],[161.0],[834.0],[33.0],[367.0],[881.0],[10.0],[517.0],[938.0],[502.0],[265.0],[124.0],[495.0],[461.0],[372.0],[518.0],[486.0],[318.0],[518.0],[59.0],[849.0],[421.0],[9.0],[68.0],[938.0],[783.0],[783.0],[587.0],[270.0],[166.0],[210.0],[564.0],[385.0],[495.0],[694.0],[351.0],[421.0],[848.0],[206.0],[161.0],[215.0],[461.0],[446.0],[704.0],[495.0],[369.0],[587.0],[164.0],[848.0],[834.0],[302.0],[434.0],[674.0],[890.0],[694.0],[318.0],[37.0],[914.0],[46.0],[798.0],[137.0],[228.0],[614.0],[234.0],[367.0],[234.0],[407.0],[421.0],[694.0],[556.0],[849.0],[206.0],[215.0],[914.0],[495.0],[968.0],[800.0],[276.0],[692.0],[614.0],[407.0],[587.0],[614.0],[990.0],[367.0],[157.0],[798.0],[372.0],[890.0],[541.0],[968.0],[38.0],[37.0],[38.0],[896.0],[488.0]
373,[890.0],[385.0],[910.0],[366.0],[37.0],[495.0],[910.0],[144.0],[163.0],[3.0],[144.0],[21.0],[234.0],[914.0],[215.0],[457.0],[967.0],[890.0],[541.0],[367.0],[783.0],[914.0],[163.0],[692.0],[59.0],[461.0],[488.0],[33.0],[954.0],[941.0],[941.0],[372.0],[938.0],[745.0],[556.0],[910.0],[539.0],[166.0],[541.0],[206.0],[369.0],[745.0],[108.0],[745.0],[740.0],[46.0],[148.0],[412.0],[166.0],[373.0],[402.0],[137.0],[740.0],[852.0],[372.0],[282.0],[124.0],[694.0],[757.0],[848.0],[68.0],[161.0],[990.0],[42.0],[674.0],[674.0],[990.0],[3.0],[163.0],[161.0],[228.0],[164.0],[541.0],[166.0],[848.0],[164.0],[219.0],[332.0],[366.0],[486.0],[206.0],[434.0],[881.0],[385.0],[314.0],[939.0],[783.0],[939.0],[10.0],[849.0],[265.0],[757.0],[847.0],[38.0],[556.0],[367.0],[757.0],[367.0],[336.0],[108.0]
374,[694.0],[372.0],[745.0],[564.0],[351.0],[166.0],[434.0],[385.0],[941.0],[234.0],[18.0],[412.0],[495.0],[672.0],[740.0],[865.0],[234.0],[694.0],[38.0],[501.0],[941.0],[157.0],[33.0],[881.0],[366.0],[890.0],[124.0],[614.0],[495.0],[385.0],[144.0],[421.0],[502.0],[234.0],[910.0],[790.0],[10.0],[910.0],[38.0],[369.0],[108.0],[434.0],[37.0],[434.0],[362.0],[890.0],[476.0],[798.0],[745.0],[108.0],[421.0],[674.0],[362.0],[564.0],[367.0],[968.0],[461.0],[372.0],[541.0],[914.0],[587.0],[270.0],[163.0],[265.0],[124.0],[9.0],[939.0],[161.0],[33.0],[270.0],[314.0],[137.0],[38.0],[834.0],[399.0],[37.0],[740.0],[157.0],[166.0],[563.0],[999.0],[556.0],[161.0],[539.0],[999.0],[421.0],[385.0],[367.0],[18.0],[864.0],[215.0],[421.0],[351.0],[68.0],[834.0],[163.0],[587.0],[33.0],[265.0],[164.0]
375,[541.0],[539.0],[790.0],[967.0],[369.0],[745.0],[790.0],[539.0],[10.0],[938.0],[614.0],[896.0],[161.0],[954.0],[412.0],[800.0],[166.0],[372.0],[367.0],[163.0],[10.0],[270.0],[144.0],[3.0],[967.0],[373.0],[865.0],[372.0],[848.0],[539.0],[10.0],[757.0],[672.0],[161.0],[852.0],[518.0],[18.0],[745.0],[367.0],[373.0],[164.0],[282.0],[164.0],[282.0],[318.0],[694.0],[814.0],[896.0],[234.0],[228.0],[461.0],[488.0],[796.0],[518.0],[163.0],[210.0],[890.0],[541.0],[38.0],[157.0],[372.0],[157.0],[33.0],[215.0],[587.0],[488.0],[302.0],[938.0],[144.0],[502.0],[9.0],[461.0],[367.0],[745.0],[332.0],[587.0],[362.0],[849.0],[967.0],[210.0],[37.0],[282.0],[3.0],[564.0],[402.0],[461.0],[539.0],[302.0],[163.0],[59.0],[740.0],[461.0],[694.0],[372.0],[210.0],[302.0],[847.0],[990.0],[215.0],[457.0]
376,[941.0],[695.0],[434.0],[518.0],[421.0],[434.0],[282.0],[695.0],[18.0],[270.0],[46.0],[362.0],[166.0],[157.0],[896.0],[206.0],[745.0],[541.0],[163.0],[33.0],[563.0],[849.0],[501.0],[954.0],[692.0],[694.0],[457.0],[757.0],[399.0],[10.0],[18.0],[461.0],[954.0],[434.0],[564.0],[501.0],[46.0],[790.0],[369.0],[108.0],[461.0],[399.0],[587.0],[270.0],[914.0],[990.0],[603.0],[265.0],[434.0],[164.0],[890.0],[124.0],[318.0],[910.0],[757.0],[852.0],[865.0],[38.0],[367.0],[849.0],[757.0],[59.0],[144.0],[740.0],[865.0],[457.0],[68.0],[270.0],[614.0],[672.0],[488.0],[674.0],[163.0],[434.0],[59.0],[461.0],[864.0],[59.0],[745.0],[852.0],[402.0],[968.0],[938.0],[518.0],[680.0],[890.0],[941.0],[68.0],[46.0],[692.0],[81.0],[890.0],[369.0],[757.0],[910.0],[68.0],[421.0],[144.0],[740.0],[800.0]
377,[10.0],[486.0],[967.0],[501.0],[461.0],[282.0],[968.0],[486.0],[46.0],[502.0],[385.0],[796.0],[270.0],[849.0],[42.0],[37.0],[161.0],[38.0],[757.0],[144.0],[18.0],[692.0],[783.0],[938.0],[881.0],[541.0],[407.0],[385.0],[166.0],[18.0],[385.0],[890.0],[495.0],[282.0],[790.0],[783.0],[695.0],[434.0],[33.0],[37.0],[137.0],[210.0],[137.0],[502.0],[157.0],[939.0],[797.0],[215.0],[282.0],[9.0],[680.0],[457.0],[399.0],[790.0],[847.0],[564.0],[407.0],[757.0],[163.0],[59.0],[421.0],[692.0],[939.0],[81.0],[421.0],[124.0],[372.0],[495.0],[68.0],[495.0],[457.0],[124.0],[33.0],[910.0],[317.0],[890.0],[517.0],[692.0],[434.0],[276.0],[587.0],[210.0],[495.0],[501.0],[228.0],[302.0],[10.0],[372.0],[33.0],[517.0],[170.0],[694.0],[373.0],[847.0],[852.0],[33.0],[461.0],[614.0],[42.0],[206.0]
378,[38.0],[276.0],[282.0],[783.0],[890.0],[270.0],[366.0],[990.0],[990.0],[672.0],[539.0],[318.0],[745.0],[59.0],[362.0],[587.0],[434.0],[757.0],[33.0],[783.0],[46.0],[502.0],[941.0],[166.0],[3.0],[108.0],[314.0],[539.0],[745.0],[695.0],[539.0],[694.0],[745.0],[968.0],[501.0],[941.0],[486.0],[366.0],[144.0],[164.0],[890.0],[332.0],[421.0],[968.0],[849.0],[541.0],[904.0],[740.0],[968.0],[488.0],[694.0],[800.0],[332.0],[501.0],[33.0],[518.0],[314.0],[367.0],[33.0],[692.0],[847.0],[502.0],[614.0],[362.0],[407.0],[865.0],[385.0],[502.0],[385.0],[954.0],[800.0],[407.0],[144.0],[790.0],[219.0],[694.0],[412.0],[881.0],[234.0],[834.0],[421.0],[852.0],[270.0],[695.0],[353.0],[694.0],[18.0],[163.0],[990.0],[881.0],[362.0],[541.0],[541.0],[367.0],[564.0],[144.0],[890.0],[385.0],[362.0],[137.0]
379,[18.0],[556.0],[234.0],[941.0],[373.0],[502.0],[210.0],[939.0],[33.0],[495.0],[695.0],[914.0],[434.0],[692.0],[81.0],[421.0],[270.0],[847.0],[847.0],[10.0],[990.0],[672.0],[10.0],[745.0],[938.0],[38.0],[999.0],[695.0],[434.0],[46.0],[46.0],[541.0],[848.0],[210.0],[783.0],[10.0],[563.0],[282.0],[614.0],[137.0],[694.0],[852.0],[461.0],[672.0],[59.0],[38.0],[913.0],[336.0],[210.0],[457.0],[353.0],[206.0],[914.0],[366.0],[351.0],[501.0],[694.0],[163.0],[144.0],[881.0],[461.0],[672.0],[302.0],[796.0],[461.0],[407.0],[757.0],[672.0],[539.0],[166.0],[206.0],[890.0],[302.0],[282.0],[864.0],[541.0],[796.0],[3.0],[282.0],[790.0],[461.0],[910.0],[166.0],[486.0],[9.0],[68.0],[695.0],[757.0],[144.0],[3.0],[796.0],[38.0],[108.0],[351.0],[790.0],[372.0],[351.0],[539.0],[796.0],[37.0]
380,[367.0],[834.0],[161.0],[10.0],[694.0],[672.0],[852.0],[563.0],[939.0],[166.0],[990.0],[157.0],[502.0],[881.0],[796.0],[461.0],[282.0],[367.0],[351.0],[614.0],[276.0],[954.0],[614.0],[434.0],[270.0],[164.0],[402.0],[486.0],[332.0],[486.0],[695.0],[847.0],[282.0],[270.0],[941.0],[18.0],[990.0],[968.0],[385.0],[587.0],[674.0],[317.0],[890.0],[210.0],[692.0],[302.0],[895.0],[42.0],[852.0],[800.0],[541.0],[865.0],[317.0],[783.0],[369.0],[790.0],[38.0],[33.0],[614.0],[3.0],[890.0],[881.0],[68.0],[170.0],[314.0],[800.0],[539.0],[954.0],[372.0],[745.0],[37.0],[314.0],[614.0],[968.0],[692.0],[137.0],[318.0],[938.0],[161.0],[564.0],[694.0],[564.0],[502.0],[783.0],[597.0],[541.0],[486.0],[847.0],[939.0],[938.0],[318.0],[367.0],[38.0],[369.0],[518.0],[757.0],[694.0],[695.0],[81.0],[587.0]
381,[46.0],[757.0],[270.0],[18.0],[541.0],[954.0],[967.0],[302.0],[144.0],[848.0],[939.0],[849.0],[282.0],[3.0],[318.0],[890.0],[672.0],[351.0],[144.0],[385.0],[939.0],[399.0],[18.0],[282.0],[495.0],[367.0],[800.0],[563.0],[968.0],[990.0],[486.0],[38.0],[399.0],[564.0],[366.0],[46.0],[939.0],[967.0],[539.0],[124.0],[124.0],[564.0],[674.0],[852.0],[864.0],[367.0],[704.0],[362.0],[564.0],[137.0],[38.0],[37.0],[157.0],[941.0],[144.0],[941.0],[367.0],[847.0],[385.0],[938.0],[351.0],[954.0],[372.0],[438.0],[890.0],[206.0],[695.0],[166.0],[695.0],[434.0],[587.0],[999.0],[385.0],[210.0],[881.0],[674.0],[914.0],[495.0],[968.0],[518.0],[541.0],[518.0],[745.0],[941.0],[488.0],[38.0],[563.0],[351.0],[614.0],[21.0],[914.0],[847.0],[367.0],[373.0],[366.0],[614.0],[541.0],[939.0],[318.0],[421.0]
382,[990.0],[847.0],[968.0],[46.0],[108.0],[968.0],[564.0],[68.0],[614.0],[399.0],[302.0],[336.0],[968.0],[848.0],[914.0],[407.0],[954.0],[369.0],[614.0],[18.0],[556.0],[332.0],[385.0],[968.0],[166.0],[137.0],[680.0],[351.0],[210.0],[563.0],[990.0],[351.0],[332.0],[518.0],[10.0],[366.0],[276.0],[210.0],[373.0],[865.0],[541.0],[518.0],[694.0],[954.0],[881.0],[68.0],[798.0],[796.0],[518.0],[206.0],[597.0],[407.0],[849.0],[10.0],[614.0],[10.0],[163.0],[351.0],[695.0],[332.0],[369.0],[848.0],[385.0],[318.0],[999.0],[37.0],[847.0],[848.0],[486.0],[848.0],[421.0],[402.0],[68.0],[852.0],[517.0],[865.0],[157.0],[166.0],[210.0],[501.0],[680.0],[501.0],[434.0],[10.0],[737.0],[372.0],[276.0],[369.0],[302.0],[412.0],[157.0],[33.0],[164.0],[163.0],[501.0],[369.0],[38.0],[302.0],[914.0],[674.0]
383,[163.0],[910.0],[210.0],[990.0],[38.0],[848.0],[518.0],[372.0],[385.0],[745.0],[68.0],[42.0],[210.0],[399.0],[170.0],[694.0],[968.0],[163.0],[385.0],[46.0],[302.0],[317.0],[990.0],[210.0],[745.0],[163.0],[206.0],[556.0],[852.0],[276.0],[563.0],[367.0],[968.0],[501.0],[18.0],[967.0],[302.0],[852.0],[108.0],[421.0],[865.0],[501.0],[541.0],[848.0],[517.0],[163.0],[265.0],[318.0],[501.0],[674.0],[367.0],[587.0],[59.0],[18.0],[539.0],[366.0],[999.0],[144.0],[486.0],[317.0],[541.0],[3.0],[539.0],[914.0],[402.0],[587.0],[486.0],[399.0],[563.0],[399.0],[461.0],[694.0],[372.0],[564.0],[3.0],[38.0],[896.0],[745.0],[270.0],[366.0],[38.0],[783.0],[282.0],[276.0],[457.0],[367.0],[46.0],[373.0],[385.0],[896.0],[849.0],[144.0],[163.0],[33.0],[967.0],[373.0],[367.0],[68.0],[157.0],[461.0]
384,[33.0],[351.0],[852.0],[234.0],[164.0],[210.0],[501.0],[757.0],[68.0],[434.0],[372.0],[81.0],[852.0],[332.0],[157.0],[314.0],[848.0],[33.0],[369.0],[539.0],[68.0],[881.0],[539.0],[852.0],[434.0],[674.0],[37.0],[834.0],[564.0],[556.0],[276.0],[369.0],[210.0],[502.0],[46.0],[990.0],[68.0],[564.0],[164.0],[461.0],[38.0],[783.0],[865.0],[564.0],[21.0],[33.0],[215.0],[914.0],[783.0],[124.0],[163.0],[421.0],[692.0],[967.0],[695.0],[967.0],[402.0],[614.0],[563.0],[495.0],[108.0],[938.0],[695.0],[235.0],[694.0],[314.0],[351.0],[332.0],[757.0],[282.0],[890.0],[680.0],[757.0],[518.0],[938.0],[367.0],[849.0],[434.0],[502.0],[783.0],[367.0],[790.0],[954.0],[556.0],[426.0],[757.0],[990.0],[33.0],[68.0],[495.0],[59.0],[351.0],[33.0],[144.0],[234.0],[385.0],[369.0],[486.0],[849.0],[124.0]
385,[939.0],[790.0],[672.0],[939.0],[137.0],[852.0],[783.0],[847.0],[372.0],[282.0],[757.0],[59.0],[672.0],[938.0],[849.0],[541.0],[210.0],[373.0],[373.0],[939.0],[834.0],[3.0],[939.0],[564.0],[282.0],[33.0],[587.0],[369.0],[317.0],[834.0],[939.0],[163.0],[317.0],[783.0],[967.0],[939.0],[372.0],[518.0],[137.0],[890.0],[367.0],[941.0],[38.0],[518.0],[412.0],[372.0],[618.0],[81.0],[161.0],[37.0],[33.0],[314.0],[219.0],[234.0],[373.0],[18.0],[33.0],[369.0],[847.0],[745.0],[164.0],[399.0],[486.0],[567.0],[541.0],[999.0],[563.0],[745.0],[276.0],[317.0],[694.0],[541.0],[695.0],[501.0],[495.0],[407.0],[59.0],[317.0],[852.0],[967.0],[163.0],[941.0],[968.0],[18.0],[800.0],[847.0],[939.0],[164.0],[372.0],[166.0],[438.0],[369.0],[144.0],[614.0],[783.0],[539.0],[163.0],[372.0],[59.0],[865.0]
386,[302.0],[366.0],[954.0],[161.0],[674.0],[564.0],[941.0],[276.0],[757.0],[332.0],[351.0],[235.0],[518.0],[317.0],[438.0],[999.0],[852.0],[108.0],[108.0],[695.0],[910.0],[938.0],[695.0],[518.0],[968.0],[144.0],[421.0],[910.0],[518.0],[910.0],[302.0],[33.0],[219.0],[672.0],[234.0],[234.0],[556.0],[783.0],[695.0],[694.0],[163.0],[10.0],[367.0],[501.0],[336.0],[757.0],[740.0],[170.0],[941.0],[865.0],[737.0],[461.0],[881.0],[46.0],[486.0],[46.0],[144.0],[385.0],[276.0],[434.0],[38.0],[495.0],[563.0],[157.0],[680.0],[402.0],[369.0],[317.0],[847.0],[968.0],[541.0],[38.0],[847.0],[366.0],[21.0],[314.0],[692.0],[282.0],[672.0],[234.0],[353.0],[10.0],[210.0],[834.0],[65.0],[163.0],[68.0],[144.0],[757.0],[745.0],[692.0],[614.0],[614.0],[108.0],[161.0],[108.0],[33.0],[757.0],[692.0],[407.0]
387,[144.0],[369.0],[564.0],[302.0],[367.0],[518.0],[234.0],[351.0],[539.0],[968.0],[486.0],[567.0],[954.0],[219.0],[59.0],[38.0],[399.0],[164.0],[164.0],[486.0],[790.0],[219.0],[302.0],[399.0],[210.0],[124.0],[353.0],[373.0],[501.0],[939.0],[68.0],[144.0],[852.0],[954.0],[161.0],[302.0],[834.0],[10.0],[486.0],[407.0],[407.0],[18.0],[163.0],[783.0],[42.0],[847.0],[362.0],[438.0],[10.0],[587.0],[426.0],[890.0],[517.0],[990.0],[563.0],[234.0],[385.0],[373.0],[351.0],[282.0],[367.0],[166.0],[847.0],[849.0],[353.0],[421.0],[276.0],[434.0],[351.0],[210.0],[38.0],[367.0],[486.0],[967.0],[166.0],[999.0],[881.0],[968.0],[564.0],[161.0],[33.0],[366.0],[852.0],[46.0],[206.0],[33.0],[372.0],[137.0],[847.0],[434.0],[881.0],[385.0],[137.0],[385.0],[270.0],[695.0],[373.0],[847.0],[881.0],[890.0]
388,[614.0],[373.0],[518.0],[270.0],[124.0],[501.0],[161.0],[369.0],[695.0],[317.0],[563.0],[692.0],[501.0],[495.0],[235.0],[367.0],[564.0],[137.0],[539.0],[302.0],[372.0],[864.0],[68.0],[332.0],[852.0],[614.0],[461.0],[790.0],[783.0],[302.0],[556.0],[614.0],[864.0],[941.0],[270.0],[68.0],[910.0],[234.0],[563.0],[314.0],[314.0],[46.0],[33.0],[399.0],[81.0],[144.0],[796.0],[235.0],[18.0],[421.0],[144.0],[694.0],[938.0],[939.0],[276.0],[990.0],[539.0],[108.0],[369.0],[968.0],[137.0],[332.0],[351.0],[59.0],[597.0],[461.0],[373.0],[968.0],[556.0],[852.0],[163.0],[353.0],[563.0],[234.0],[745.0],[402.0],[336.0],[210.0],[518.0],[270.0],[614.0],[967.0],[564.0],[910.0],[37.0],[351.0],[757.0],[674.0],[539.0],[336.0],[235.0],[539.0],[674.0],[539.0],[672.0],[486.0],[108.0],[563.0],[170.0],[314.0]
389,[68.0],[108.0],[501.0],[68.0],[865.0],[10.0],[270.0],[556.0],[486.0],[210.0],[276.0],[3.0],[848.0],[864.0],[692.0],[402.0],[518.0],[674.0],[695.0],[68.0],[366.0],[517.0],[372.0],[317.0],[502.0],[385.0],[890.0],[108.0],[219.0],[790.0],[372.0],[385.0],[518.0],[848.0],[939.0],[372.0],[757.0],[270.0],[276.0],[541.0],[33.0],[990.0],[407.0],[941.0],[3.0],[614.0],[318.0],[567.0],[270.0],[890.0],[65.0],[541.0],[21.0],[302.0],[556.0],[161.0],[695.0],[164.0],[556.0],[219.0],[163.0],[745.0],[276.0],[692.0],[737.0],[680.0],[108.0],[210.0],[834.0],[219.0],[999.0],[597.0],[351.0],[161.0],[434.0],[680.0],[42.0],[852.0],[501.0],[502.0],[597.0],[234.0],[518.0],[790.0],[514.0],[144.0],[556.0],[124.0],[695.0],[42.0],[3.0],[373.0],[124.0],[164.0],[954.0],[164.0],[164.0],[351.0],[438.0],[999.0]
390,[385.0],[967.0],[783.0],[372.0],[163.0],[399.0],[10.0],[834.0],[563.0],[219.0],[556.0],[938.0],[941.0],[166.0],[881.0],[680.0],[501.0],[124.0],[137.0],[372.0],[757.0],[412.0],[757.0],[501.0],[672.0],[539.0],[597.0],[366.0],[941.0],[372.0],[834.0],[373.0],[501.0],[10.0],[502.0],[161.0],[847.0],[502.0],[674.0],[38.0],[144.0],[939.0],[314.0],[10.0],[938.0],[385.0],[914.0],[157.0],[502.0],[407.0],[614.0],[38.0],[495.0],[161.0],[834.0],[939.0],[680.0],[137.0],[834.0],[210.0],[33.0],[317.0],[369.0],[128.0],[38.0],[890.0],[556.0],[219.0],[369.0],[564.0],[402.0],[737.0],[276.0],[270.0],[282.0],[33.0],[3.0],[564.0],[954.0],[672.0],[385.0],[161.0],[501.0],[366.0],[686.0],[369.0],[847.0],[865.0],[351.0],[282.0],[567.0],[108.0],[865.0],[695.0],[848.0],[563.0],[137.0],[369.0],[235.0],[694.0]
391,[539.0],[234.0],[848.0],[502.0],[33.0],[18.0],[18.0],[373.0],[276.0],[864.0],[834.0],[495.0],[399.0],[745.0],[3.0],[163.0],[783.0],[865.0],[563.0],[563.0],[967.0],[896.0],[847.0],[783.0],[954.0],[865.0],[694.0],[967.0],[10.0],[366.0],[757.0],[539.0],[517.0],[399.0],[672.0],[757.0],[790.0],[672.0],[556.0],[999.0],[614.0],[219.0],[999.0],[332.0],[170.0],[351.0],[157.0],[128.0],[46.0],[314.0],[514.0],[367.0],[166.0],[270.0],[108.0],[270.0],[353.0],[674.0],[373.0],[852.0],[674.0],[434.0],[373.0],[55.0],[426.0],[694.0],[834.0],[864.0],[373.0],[518.0],[33.0],[163.0],[369.0],[502.0],[968.0],[353.0],[81.0],[518.0],[848.0],[848.0],[539.0],[502.0],[848.0],[990.0],[670.0],[614.0],[351.0],[407.0],[486.0],[210.0],[938.0],[164.0],[407.0],[137.0],[941.0],[276.0],[144.0],[276.0],[3.0],[541.0]
392,[695.0],[164.0],[941.0],[757.0],[144.0],[332.0],[502.0],[108.0],[556.0],[517.0],[369.0],[166.0],[332.0],[434.0],[938.0],[33.0],[941.0],[407.0],[674.0],[847.0],[847.0],[336.0],[351.0],[219.0],[848.0],[407.0],[541.0],[234.0],[18.0],[757.0],[847.0],[695.0],[783.0],[18.0],[302.0],[847.0],[366.0],[18.0],[834.0],[402.0],[999.0],[302.0],[144.0],[18.0],[495.0],[539.0],[146.0],[55.0],[990.0],[694.0],[385.0],[33.0],[412.0],[68.0],[164.0],[502.0],[486.0],[539.0],[108.0],[564.0],[144.0],[282.0],[556.0],[881.0],[65.0],[353.0],[164.0],[517.0],[108.0],[864.0],[680.0],[426.0],[373.0],[783.0],[852.0],[597.0],[938.0],[501.0],[783.0],[399.0],[737.0],[672.0],[783.0],[939.0],[587.0],[373.0],[834.0],[614.0],[369.0],[852.0],[495.0],[137.0],[385.0],[674.0],[399.0],[137.0],[614.0],[556.0],[938.0],[38.0]
393,[486.0],[137.0],[10.0],[672.0],[614.0],[317.0],[46.0],[910.0],[834.0],[852.0],[910.0],[745.0],[10.0],[282.0],[567.0],[353.0],[332.0],[144.0],[276.0],[276.0],[234.0],[42.0],[369.0],[864.0],[332.0],[314.0],[38.0],[164.0],[864.0],[967.0],[351.0],[486.0],[21.0],[46.0],[954.0],[351.0],[351.0],[954.0],[910.0],[367.0],[385.0],[68.0],[402.0],[46.0],[166.0],[695.0],[435.0],[849.0],[672.0],[541.0],[670.0],[999.0],[745.0],[502.0],[137.0],[672.0],[563.0],[695.0],[910.0],[864.0],[124.0],[968.0],[108.0],[604.0],[367.0],[541.0],[910.0],[852.0],[164.0],[517.0],[353.0],[33.0],[108.0],[941.0],[412.0],[737.0],[495.0],[783.0],[941.0],[332.0],[426.0],[18.0],[941.0],[302.0],[320.0],[108.0],[369.0],[385.0],[276.0],[81.0],[166.0],[674.0],[539.0],[486.0],[332.0],[556.0],[385.0],[834.0],[567.0],[402.0]
394,[563.0],[674.0],[18.0],[351.0],[407.0],[219.0],[672.0],[790.0],[910.0],[21.0],[790.0],[128.0],[18.0],[968.0],[128.0],[144.0],[317.0],[614.0],[556.0],[351.0],[161.0],[495.0],[373.0],[941.0],[564.0],[695.0],[367.0],[161.0],[517.0],[847.0],[910.0],[563.0],[941.0],[332.0],[848.0],[270.0],[967.0],[46.0],[124.0],[680.0],[539.0],[864.0],[680.0],[990.0],[235.0],[369.0],[112.0],[59.0],[848.0],[999.0],[539.0],[144.0],[896.0],[372.0],[674.0],[954.0],[556.0],[124.0],[790.0],[517.0],[865.0],[210.0],[164.0],[814.0],[163.0],[38.0],[137.0],[21.0],[137.0],[783.0],[144.0],[144.0],[556.0],[10.0],[564.0],[144.0],[170.0],[941.0],[399.0],[317.0],[65.0],[46.0],[399.0],[967.0],[11.0],[385.0],[373.0],[539.0],[556.0],[564.0],[128.0],[124.0],[695.0],[124.0],[317.0],[834.0],[539.0],[373.0],[495.0],[163.0]
395,[372.0],[124.0],[399.0],[954.0],[314.0],[46.0],[954.0],[164.0],[847.0],[412.0],[366.0],[55.0],[317.0],[210.0],[495.0],[597.0],[219.0],[314.0],[834.0],[369.0],[351.0],[81.0],[486.0],[517.0],[317.0],[486.0],[737.0],[137.0],[21.0],[351.0],[369.0],[164.0],[412.0],[317.0],[399.0],[502.0],[161.0],[990.0],[366.0],[163.0],[486.0],[517.0],[614.0],[317.0],[567.0],[486.0],[346.0],[692.0],[939.0],[38.0],[320.0],[402.0],[336.0],[757.0],[910.0],[848.0],[597.0],[865.0],[164.0],[501.0],[614.0],[852.0],[834.0],[3.0],[514.0],[367.0],[790.0],[564.0],[674.0],[21.0],[597.0],[65.0],[834.0],[18.0],[518.0],[426.0],[438.0],[219.0],[332.0],[941.0],[514.0],[990.0],[10.0],[68.0],[736.0],[539.0],[108.0],[695.0],[834.0],[518.0],[55.0],[695.0],[486.0],[563.0],[219.0],[910.0],[695.0],[108.0],[745.0],[680.0]
396,[847.0],[865.0],[332.0],[848.0],[999.0],[864.0],[848.0],[137.0],[369.0],[518.0],[373.0],[604.0],[46.0],[517.0],[604.0],[614.0],[864.0],[999.0],[124.0],[373.0],[369.0],[170.0],[108.0],[10.0],[219.0],[563.0],[426.0],[674.0],[412.0],[369.0],[790.0],[137.0],[896.0],[990.0],[68.0],[373.0],[369.0],[939.0],[407.0],[144.0],[402.0],[21.0],[353.0],[219.0],[745.0],[563.0],[849.0],[604.0],[302.0],[402.0],[695.0],[614.0],[434.0],[672.0],[124.0],[399.0],[834.0],[407.0],[366.0],[783.0],[385.0],[219.0],[910.0],[938.0],[33.0],[163.0],[366.0],[518.0],[124.0],[941.0],[737.0],[385.0],[164.0],[46.0],[501.0],[614.0],[235.0],[10.0],[317.0],[10.0],[686.0],[939.0],[18.0],[372.0],[421.0],[164.0],[164.0],[314.0],[373.0],[170.0],[604.0],[865.0],[563.0],[865.0],[10.0],[790.0],[674.0],[910.0],[128.0],[353.0]
397,[351.0],[407.0],[317.0],[399.0],[680.0],[517.0],[990.0],[674.0],[373.0],[501.0],[108.0],[434.0],[219.0],[21.0],[166.0],[737.0],[10.0],[385.0],[865.0],[556.0],[373.0],[438.0],[563.0],[18.0],[864.0],[999.0],[163.0],[124.0],[46.0],[373.0],[373.0],[276.0],[10.0],[939.0],[372.0],[108.0],[270.0],[302.0],[967.0],[614.0],[680.0],[757.0],[385.0],[864.0],[128.0],[276.0],[59.0],[814.0],[68.0],[367.0],[11.0],[385.0],[42.0],[954.0],[865.0],[332.0],[910.0],[486.0],[137.0],[941.0],[539.0],[564.0],[137.0],[603.0],[144.0],[33.0],[674.0],[501.0],[910.0],[412.0],[614.0],[539.0],[910.0],[672.0],[896.0],[385.0],[567.0],[18.0],[219.0],[18.0],[670.0],[302.0],[332.0],[161.0],[461.0],[137.0],[137.0],[486.0],[910.0],[438.0],[745.0],[407.0],[314.0],[407.0],[18.0],[674.0],[486.0],[790.0],[434.0],[597.0]
398,[276.0],[161.0],[46.0],[369.0],[385.0],[990.0],[399.0],[124.0],[108.0],[896.0],[164.0],[814.0],[864.0],[412.0],[745.0],[426.0],[517.0],[539.0],[910.0],[834.0],[108.0],[235.0],[164.0],[46.0],[517.0],[402.0],[65.0],[270.0],[990.0],[108.0],[366.0],[674.0],[336.0],[219.0],[332.0],[164.0],[502.0],[68.0],[314.0],[353.0],[563.0],[847.0],[737.0],[939.0],[434.0],[373.0],[692.0],[881.0],[399.0],[33.0],[486.0],[680.0],[81.0],[848.0],[790.0],[68.0],[790.0],[314.0],[967.0],[21.0],[407.0],[864.0],[790.0],[495.0],[385.0],[614.0],[124.0],[783.0],[865.0],[10.0],[426.0],[695.0],[790.0],[990.0],[783.0],[65.0],[128.0],[46.0],[10.0],[46.0],[320.0],[954.0],[46.0],[270.0],[255.0],[695.0],[910.0],[999.0],[108.0],[235.0],[434.0],[314.0],[276.0],[314.0],[46.0],[124.0],[563.0],[164.0],[282.0],[33.0]
399,[556.0],[314.0],[990.0],[373.0],[539.0],[939.0],[939.0],[865.0],[790.0],[336.0],[967.0],[282.0],[517.0],[896.0],[434.0],[385.0],[18.0],[695.0],[790.0],[910.0],[164.0],[166.0],[276.0],[990.0],[21.0],[680.0],[33.0],[865.0],[896.0],[137.0],[967.0],[124.0],[42.0],[864.0],[757.0],[137.0],[373.0],[372.0],[999.0],[597.0],[276.0],[351.0],[539.0],[302.0],[55.0],[834.0],[881.0],[3.0],[332.0],[144.0],[736.0],[539.0],[170.0],[847.0],[407.0],[372.0],[737.0],[999.0],[674.0],[412.0],[695.0],[517.0],[366.0],[166.0],[686.0],[385.0],[865.0],[941.0],[790.0],[18.0],[385.0],[486.0],[137.0],[954.0],[336.0],[514.0],[55.0],[864.0],[864.0],[219.0],[11.0],[68.0],[990.0],[757.0],[727.0],[674.0],[790.0],[563.0],[164.0],[567.0],[814.0],[563.0],[999.0],[276.0],[990.0],[366.0],[865.0],[137.0],[55.0],[737.0]
400,[373.0],[402.0],[939.0],[332.0],[695.0],[302.0],[332.0],[366.0],[366.0],[783.0],[137.0],[603.0],[21.0],[336.0],[814.0],[539.0],[21.0],[486.0],[407.0],[108.0],[270.0],[567.0],[556.0],[21.0],[412.0],[353.0],[144.0],[407.0],[336.0],[161.0],[108.0],[865.0],[18.0],[517.0],[847.0],[674.0],[672.0],[757.0],[161.0],[385.0],[834.0],[369.0],[695.0],[372.0],[282.0],[910.0],[231.0],[938.0],[317.0],[614.0],[563.0],[695.0],[438.0],[351.0],[314.0],[317.0],[426.0],[563.0],[124.0],[10.0],[486.0],[21.0],[967.0],[745.0],[670.0],[539.0],[407.0],[10.0],[366.0],[896.0],[539.0],[514.0],[366.0],[848.0],[941.0],[686.0],[166.0],[990.0],[517.0],[990.0],[695.0],[848.0],[939.0],[847.0],[996.0],[124.0],[674.0],[402.0],[137.0],[128.0],[603.0],[276.0],[680.0],[999.0],[864.0],[865.0],[407.0],[366.0],[604.0],[144.0]
401,[834.0],[270.0],[302.0],[317.0],[353.0],[68.0],[302.0],[407.0],[164.0],[10.0],[674.0],[968.0],[412.0],[852.0],[603.0],[65.0],[46.0],[563.0],[314.0],[790.0],[502.0],[434.0],[137.0],[302.0],[896.0],[597.0],[614.0],[502.0],[81.0],[674.0],[234.0],[407.0],[46.0],[68.0],[351.0],[672.0],[108.0],[847.0],[270.0],[539.0],[353.0],[373.0],[486.0],[757.0],[968.0],[790.0],[868.0],[495.0],[372.0],[353.0],[255.0],[353.0],[968.0],[373.0],[999.0],[219.0],[65.0],[276.0],[865.0],[18.0],[314.0],[518.0],[674.0],[904.0],[539.0],[597.0],[967.0],[18.0],[967.0],[46.0],[695.0],[686.0],[674.0],[939.0],[42.0],[670.0],[745.0],[939.0],[21.0],[302.0],[486.0],[372.0],[302.0],[502.0],[606.0],[865.0],[366.0],[276.0],[674.0],[55.0],[904.0],[556.0],[556.0],[556.0],[939.0],[407.0],[276.0],[674.0],[814.0],[614.0]
402,[108.0],[502.0],[219.0],[219.0],[597.0],[372.0],[317.0],[314.0],[137.0],[42.0],[124.0],[904.0],[990.0],[42.0],[282.0],[514.0],[990.0],[276.0],[999.0],[164.0],[672.0],[128.0],[834.0],[68.0],[518.0],[276.0],[385.0],[672.0],[939.0],[270.0],[164.0],[556.0],[990.0],[21.0],[369.0],[954.0],[954.0],[351.0],[502.0],[737.0],[597.0],[896.0],[426.0],[517.0],[604.0],[366.0],[3.0],[603.0],[757.0],[385.0],[727.0],[563.0],[210.0],[399.0],[366.0],[757.0],[514.0],[402.0],[314.0],[46.0],[563.0],[501.0],[234.0],[434.0],[11.0],[695.0],[234.0],[412.0],[407.0],[336.0],[65.0],[563.0],[124.0],[302.0],[10.0],[320.0],[434.0],[302.0],[412.0],[21.0],[736.0],[757.0],[68.0],[351.0],[890.0],[407.0],[967.0],[556.0],[124.0],[604.0],[913.0],[999.0],[834.0],[680.0],[302.0],[314.0],[314.0],[124.0],[603.0],[385.0]
403,[910.0],[680.0],[864.0],[864.0],[737.0],[21.0],[219.0],[999.0],[865.0],[81.0],[234.0],[210.0],[939.0],[81.0],[968.0],[695.0],[412.0],[402.0],[402.0],[137.0],[137.0],[282.0],[674.0],[412.0],[501.0],[556.0],[514.0],[954.0],[170.0],[502.0],[161.0],[314.0],[939.0],[372.0],[317.0],[848.0],[848.0],[369.0],[402.0],[426.0],[910.0],[108.0],[563.0],[21.0],[210.0],[967.0],[938.0],[904.0],[219.0],[597.0],[996.0],[597.0],[235.0],[164.0],[967.0],[847.0],[366.0],[556.0],[234.0],[990.0],[999.0],[412.0],[161.0],[282.0],[736.0],[486.0],[161.0],[896.0],[234.0],[990.0],[514.0],[276.0],[967.0],[68.0],[81.0],[539.0],[604.0],[68.0],[336.0],[68.0],[563.0],[399.0],[317.0],[369.0],[694.0],[314.0],[234.0],[834.0],[865.0],[501.0],[623.0],[834.0],[353.0],[834.0],[68.0],[999.0],[556.0],[865.0],[968.0],[426.0]
404,[790.0],[353.0],[372.0],[517.0],[486.0],[757.0],[864.0],[967.0],[967.0],[170.0],[161.0],[852.0],[302.0],[564.0],[904.0],[486.0],[896.0],[556.0],[366.0],[674.0],[674.0],[968.0],[910.0],[372.0],[783.0],[834.0],[686.0],[848.0],[438.0],[672.0],[137.0],[999.0],[302.0],[757.0],[219.0],[124.0],[164.0],[373.0],[672.0],[695.0],[737.0],[164.0],[65.0],[896.0],[852.0],[234.0],[811.0],[166.0],[864.0],[539.0],[276.0],[276.0],[852.0],[137.0],[234.0],[864.0],[686.0],[680.0],[161.0],[939.0],[402.0],[941.0],[124.0],[968.0],[695.0],[563.0],[270.0],[336.0],[314.0],[939.0],[486.0],[670.0],[865.0],[399.0],[170.0],[695.0],[814.0],[517.0],[42.0],[412.0],[255.0],[847.0],[219.0],[672.0],[541.0],[999.0],[161.0],[910.0],[407.0],[783.0],[282.0],[402.0],[597.0],[910.0],[372.0],[402.0],[999.0],[967.0],[210.0],[539.0]
405,[366.0],[672.0],[517.0],[108.0],[563.0],[412.0],[68.0],[234.0],[407.0],[18.0],[270.0],[913.0],[68.0],[518.0],[210.0],[563.0],[939.0],[680.0],[967.0],[124.0],[954.0],[55.0],[124.0],[757.0],[336.0],[737.0],[539.0],[314.0],[302.0],[954.0],[270.0],[402.0],[68.0],[412.0],[373.0],[399.0],[137.0],[108.0],[954.0],[486.0],[426.0],[137.0],[276.0],[336.0],[564.0],[108.0],[495.0],[913.0],[847.0],[695.0],[556.0],[737.0],[564.0],[332.0],[161.0],[351.0],[670.0],[353.0],[999.0],[896.0],[276.0],[896.0],[270.0],[210.0],[255.0],[737.0],[314.0],[42.0],[161.0],[302.0],[686.0],[556.0],[407.0],[332.0],[438.0],[486.0],[603.0],[372.0],[18.0],[372.0],[276.0],[332.0],[864.0],[373.0],[396.0],[402.0],[124.0],[680.0],[314.0],[941.0],[618.0],[910.0],[910.0],[353.0],[517.0],[680.0],[402.0],[407.0],[904.0],[695.0]
406,[967.0],[597.0],[757.0],[21.0],[426.0],[847.0],[372.0],[402.0],[314.0],[46.0],[502.0],[564.0],[896.0],[501.0],[852.0],[276.0],[302.0],[834.0],[680.0],[366.0],[848.0],[210.0],[865.0],[847.0],[42.0],[426.0],[695.0],[999.0],[68.0],[848.0],[674.0],[680.0],[81.0],[847.0],[864.0],[332.0],[399.0],[164.0],[848.0],[65.0],[790.0],[674.0],[556.0],[847.0],[814.0],[161.0],[601.0],[745.0],[517.0],[486.0],[834.0],[426.0],[567.0],[674.0],[270.0],[369.0],[320.0],[834.0],[270.0],[336.0],[680.0],[10.0],[502.0],[852.0],[486.0],[426.0],[999.0],[81.0],[270.0],[42.0],[670.0],[834.0],[161.0],[317.0],[18.0],[563.0],[904.0],[757.0],[81.0],[757.0],[556.0],[351.0],[372.0],[954.0],[323.0],[680.0],[270.0],[790.0],[999.0],[10.0],[146.0],[680.0],[790.0],[597.0],[21.0],[234.0],[680.0],[314.0],[852.0],[65.0]
407,[234.0],[954.0],[21.0],[164.0],[276.0],[369.0],[517.0],[161.0],[999.0],[438.0],[672.0],[518.0],[336.0],[783.0],[564.0],[686.0],[336.0],[910.0],[234.0],[865.0],[399.0],[852.0],[790.0],[351.0],[81.0],[910.0],[670.0],[399.0],[235.0],[124.0],[672.0],[834.0],[372.0],[351.0],[517.0],[317.0],[332.0],[848.0],[680.0],[563.0],[65.0],[124.0],[514.0],[351.0],[603.0],[164.0],[166.0],[623.0],[21.0],[563.0],[606.0],[834.0],[518.0],[317.0],[402.0],[373.0],[967.0],[597.0],[502.0],[302.0],[556.0],[336.0],[865.0],[564.0],[563.0],[65.0],[402.0],[46.0],[999.0],[68.0],[320.0],[320.0],[314.0],[372.0],[46.0],[11.0],[282.0],[847.0],[46.0],[896.0],[834.0],[369.0],[517.0],[848.0],[38.0],[486.0],[407.0],[366.0],[790.0],[18.0],[435.0],[790.0],[737.0],[426.0],[757.0],[353.0],[834.0],[234.0],[913.0],[514.0]
408,[164.0],[737.0],[412.0],[137.0],[556.0],[896.0],[757.0],[270.0],[402.0],[990.0],[865.0],[623.0],[372.0],[170.0],[913.0],[556.0],[42.0],[790.0],[161.0],[967.0],[124.0],[564.0],[967.0],[896.0],[170.0],[65.0],[486.0],[402.0],[372.0],[865.0],[954.0],[353.0],[757.0],[896.0],[108.0],[865.0],[317.0],[137.0],[353.0],[514.0],[514.0],[336.0],[686.0],[42.0],[518.0],[137.0],[923.0],[146.0],[351.0],[737.0],[910.0],[65.0],[128.0],[124.0],[502.0],[108.0],[11.0],[910.0],[672.0],[68.0],[353.0],[18.0],[672.0],[518.0],[727.0],[276.0],[680.0],[170.0],[402.0],[170.0],[11.0],[11.0],[270.0],[757.0],[990.0],[736.0],[968.0],[21.0],[170.0],[336.0],[910.0],[373.0],[21.0],[108.0],[2.0],[563.0],[314.0],[967.0],[366.0],[814.0],[968.0],[366.0],[366.0],[790.0],[847.0],[161.0],[910.0],[999.0],[618.0],[686.0]
409,[137.0],[426.0],[847.0],[674.0],[65.0],[336.0],[21.0],[680.0],[234.0],[235.0],[954.0],[501.0],[757.0],[438.0],[623.0],[834.0],[170.0],[366.0],[270.0],[234.0],[332.0],[604.0],[407.0],[369.0],[438.0],[514.0],[563.0],[680.0],[757.0],[407.0],[124.0],[597.0],[847.0],[369.0],[21.0],[407.0],[219.0],[332.0],[399.0],[686.0],[366.0],[865.0],[320.0],[81.0],[904.0],[674.0],[352.0],[434.0],[369.0],[276.0],[396.0],[910.0],[501.0],[865.0],[672.0],[164.0],[234.0],[790.0],[954.0],[42.0],[834.0],[46.0],[407.0],[913.0],[276.0],[556.0],[502.0],[438.0],[680.0],[438.0],[563.0],[910.0],[502.0],[219.0],[939.0],[276.0],[210.0],[351.0],[939.0],[42.0],[727.0],[108.0],[757.0],[164.0],[367.0],[597.0],[502.0],[234.0],[967.0],[603.0],[210.0],[353.0],[426.0],[366.0],[412.0],[597.0],[790.0],[161.0],[146.0],[670.0]
410,[161.0],[514.0],[896.0],[124.0],[514.0],[373.0],[412.0],[353.0],[680.0],[567.0],[407.0],[783.0],[42.0],[235.0],[518.0],[790.0],[438.0],[967.0],[353.0],[407.0],[317.0],[518.0],[234.0],[336.0],[941.0],[790.0],[276.0],[353.0],[567.0],[314.0],[848.0],[737.0],[170.0],[336.0],[412.0],[219.0],[674.0],[219.0],[332.0],[276.0],[686.0],[407.0],[834.0],[170.0],[501.0],[270.0],[745.0],[282.0],[896.0],[556.0],[323.0],[790.0],[783.0],[219.0],[680.0],[517.0],[736.0],[737.0],[848.0],[81.0],[597.0],[990.0],[954.0],[501.0],[556.0],[834.0],[672.0],[990.0],[353.0],[235.0],[736.0],[736.0],[999.0],[864.0],[235.0],[255.0],[913.0],[369.0],[302.0],[847.0],[790.0],[317.0],[412.0],[137.0],[163.0],[737.0],[999.0],[353.0],[234.0],[46.0],[422.0],[597.0],[967.0],[967.0],[351.0],[270.0],[353.0],[270.0],[564.0],[11.0]
411,[674.0],[686.0],[351.0],[412.0],[686.0],[81.0],[896.0],[502.0],[353.0],[128.0],[848.0],[941.0],[81.0],[567.0],[501.0],[670.0],[68.0],[234.0],[597.0],[314.0],[219.0],[501.0],[314.0],[373.0],[10.0],[366.0],[556.0],[332.0],[847.0],[399.0],[399.0],[426.0],[351.0],[42.0],[896.0],[864.0],[864.0],[674.0],[317.0],[670.0],[670.0],[314.0],[910.0],[369.0],[783.0],[124.0],[508.0],[210.0],[108.0],[834.0],[2.0],[366.0],[55.0],[864.0],[353.0],[674.0],[161.0],[426.0],[399.0],[372.0],[910.0],[42.0],[848.0],[623.0],[834.0],[514.0],[353.0],[939.0],[502.0],[567.0],[276.0],[255.0],[402.0],[517.0],[567.0],[556.0],[623.0],[373.0],[438.0],[81.0],[996.0],[219.0],[896.0],[674.0],[33.0],[426.0],[402.0],[161.0],[161.0],[904.0],[112.0],[737.0],[65.0],[234.0],[373.0],[426.0],[366.0],[402.0],[518.0],[486.0]
412,[124.0],[670.0],[369.0],[896.0],[834.0],[170.0],[336.0],[597.0],[597.0],[55.0],[314.0],[618.0],[847.0],[941.0],[618.0],[366.0],[235.0],[161.0],[737.0],[161.0],[864.0],[814.0],[161.0],[108.0],[18.0],[686.0],[11.0],[317.0],[128.0],[332.0],[332.0],[910.0],[369.0],[373.0],[164.0],[314.0],[517.0],[124.0],[219.0],[320.0],[967.0],[42.0],[790.0],[373.0],[913.0],[865.0],[891.0],[435.0],[336.0],[65.0],[790.0],[686.0],[604.0],[517.0],[597.0],[21.0],[255.0],[65.0],[402.0],[757.0],[737.0],[81.0],[314.0],[618.0],[996.0],[910.0],[597.0],[235.0],[597.0],[372.0],[556.0],[790.0],[680.0],[847.0],[128.0],[834.0],[852.0],[412.0],[68.0],[170.0],[366.0],[164.0],[847.0],[124.0],[144.0],[65.0],[680.0],[270.0],[502.0],[990.0],[852.0],[426.0],[234.0],[161.0],[108.0],[502.0],[234.0],[680.0],[501.0],[563.0]
413,[865.0],[320.0],[373.0],[336.0],[670.0],[438.0],[42.0],[672.0],[737.0],[939.0],[999.0],[10.0],[170.0],[10.0],[783.0],[967.0],[372.0],[270.0],[502.0],[270.0],[517.0],[603.0],[270.0],[42.0],[46.0],[967.0],[834.0],[219.0],[55.0],[317.0],[865.0],[65.0],[438.0],[164.0],[336.0],[999.0],[124.0],[865.0],[597.0],[556.0],[320.0],[81.0],[366.0],[108.0],[623.0],[502.0],[767.0],[852.0],[42.0],[910.0],[366.0],[670.0],[814.0],[407.0],[954.0],[412.0],[727.0],[514.0],[680.0],[847.0],[426.0],[170.0],[999.0],[146.0],[606.0],[366.0],[954.0],[302.0],[672.0],[128.0],[834.0],[366.0],[672.0],[351.0],[55.0],[910.0],[618.0],[108.0],[372.0],[438.0],[967.0],[137.0],[336.0],[865.0],[614.0],[514.0],[353.0],[502.0],[672.0],[939.0],[564.0],[967.0],[161.0],[270.0],[896.0],[65.0],[161.0],[502.0],[435.0],[276.0]
414,[270.0],[11.0],[336.0],[42.0],[910.0],[108.0],[81.0],[954.0],[426.0],[302.0],[402.0],[18.0],[351.0],[18.0],[18.0],[161.0],[567.0],[353.0],[672.0],[502.0],[865.0],[783.0],[999.0],[81.0],[235.0],[670.0],[910.0],[597.0],[351.0],[219.0],[407.0],[790.0],[235.0],[81.0],[42.0],[402.0],[865.0],[407.0],[737.0],[11.0],[234.0],[170.0],[967.0],[438.0],[941.0],[314.0],[434.0],[564.0],[164.0],[790.0],[413.0],[11.0],[941.0],[314.0],[848.0],[896.0],[996.0],[686.0],[353.0],[170.0],[790.0],[939.0],[402.0],[783.0],[396.0],[967.0],[737.0],[68.0],[737.0],[55.0],[910.0],[967.0],[954.0],[369.0],[604.0],[790.0],[564.0],[896.0],[235.0],[351.0],[234.0],[674.0],[351.0],[407.0],[413.0],[556.0],[597.0],[672.0],[402.0],[302.0],[518.0],[65.0],[270.0],[65.0],[336.0],[672.0],[597.0],[353.0],[422.0],[556.0]
415,[502.0],[848.0],[108.0],[81.0],[320.0],[235.0],[170.0],[399.0],[161.0],[68.0],[680.0],[46.0],[438.0],[46.0],[46.0],[320.0],[757.0],[597.0],[426.0],[672.0],[407.0],[941.0],[502.0],[164.0],[567.0],[320.0],[736.0],[737.0],[604.0],[999.0],[314.0],[366.0],[373.0],[170.0],[81.0],[517.0],[21.0],[314.0],[426.0],[736.0],[11.0],[438.0],[234.0],[164.0],[10.0],[999.0],[282.0],[112.0],[81.0],[514.0],[967.0],[736.0],[10.0],[999.0],[737.0],[124.0],[606.0],[366.0],[332.0],[351.0],[65.0],[235.0],[399.0],[941.0],[910.0],[234.0],[848.0],[372.0],[954.0],[757.0],[255.0],[234.0],[848.0],[21.0],[302.0],[366.0],[146.0],[336.0],[567.0],[369.0],[606.0],[864.0],[369.0],[314.0],[385.0],[686.0],[737.0],[954.0],[680.0],[913.0],[346.0],[514.0],[502.0],[502.0],[164.0],[514.0],[270.0],[672.0],[112.0],[736.0]
416,[672.0],[399.0],[164.0],[170.0],[790.0],[567.0],[438.0],[332.0],[65.0],[372.0],[353.0],[990.0],[369.0],[128.0],[146.0],[11.0],[128.0],[426.0],[65.0],[999.0],[21.0],[904.0],[672.0],[170.0],[128.0],[11.0],[790.0],[517.0],[369.0],[864.0],[317.0],[514.0],[108.0],[438.0],[137.0],[680.0],[412.0],[864.0],[514.0],[834.0],[161.0],[999.0],[161.0],[235.0],[618.0],[402.0],[968.0],[518.0],[170.0],[366.0],[40.0],[967.0],[603.0],[21.0],[426.0],[865.0],[270.0],[320.0],[317.0],[369.0],[514.0],[567.0],[680.0],[422.0],[790.0],[161.0],[399.0],[757.0],[426.0],[847.0],[727.0],[161.0],[353.0],[412.0],[68.0],[727.0],[518.0],[42.0],[128.0],[235.0],[161.0],[124.0],[108.0],[399.0],[40.0],[834.0],[672.0],[597.0],[954.0],[68.0],[501.0],[686.0],[514.0],[514.0],[137.0],[954.0],[502.0],[954.0],[783.0],[727.0]
417,[407.0],[332.0],[42.0],[865.0],[11.0],[164.0],[847.0],[737.0],[514.0],[604.0],[597.0],[146.0],[235.0],[55.0],[990.0],[270.0],[847.0],[502.0],[514.0],[402.0],[314.0],[10.0],[402.0],[438.0],[990.0],[736.0],[366.0],[21.0],[814.0],[517.0],[999.0],[686.0],[164.0],[235.0],[674.0],[353.0],[407.0],[517.0],[864.0],[255.0],[270.0],[235.0],[270.0],[137.0],[18.0],[680.0],[210.0],[501.0],[137.0],[686.0],[234.0],[234.0],[904.0],[402.0],[65.0],[314.0],[396.0],[967.0],[597.0],[373.0],[686.0],[302.0],[332.0],[10.0],[366.0],[270.0],[332.0],[567.0],[848.0],[814.0],[790.0],[727.0],[399.0],[896.0],[814.0],[967.0],[501.0],[164.0],[757.0],[373.0],[396.0],[865.0],[42.0],[332.0],[565.0],[670.0],[954.0],[848.0],[353.0],[623.0],[783.0],[670.0],[672.0],[686.0],[42.0],[686.0],[672.0],[597.0],[10.0],[834.0]
418,[954.0],[317.0],[674.0],[407.0],[366.0],[128.0],[235.0],[317.0],[270.0],[814.0],[737.0],[939.0],[373.0],[990.0],[435.0],[502.0],[351.0],[65.0],[954.0],[680.0],[412.0],[913.0],[680.0],[137.0],[55.0],[255.0],[967.0],[426.0],[373.0],[21.0],[402.0],[670.0],[137.0],[567.0],[170.0],[597.0],[314.0],[999.0],[517.0],[910.0],[502.0],[402.0],[11.0],[567.0],[46.0],[672.0],[852.0],[783.0],[674.0],[967.0],[161.0],[161.0],[18.0],[680.0],[514.0],[999.0],[502.0],[234.0],[737.0],[108.0],[366.0],[68.0],[353.0],[112.0],[967.0],[686.0],[317.0],[128.0],[332.0],[603.0],[967.0],[996.0],[597.0],[336.0],[603.0],[234.0],[435.0],[81.0],[847.0],[567.0],[270.0],[517.0],[81.0],[317.0],[539.0],[320.0],[848.0],[399.0],[848.0],[372.0],[941.0],[320.0],[954.0],[672.0],[81.0],[848.0],[737.0],[737.0],[346.0],[910.0]
419,[314.0],[219.0],[124.0],[438.0],[736.0],[137.0],[567.0],[426.0],[502.0],[757.0],[399.0],[435.0],[108.0],[939.0],[422.0],[672.0],[55.0],[672.0],[848.0],[954.0],[999.0],[18.0],[353.0],[674.0],[939.0],[234.0],[255.0],[412.0],[603.0],[412.0],[680.0],[967.0],[567.0],[137.0],[438.0],[21.0],[999.0],[402.0],[686.0],[790.0],[672.0],[567.0],[736.0],[128.0],[990.0],[954.0],[263.0],[941.0],[124.0],[234.0],[270.0],[270.0],[46.0],[412.0],[686.0],[336.0],[672.0],[161.0],[426.0],[438.0],[967.0],[128.0],[317.0],[18.0],[323.0],[502.0],[426.0],[55.0],[65.0],[351.0],[996.0],[606.0],[737.0],[373.0],[904.0],[161.0],[783.0],[137.0],[55.0],[108.0],[323.0],[21.0],[170.0],[219.0],[103.0],[910.0],[399.0],[737.0],[399.0],[618.0],[231.0],[11.0],[848.0],[670.0],[674.0],[320.0],[426.0],[426.0],[231.0],[996.0]
420,[999.0],[864.0],[865.0],[235.0],[967.0],[124.0],[351.0],[65.0],[672.0],[847.0],[426.0],[302.0],[567.0],[302.0],[112.0],[736.0],[369.0],[954.0],[399.0],[353.0],[680.0],[46.0],[597.0],[235.0],[302.0],[727.0],[727.0],[65.0],[904.0],[402.0],[219.0],[320.0],[674.0],[128.0],[124.0],[896.0],[896.0],[21.0],[670.0],[727.0],[954.0],[680.0],[255.0],[674.0],[146.0],[353.0],[505.0],[346.0],[235.0],[161.0],[502.0],[255.0],[913.0],[353.0],[670.0],[402.0],[323.0],[502.0],[65.0],[235.0],[670.0],[604.0],[737.0],[346.0],[234.0],[672.0],[65.0],[847.0],[317.0],[904.0],[606.0],[396.0],[332.0],[108.0],[372.0],[996.0],[422.0],[674.0],[604.0],[128.0],[502.0],[407.0],[438.0],[999.0],[695.0],[736.0],[426.0],[426.0],[597.0],[146.0],[868.0],[736.0],[686.0],[954.0],[170.0],[11.0],[65.0],[65.0],[18.0],[790.0]
421,[848.0],[517.0],[81.0],[567.0],[255.0],[865.0],[369.0],[514.0],[686.0],[351.0],[332.0],[68.0],[164.0],[68.0],[346.0],[255.0],[604.0],[848.0],[332.0],[597.0],[896.0],[990.0],[737.0],[567.0],[604.0],[996.0],[996.0],[336.0],[108.0],[896.0],[353.0],[11.0],[128.0],[674.0],[235.0],[336.0],[402.0],[680.0],[320.0],[366.0],[848.0],[128.0],[502.0],[124.0],[435.0],[597.0],[536.0],[10.0],[567.0],[270.0],[565.0],[727.0],[623.0],[597.0],[320.0],[42.0],[2.0],[11.0],[219.0],[567.0],[234.0],[372.0],[426.0],[231.0],[161.0],[848.0],[514.0],[604.0],[514.0],[369.0],[396.0],[270.0],[426.0],[42.0],[757.0],[606.0],[112.0],[124.0],[351.0],[55.0],[2.0],[999.0],[235.0],[864.0],[983.0],[790.0],[65.0],[65.0],[737.0],[422.0],[10.0],[234.0],[670.0],[11.0],[124.0],[736.0],[514.0],[514.0],[46.0],[606.0]
422,[402.0],[21.0],[170.0],[999.0],[234.0],[55.0],[128.0],[686.0],[670.0],[369.0],[219.0],[422.0],[137.0],[372.0],[939.0],[954.0],[814.0],[399.0],[317.0],[737.0],[353.0],[623.0],[954.0],[128.0],[68.0],[606.0],[606.0],[514.0],[164.0],[336.0],[864.0],[234.0],[124.0],[124.0],[567.0],[737.0],[680.0],[412.0],[21.0],[967.0],[332.0],[55.0],[672.0],[865.0],[939.0],[848.0],[518.0],[231.0],[865.0],[502.0],[103.0],[996.0],[990.0],[737.0],[399.0],[680.0],[954.0],[255.0],[514.0],[164.0],[161.0],[814.0],[65.0],[46.0],[2.0],[399.0],[219.0],[351.0],[219.0],[373.0],[234.0],[323.0],[317.0],[81.0],[847.0],[396.0],[346.0],[865.0],[814.0],[164.0],[672.0],[402.0],[567.0],[402.0],[325.0],[255.0],[332.0],[514.0],[332.0],[112.0],[18.0],[161.0],[399.0],[736.0],[438.0],[399.0],[954.0],[686.0],[990.0],[396.0]
423,[332.0],[736.0],[407.0],[128.0],[161.0],[604.0],[55.0],[670.0],[954.0],[603.0],[864.0],[112.0],[128.0],[757.0],[231.0],[996.0],[603.0],[332.0],[219.0],[426.0],[336.0],[618.0],[426.0],[124.0],[814.0],[396.0],[234.0],[42.0],[913.0],[680.0],[597.0],[161.0],[865.0],[865.0],[128.0],[42.0],[353.0],[896.0],[11.0],[234.0],[317.0],[604.0],[727.0],[55.0],[302.0],[737.0],[436.0],[18.0],[128.0],[672.0],[672.0],[502.0],[939.0],[65.0],[332.0],[353.0],[848.0],[672.0],[686.0],[128.0],[320.0],[847.0],[514.0],[990.0],[270.0],[670.0],[864.0],[369.0],[686.0],[913.0],[270.0],[2.0],[65.0],[164.0],[913.0],[270.0],[231.0],[170.0],[603.0],[137.0],[413.0],[680.0],[164.0],[517.0],[872.0],[727.0],[317.0],[686.0],[426.0],[757.0],[811.0],[255.0],[320.0],[255.0],[235.0],[332.0],[848.0],[848.0],[939.0],[323.0]
424,[680.0],[412.0],[314.0],[402.0],[727.0],[814.0],[373.0],[219.0],[848.0],[108.0],[517.0],[372.0],[55.0],[847.0],[302.0],[848.0],[913.0],[514.0],[864.0],[65.0],[42.0],[939.0],[848.0],[865.0],[904.0],[323.0],[396.0],[81.0],[137.0],[42.0],[517.0],[736.0],[407.0],[407.0],[55.0],[65.0],[336.0],[336.0],[412.0],[161.0],[219.0],[814.0],[996.0],[604.0],[68.0],[399.0],[501.0],[868.0],[407.0],[954.0],[954.0],[672.0],[618.0],[514.0],[317.0],[81.0],[413.0],[954.0],[864.0],[137.0],[11.0],[351.0],[219.0],[939.0],[502.0],[332.0],[517.0],[373.0],[670.0],[623.0],[502.0],[502.0],[514.0],[124.0],[623.0],[502.0],[868.0],[314.0],[369.0],[674.0],[40.0],[353.0],[137.0],[680.0],[563.0],[366.0],[514.0],[332.0],[317.0],[346.0],[46.0],[502.0],[332.0],[848.0],[865.0],[317.0],[399.0],[670.0],[868.0],[366.0]
425,[317.0],[255.0],[438.0],[55.0],[996.0],[407.0],[108.0],[320.0],[399.0],[904.0],[21.0],[346.0],[674.0],[369.0],[68.0],[606.0],[623.0],[686.0],[517.0],[514.0],[81.0],[302.0],[332.0],[407.0],[623.0],[161.0],[161.0],[170.0],[674.0],[81.0],[21.0],[270.0],[314.0],[314.0],[865.0],[514.0],[597.0],[353.0],[896.0],[996.0],[864.0],[353.0],[848.0],[314.0],[372.0],[426.0],[625.0],[46.0],[55.0],[670.0],[848.0],[606.0],[302.0],[896.0],[11.0],[170.0],[399.0],[727.0],[517.0],[55.0],[270.0],[603.0],[864.0],[868.0],[413.0],[317.0],[686.0],[814.0],[320.0],[108.0],[672.0],[40.0],[219.0],[865.0],[351.0],[672.0],[941.0],[438.0],[904.0],[604.0],[954.0],[597.0],[128.0],[353.0],[276.0],[967.0],[686.0],[670.0],[65.0],[847.0],[601.0],[672.0],[219.0],[727.0],[567.0],[219.0],[686.0],[399.0],[302.0],[2.0]
426,[219.0],[727.0],[235.0],[680.0],[270.0],[314.0],[164.0],[11.0],[332.0],[164.0],[412.0],[757.0],[124.0],[604.0],[372.0],[396.0],[373.0],[317.0],[21.0],[670.0],[170.0],[68.0],[317.0],[55.0],[372.0],[270.0],[323.0],[438.0],[623.0],[353.0],[737.0],[255.0],[55.0],[999.0],[604.0],[81.0],[42.0],[42.0],[736.0],[606.0],[517.0],[603.0],[399.0],[814.0],[757.0],[65.0],[115.0],[811.0],[604.0],[848.0],[983.0],[954.0],[68.0],[336.0],[219.0],[597.0],[332.0],[996.0],[21.0],[674.0],[255.0],[904.0],[686.0],[811.0],[672.0],[219.0],[670.0],[108.0],[864.0],[618.0],[323.0],[672.0],[686.0],[407.0],[369.0],[323.0],[811.0],[999.0],[913.0],[124.0],[762.0],[737.0],[55.0],[597.0],[556.0],[996.0],[219.0],[317.0],[219.0],[231.0],[990.0],[727.0],[11.0],[996.0],[407.0],[255.0],[219.0],[332.0],[811.0],[967.0]
427,[353.0],[996.0],[567.0],[604.0],[606.0],[904.0],[604.0],[736.0],[320.0],[137.0],[65.0],[847.0],[604.0],[373.0],[868.0],[399.0],[108.0],[670.0],[686.0],[320.0],[438.0],[372.0],[219.0],[604.0],[757.0],[502.0],[270.0],[567.0],[618.0],[597.0],[896.0],[502.0],[604.0],[402.0],[814.0],[686.0],[81.0],[597.0],[336.0],[396.0],[736.0],[904.0],[606.0],[603.0],[422.0],[332.0],[783.0],[601.0],[814.0],[320.0],[399.0],[396.0],[372.0],[686.0],[864.0],[438.0],[40.0],[606.0],[670.0],[604.0],[996.0],[373.0],[670.0],[302.0],[40.0],[864.0],[320.0],[164.0],[11.0],[164.0],[848.0],[954.0],[864.0],[314.0],[373.0],[954.0],[10.0],[402.0],[373.0],[814.0],[848.0],[412.0],[604.0],[737.0],[834.0],[606.0],[670.0],[320.0],[514.0],[868.0],[923.0],[954.0],[864.0],[606.0],[128.0],[727.0],[864.0],[11.0],[68.0],[413.0]
428,[864.0],[896.0],[999.0],[353.0],[502.0],[913.0],[137.0],[255.0],[317.0],[913.0],[896.0],[231.0],[814.0],[814.0],[757.0],[332.0],[618.0],[320.0],[412.0],[11.0],[235.0],[757.0],[864.0],[314.0],[847.0],[672.0],[502.0],[686.0],[146.0],[737.0],[426.0],[727.0],[999.0],[680.0],[407.0],[670.0],[170.0],[81.0],[42.0],[323.0],[21.0],[913.0],[332.0],[913.0],[112.0],[317.0],[239.0],[923.0],[603.0],[399.0],[332.0],[848.0],[757.0],[42.0],[736.0],[737.0],[762.0],[396.0],[412.0],[814.0],[502.0],[913.0],[517.0],[68.0],[762.0],[320.0],[11.0],[603.0],[736.0],[137.0],[399.0],[848.0],[517.0],[999.0],[618.0],[2.0],[601.0],[235.0],[623.0],[865.0],[565.0],[426.0],[674.0],[412.0],[910.0],[234.0],[864.0],[11.0],[864.0],[351.0],[352.0],[996.0],[517.0],[396.0],[55.0],[996.0],[670.0],[317.0],[372.0],[234.0]
429,[517.0],[336.0],[402.0],[814.0],[672.0],[623.0],[814.0],[727.0],[219.0],[674.0],[514.0],[351.0],[603.0],[108.0],[351.0],[323.0],[146.0],[219.0],[896.0],[848.0],[567.0],[146.0],[65.0],[999.0],[351.0],[2.0],[672.0],[670.0],[435.0],[426.0],[336.0],[672.0],[402.0],[55.0],[314.0],[320.0],[438.0],[737.0],[81.0],[2.0],[255.0],[597.0],[317.0],[623.0],[847.0],[514.0],[941.0],[990.0],[904.0],[332.0],[325.0],[399.0],[847.0],[670.0],[517.0],[235.0],[317.0],[848.0],[896.0],[124.0],[606.0],[623.0],[320.0],[757.0],[565.0],[11.0],[21.0],[904.0],[727.0],[146.0],[332.0],[762.0],[21.0],[402.0],[435.0],[848.0],[18.0],[680.0],[108.0],[407.0],[103.0],[65.0],[124.0],[426.0],[584.0],[161.0],[517.0],[219.0],[686.0],[369.0],[508.0],[848.0],[736.0],[399.0],[314.0],[864.0],[517.0],[219.0],[601.0],[40.0]
430,[21.0],[606.0],[680.0],[597.0],[396.0],[618.0],[904.0],[996.0],[864.0],[124.0],[670.0],[369.0],[904.0],[164.0],[369.0],[2.0],[435.0],[11.0],[670.0],[399.0],[128.0],[435.0],[517.0],[402.0],[618.0],[954.0],[2.0],[128.0],[124.0],[170.0],[65.0],[954.0],[680.0],[353.0],[904.0],[11.0],[737.0],[65.0],[170.0],[270.0],[727.0],[737.0],[219.0],[999.0],[351.0],[686.0],[668.0],[939.0],[913.0],[11.0],[872.0],[332.0],[146.0],[320.0],[255.0],[567.0],[565.0],[323.0],[320.0],[865.0],[396.0],[618.0],[21.0],[601.0],[103.0],[517.0],[736.0],[913.0],[517.0],[435.0],[317.0],[565.0],[670.0],[680.0],[422.0],[399.0],[923.0],[353.0],[618.0],[314.0],[399.0],[514.0],[865.0],[896.0],[790.0],[396.0],[320.0],[864.0],[517.0],[373.0],[302.0],[399.0],[21.0],[332.0],[999.0],[606.0],[21.0],[864.0],[757.0],[161.0]
431,[412.0],[396.0],[128.0],[737.0],[954.0],[999.0],[913.0],[606.0],[517.0],[623.0],[336.0],[373.0],[913.0],[603.0],[373.0],[413.0],[164.0],[736.0],[336.0],[332.0],[55.0],[422.0],[514.0],[814.0],[146.0],[413.0],[413.0],[320.0],[865.0],[65.0],[42.0],[996.0],[814.0],[597.0],[913.0],[736.0],[426.0],[514.0],[438.0],[502.0],[412.0],[426.0],[864.0],[402.0],[369.0],[219.0],[683.0],[302.0],[623.0],[255.0],[317.0],[317.0],[351.0],[81.0],[727.0],[128.0],[219.0],[399.0],[11.0],[407.0],[323.0],[146.0],[412.0],[847.0],[954.0],[736.0],[412.0],[137.0],[21.0],[422.0],[2.0],[399.0],[412.0],[170.0],[112.0],[332.0],[46.0],[597.0],[146.0],[603.0],[332.0],[686.0],[814.0],[336.0],[616.0],[2.0],[11.0],[517.0],[670.0],[811.0],[891.0],[332.0],[412.0],[317.0],[604.0],[517.0],[412.0],[736.0],[847.0],[270.0]
432,[896.0],[42.0],[353.0],[426.0],[848.0],[146.0],[674.0],[396.0],[21.0],[865.0],[320.0],[868.0],[623.0],[137.0],[811.0],[317.0],[422.0],[864.0],[320.0],[736.0],[597.0],[112.0],[686.0],[603.0],[369.0],[848.0],[954.0],[55.0],[407.0],[514.0],[81.0],[606.0],[353.0],[604.0],[999.0],[255.0],[235.0],[686.0],[255.0],[954.0],[896.0],[623.0],[396.0],[618.0],[373.0],[670.0],[10.0],[68.0],[999.0],[317.0],[584.0],[323.0],[373.0],[170.0],[21.0],[426.0],[103.0],[332.0],[336.0],[314.0],[672.0],[435.0],[896.0],[923.0],[848.0],[21.0],[727.0],[124.0],[996.0],[674.0],[219.0],[332.0],[896.0],[438.0],[108.0],[317.0],[990.0],[567.0],[164.0],[904.0],[317.0],[670.0],[603.0],[65.0],[366.0],[413.0],[736.0],[736.0],[21.0],[108.0],[767.0],[317.0],[727.0],[323.0],[402.0],[21.0],[896.0],[255.0],[351.0],[502.0]
433,[597.0],[81.0],[55.0],[603.0],[399.0],[435.0],[623.0],[864.0],[412.0],[618.0],[42.0],[811.0],[865.0],[904.0],[601.0],[219.0],[137.0],[517.0],[42.0],[317.0],[737.0],[847.0],[670.0],[680.0],[373.0],[762.0],[848.0],[604.0],[422.0],[686.0],[514.0],[848.0],[603.0],[737.0],[402.0],[170.0],[65.0],[670.0],[727.0],[848.0],[336.0],[65.0],[517.0],[680.0],[346.0],[864.0],[596.0],[352.0],[618.0],[864.0],[219.0],[219.0],[435.0],[11.0],[412.0],[55.0],[983.0],[2.0],[736.0],[603.0],[2.0],[422.0],[336.0],[352.0],[325.0],[412.0],[896.0],[623.0],[412.0],[112.0],[413.0],[317.0],[336.0],[353.0],[346.0],[219.0],[352.0],[737.0],[137.0],[999.0],[983.0],[896.0],[904.0],[42.0],[967.0],[40.0],[21.0],[255.0],[412.0],[164.0],[505.0],[219.0],[996.0],[219.0],[680.0],[412.0],[320.0],[517.0],[369.0],[672.0]
434,[336.0],[170.0],[604.0],[65.0],[413.0],[422.0],[618.0],[517.0],[896.0],[407.0],[11.0],[601.0],[407.0],[913.0],[108.0],[40.0],[112.0],[255.0],[81.0],[255.0],[426.0],[346.0],[320.0],[353.0],[108.0],[565.0],[40.0],[11.0],[346.0],[438.0],[170.0],[399.0],[904.0],[814.0],[680.0],[727.0],[514.0],[170.0],[235.0],[399.0],[42.0],[514.0],[323.0],[146.0],[108.0],[320.0],[329.0],[508.0],[146.0],[517.0],[616.0],[864.0],[108.0],[736.0],[996.0],[65.0],[325.0],[317.0],[42.0],[913.0],[954.0],[112.0],[42.0],[351.0],[872.0],[727.0],[336.0],[618.0],[896.0],[346.0],[864.0],[103.0],[320.0],[235.0],[164.0],[864.0],[939.0],[426.0],[674.0],[402.0],[325.0],[320.0],[913.0],[81.0],[161.0],[270.0],[255.0],[727.0],[896.0],[601.0],[68.0],[864.0],[896.0],[864.0],[353.0],[896.0],[11.0],[21.0],[373.0],[762.0]
435,[737.0],[323.0],[597.0],[904.0],[40.0],[402.0],[124.0],[323.0],[336.0],[314.0],[736.0],[923.0],[618.0],[623.0],[164.0],[762.0],[346.0],[21.0],[11.0],[219.0],[604.0],[351.0],[11.0],[737.0],[164.0],[399.0],[399.0],[814.0],[231.0],[670.0],[686.0],[332.0],[597.0],[603.0],[353.0],[438.0],[567.0],[438.0],[567.0],[413.0],[996.0],[618.0],[21.0],[353.0],[164.0],[11.0],[32.0],[372.0],[402.0],[727.0],[864.0],[517.0],[137.0],[438.0],[896.0],[514.0],[872.0],[864.0],[81.0],[623.0],[848.0],[108.0],[81.0],[369.0],[399.0],[996.0],[42.0],[865.0],[336.0],[868.0],[517.0],[983.0],[42.0],[567.0],[231.0],[517.0],[302.0],[128.0],[124.0],[913.0],[872.0],[336.0],[623.0],[170.0],[64.0],[762.0],[727.0],[996.0],[336.0],[137.0],[372.0],[606.0],[336.0],[517.0],[814.0],[336.0],[336.0],[727.0],[108.0],[954.0]
436,[42.0],[2.0],[737.0],[913.0],[762.0],[112.0],[865.0],[2.0],[11.0],[146.0],[81.0],[352.0],[314.0],[674.0],[137.0],[565.0],[124.0],[727.0],[170.0],[727.0],[814.0],[369.0],[736.0],[904.0],[137.0],[983.0],[332.0],[603.0],[999.0],[320.0],[438.0],[396.0],[737.0],[904.0],[623.0],[235.0],[686.0],[567.0],[996.0],[40.0],[81.0],[686.0],[412.0],[597.0],[137.0],[736.0],[18.0],[891.0],[680.0],[996.0],[517.0],[2.0],[674.0],[727.0],[336.0],[604.0],[616.0],[517.0],[170.0],[999.0],[413.0],[346.0],[170.0],[373.0],[332.0],[606.0],[81.0],[146.0],[42.0],[811.0],[40.0],[219.0],[11.0],[597.0],[137.0],[21.0],[68.0],[65.0],[865.0],[623.0],[616.0],[11.0],[407.0],[514.0],[548.0],[565.0],[996.0],[21.0],[320.0],[674.0],[536.0],[517.0],[606.0],[2.0],[603.0],[396.0],[736.0],[996.0],[164.0],[848.0]
437,[426.0],[438.0],[814.0],[514.0],[565.0],[680.0],[407.0],[413.0],[42.0],[999.0],[255.0],[108.0],[146.0],[124.0],[674.0],[864.0],[865.0],[412.0],[438.0],[864.0],[603.0],[231.0],[21.0],[426.0],[124.0],[332.0],[762.0],[904.0],[402.0],[11.0],[235.0],[317.0],[426.0],[913.0],[618.0],[567.0],[128.0],[320.0],[128.0],[332.0],[170.0],[670.0],[896.0],[435.0],[231.0],[517.0],[813.0],[767.0],[435.0],[606.0],[548.0],[413.0],[422.0],[996.0],[42.0],[814.0],[64.0],[413.0],[255.0],[402.0],[332.0],[164.0],[438.0],[108.0],[317.0],[396.0],[170.0],[435.0],[81.0],[124.0],[21.0],[864.0],[81.0],[737.0],[674.0],[413.0],[508.0],[55.0],[407.0],[353.0],[64.0],[255.0],[314.0],[686.0],[270.0],[502.0],[606.0],[606.0],[42.0],[923.0],[757.0],[21.0],[396.0],[21.0],[904.0],[42.0],[42.0],[412.0],[137.0],[565.0]
438,[81.0],[235.0],[426.0],[623.0],[332.0],[346.0],[314.0],[21.0],[81.0],[402.0],[170.0],[508.0],[999.0],[618.0],[124.0],[103.0],[231.0],[336.0],[235.0],[996.0],[913.0],[373.0],[412.0],[65.0],[865.0],[317.0],[565.0],[913.0],[680.0],[736.0],[567.0],[219.0],[65.0],[623.0],[597.0],[996.0],[670.0],[128.0],[55.0],[762.0],[438.0],[320.0],[336.0],[422.0],[868.0],[21.0],[46.0],[263.0],[422.0],[396.0],[21.0],[40.0],[124.0],[235.0],[606.0],[686.0],[864.0],[21.0],[235.0],[618.0],[40.0],[137.0],[235.0],[164.0],[219.0],[323.0],[438.0],[314.0],[170.0],[865.0],[896.0],[517.0],[736.0],[128.0],[124.0],[412.0],[372.0],[604.0],[435.0],[618.0],[219.0],[42.0],[999.0],[438.0],[502.0],[103.0],[396.0],[896.0],[438.0],[352.0],[436.0],[396.0],[42.0],[412.0],[913.0],[323.0],[81.0],[606.0],[674.0],[103.0]
439,[514.0],[567.0],[65.0],[618.0],[103.0],[353.0],[146.0],[40.0],[170.0],[435.0],[727.0],[891.0],[435.0],[435.0],[923.0],[517.0],[868.0],[42.0],[736.0],[396.0],[623.0],[108.0],[255.0],[913.0],[407.0],[219.0],[103.0],[736.0],[868.0],[235.0],[670.0],[864.0],[514.0],[618.0],[737.0],[606.0],[55.0],[11.0],[606.0],[317.0],[606.0],[146.0],[42.0],[112.0],[674.0],[412.0],[158.0],[505.0],[353.0],[323.0],[394.0],[21.0],[112.0],[606.0],[81.0],[603.0],[517.0],[896.0],[567.0],[680.0],[317.0],[674.0],[567.0],[508.0],[864.0],[2.0],[235.0],[999.0],[606.0],[601.0],[336.0],[325.0],[170.0],[426.0],[865.0],[896.0],[757.0],[514.0],[314.0],[146.0],[548.0],[81.0],[618.0],[235.0],[394.0],[672.0],[323.0],[336.0],[235.0],[508.0],[625.0],[323.0],[323.0],[896.0],[623.0],[2.0],[170.0],[896.0],[124.0],[983.0]
440,[170.0],[413.0],[603.0],[686.0],[317.0],[597.0],[999.0],[762.0],[736.0],[112.0],[438.0],[767.0],[422.0],[422.0],[865.0],[983.0],[407.0],[81.0],[567.0],[517.0],[618.0],[868.0],[896.0],[623.0],[314.0],[864.0],[317.0],[623.0],[811.0],[567.0],[320.0],[517.0],[686.0],[426.0],[146.0],[396.0],[320.0],[55.0],[604.0],[219.0],[235.0],[435.0],[2.0],[346.0],[811.0],[255.0],[851.0],[536.0],[112.0],[21.0],[412.0],[762.0],[865.0],[396.0],[170.0],[904.0],[548.0],[40.0],[727.0],[353.0],[219.0],[868.0],[11.0],[137.0],[517.0],[413.0],[567.0],[402.0],[438.0],[407.0],[762.0],[872.0],[438.0],[65.0],[868.0],[40.0],[847.0],[670.0],[422.0],[435.0],[864.0],[170.0],[435.0],[567.0],[672.0],[983.0],[412.0],[42.0],[567.0],[124.0],[115.0],[412.0],[2.0],[413.0],[618.0],[81.0],[438.0],[336.0],[865.0],[325.0]
441,[438.0],[40.0],[913.0],[670.0],[983.0],[231.0],[402.0],[565.0],[727.0],[353.0],[996.0],[164.0],[112.0],[865.0],[352.0],[325.0],[314.0],[170.0],[255.0],[21.0],[65.0],[811.0],[727.0],[146.0],[435.0],[325.0],[219.0],[618.0],[601.0],[255.0],[128.0],[21.0],[913.0],[65.0],[426.0],[128.0],[604.0],[736.0],[814.0],[565.0],[396.0],[422.0],[413.0],[737.0],[124.0],[896.0],[990.0],[757.0],[597.0],[412.0],[896.0],[412.0],[407.0],[323.0],[396.0],[913.0],[21.0],[336.0],[996.0],[597.0],[864.0],[124.0],[736.0],[674.0],[21.0],[40.0],[128.0],[422.0],[235.0],[352.0],[81.0],[584.0],[235.0],[55.0],[811.0],[762.0],[891.0],[320.0],[999.0],[422.0],[517.0],[727.0],[402.0],[670.0],[954.0],[325.0],[2.0],[81.0],[128.0],[891.0],[239.0],[2.0],[413.0],[40.0],[597.0],[413.0],[235.0],[42.0],[923.0],[872.0]
442,[567.0],[128.0],[514.0],[320.0],[219.0],[737.0],[435.0],[412.0],[438.0],[597.0],[235.0],[137.0],[346.0],[112.0],[508.0],[21.0],[999.0],[438.0],[727.0],[412.0],[514.0],[164.0],[336.0],[514.0],[999.0],[517.0],[983.0],[255.0],[353.0],[128.0],[11.0],[323.0],[670.0],[514.0],[435.0],[323.0],[11.0],[814.0],[396.0],[103.0],[323.0],[11.0],[81.0],[231.0],[601.0],[727.0],[153.0],[436.0],[346.0],[896.0],[336.0],[565.0],[314.0],[567.0],[323.0],[670.0],[412.0],[42.0],[606.0],[737.0],[762.0],[865.0],[255.0],[891.0],[584.0],[896.0],[996.0],[680.0],[396.0],[314.0],[170.0],[21.0],[255.0],[604.0],[407.0],[565.0],[351.0],[814.0],[112.0],[112.0],[394.0],[438.0],[680.0],[320.0],[848.0],[872.0],[413.0],[396.0],[11.0],[407.0],[668.0],[896.0],[81.0],[762.0],[737.0],[40.0],[567.0],[81.0],[352.0],[584.0]
443,[128.0],[762.0],[623.0],[11.0],[325.0],[426.0],[422.0],[896.0],[235.0],[346.0],[606.0],[674.0],[402.0],[407.0],[891.0],[872.0],[811.0],[996.0],[996.0],[896.0],[146.0],[601.0],[42.0],[686.0],[422.0],[872.0],[325.0],[146.0],[597.0],[55.0],[55.0],[412.0],[320.0],[146.0],[422.0],[55.0],[736.0],[255.0],[323.0],[864.0],[2.0],[736.0],[40.0],[426.0],[865.0],[42.0],[213.0],[847.0],[231.0],[336.0],[42.0],[896.0],[346.0],[128.0],[438.0],[623.0],[394.0],[762.0],[128.0],[426.0],[517.0],[407.0],[128.0],[767.0],[616.0],[336.0],[396.0],[353.0],[567.0],[999.0],[438.0],[616.0],[996.0],[814.0],[601.0],[336.0],[767.0],[11.0],[402.0],[346.0],[21.0],[235.0],[353.0],[128.0],[399.0],[954.0],[896.0],[323.0],[736.0],[314.0],[847.0],[413.0],[170.0],[336.0],[146.0],[762.0],[727.0],[170.0],[508.0],[399.0]
444,[686.0],[55.0],[618.0],[736.0],[872.0],[868.0],[112.0],[336.0],[996.0],[737.0],[567.0],[263.0],[680.0],[346.0],[767.0],[584.0],[601.0],[606.0],[128.0],[336.0],[435.0],[674.0],[996.0],[435.0],[402.0],[21.0],[872.0],[435.0],[923.0],[727.0],[604.0],[896.0],[623.0],[435.0],[65.0],[603.0],[814.0],[727.0],[2.0],[983.0],[413.0],[255.0],[762.0],[868.0],[923.0],[81.0],[956.0],[351.0],[737.0],[42.0],[81.0],[336.0],[231.0],[55.0],[235.0],[320.0],[711.0],[565.0],[55.0],[65.0],[565.0],[314.0],[55.0],[124.0],[412.0],[762.0],[55.0],[112.0],[128.0],[508.0],[565.0],[412.0],[606.0],[603.0],[923.0],[103.0],[369.0],[603.0],[346.0],[231.0],[641.0],[996.0],[422.0],[11.0],[711.0],[848.0],[40.0],[170.0],[55.0],[767.0],[683.0],[336.0],[438.0],[565.0],[426.0],[170.0],[128.0],[396.0],[407.0],[616.0]
445,[55.0],[565.0],[686.0],[146.0],[864.0],[65.0],[346.0],[42.0],[567.0],[231.0],[128.0],[505.0],[353.0],[231.0],[263.0],[616.0],[402.0],[396.0],[606.0],[323.0],[422.0],[923.0],[606.0],[670.0],[112.0],[412.0],[864.0],[727.0],[352.0],[996.0],[814.0],[2.0],[618.0],[686.0],[514.0],[2.0],[603.0],[996.0],[603.0],[517.0],[40.0],[112.0],[565.0],[65.0],[407.0],[996.0],[939.0],[369.0],[426.0],[81.0],[711.0],[103.0],[402.0],[2.0],[567.0],[11.0],[896.0],[103.0],[396.0],[514.0],[21.0],[811.0],[604.0],[263.0],[64.0],[565.0],[323.0],[346.0],[55.0],[891.0],[235.0],[64.0],[396.0],[514.0],[352.0],[42.0],[263.0],[736.0],[868.0],[597.0],[412.0],[606.0],[112.0],[55.0],[332.0],[399.0],[336.0],[2.0],[604.0],[263.0],[596.0],[42.0],[235.0],[103.0],[435.0],[438.0],[996.0],[323.0],[891.0],[64.0]
446,[604.0],[604.0],[670.0],[435.0],[517.0],[514.0],[231.0],[103.0],[606.0],[65.0],[396.0],[536.0],[231.0],[314.0],[407.0],[896.0],[353.0],[323.0],[396.0],[42.0],[686.0],[124.0],[81.0],[422.0],[680.0],[896.0],[517.0],[422.0],[508.0],[606.0],[603.0],[336.0],[146.0],[422.0],[686.0],[904.0],[904.0],[603.0],[904.0],[325.0],[565.0],[996.0],[170.0],[811.0],[999.0],[606.0],[68.0],[373.0],[65.0],[170.0],[641.0],[81.0],[868.0],[604.0],[2.0],[618.0],[336.0],[81.0],[323.0],[686.0],[412.0],[601.0],[814.0],[505.0],[548.0],[103.0],[2.0],[597.0],[604.0],[402.0],[567.0],[896.0],[567.0],[904.0],[314.0],[170.0],[108.0],[255.0],[601.0],[737.0],[896.0],[567.0],[346.0],[603.0],[641.0],[332.0],[42.0],[413.0],[814.0],[505.0],[351.0],[40.0],[40.0],[983.0],[65.0],[235.0],[606.0],[438.0],[314.0],[332.0]
447,[670.0],[103.0],[320.0],[255.0],[21.0],[686.0],[868.0],[983.0],[396.0],[514.0],[55.0],[436.0],[737.0],[999.0],[505.0],[336.0],[923.0],[2.0],[323.0],[2.0],[112.0],[865.0],[170.0],[112.0],[353.0],[336.0],[584.0],[996.0],[737.0],[604.0],[904.0],[42.0],[11.0],[670.0],[670.0],[913.0],[255.0],[904.0],[913.0],[21.0],[103.0],[606.0],[438.0],[601.0],[680.0],[323.0],[372.0],[625.0],[514.0],[2.0],[170.0],[983.0],[811.0],[814.0],[413.0],[146.0],[641.0],[983.0],[2.0],[670.0],[896.0],[999.0],[727.0],[536.0],[394.0],[42.0],[604.0],[231.0],[323.0],[767.0],[103.0],[336.0],[323.0],[686.0],[999.0],[983.0],[505.0],[727.0],[680.0],[868.0],[75.0],[396.0],[597.0],[736.0],[317.0],[584.0],[81.0],[40.0],[255.0],[402.0],[329.0],[762.0],[762.0],[42.0],[422.0],[567.0],[55.0],[2.0],[767.0],[317.0]
448,[814.0],[814.0],[11.0],[422.0],[896.0],[811.0],[811.0],[325.0],[128.0],[686.0],[604.0],[124.0],[868.0],[402.0],[536.0],[42.0],[597.0],[413.0],[55.0],[413.0],[346.0],[407.0],[438.0],[346.0],[597.0],[42.0],[21.0],[112.0],[891.0],[396.0],[913.0],[413.0],[435.0],[112.0],[112.0],[413.0],[913.0],[606.0],[623.0],[872.0],[983.0],[346.0],[235.0],[514.0],[352.0],[170.0],[989.0],[108.0],[686.0],[413.0],[75.0],[170.0],[601.0],[603.0],[128.0],[435.0],[75.0],[325.0],[604.0],[146.0],[103.0],[923.0],[996.0],[865.0],[896.0],[81.0],[603.0],[737.0],[814.0],[680.0],[55.0],[42.0],[2.0],[670.0],[508.0],[438.0],[164.0],[904.0],[353.0],[811.0],[336.0],[128.0],[737.0],[255.0],[219.0],[317.0],[762.0],[438.0],[603.0],[680.0],[813.0],[565.0],[567.0],[872.0],[514.0],[128.0],[604.0],[413.0],[263.0],[219.0]
449,[603.0],[983.0],[146.0],[112.0],[336.0],[670.0],[601.0],[81.0],[2.0],[670.0],[814.0],[625.0],[811.0],[868.0],[314.0],[81.0],[352.0],[235.0],[2.0],[40.0],[231.0],[314.0],[235.0],[320.0],[346.0],[584.0],[412.0],[346.0],[426.0],[323.0],[736.0],[81.0],[422.0],[320.0],[346.0],[40.0],[727.0],[913.0],[413.0],[412.0],[567.0],[396.0],[567.0],[686.0],[508.0],[438.0],[757.0],[115.0],[868.0],[438.0],[438.0],[325.0],[680.0],[904.0],[604.0],[736.0],[42.0],[872.0],[413.0],[435.0],[336.0],[352.0],[606.0],[436.0],[336.0],[983.0],[413.0],[868.0],[2.0],[353.0],[983.0],[548.0],[128.0],[320.0],[402.0],[325.0],[536.0],[913.0],[923.0],[601.0],[42.0],[2.0],[231.0],[904.0],[75.0],[219.0],[170.0],[762.0],[727.0],[536.0],[158.0],[81.0],[565.0],[584.0],[112.0],[565.0],[814.0],[40.0],[999.0],[548.0]
450,[320.0],[325.0],[435.0],[346.0],[42.0],[320.0],[680.0],[872.0],[413.0],[320.0],[603.0],[865.0],[601.0],[811.0],[999.0],[64.0],[508.0],[567.0],[413.0],[81.0],[868.0],[352.0],[567.0],[231.0],[231.0],[81.0],[896.0],[231.0],[65.0],[2.0],[255.0],[170.0],[736.0],[11.0],[11.0],[623.0],[996.0],[396.0],[40.0],[896.0],[128.0],[323.0],[103.0],[670.0],[353.0],[235.0],[820.0],[164.0],[670.0],[235.0],[717.0],[872.0],[597.0],[413.0],[814.0],[422.0],[717.0],[584.0],[814.0],[320.0],[42.0],[508.0],[603.0],[407.0],[42.0],[170.0],[40.0],[811.0],[413.0],[263.0],[325.0],[394.0],[413.0],[913.0],[891.0],[872.0],[436.0],[623.0],[352.0],[426.0],[81.0],[413.0],[426.0],[727.0],[864.0],[864.0],[438.0],[565.0],[996.0],[353.0],[369.0],[103.0],[128.0],[81.0],[346.0],[55.0],[603.0],[235.0],[505.0],[394.0]
451,[736.0],[872.0],[736.0],[231.0],[584.0],[11.0],[923.0],[170.0],[40.0],[11.0],[904.0],[115.0],[426.0],[680.0],[436.0],[170.0],[737.0],[128.0],[604.0],[762.0],[670.0],[999.0],[396.0],[868.0],[868.0],[616.0],[616.0],[606.0],[767.0],[814.0],[623.0],[438.0],[112.0],[346.0],[736.0],[618.0],[623.0],[623.0],[618.0],[336.0],[325.0],[2.0],[128.0],[320.0],[597.0],[567.0],[847.0],[239.0],[811.0],[40.0],[48.0],[438.0],[923.0],[40.0],[40.0],[255.0],[81.0],[64.0],[603.0],[422.0],[983.0],[891.0],[904.0],[625.0],[81.0],[325.0],[762.0],[923.0],[904.0],[505.0],[604.0],[81.0],[55.0],[11.0],[767.0],[584.0],[625.0],[996.0],[508.0],[65.0],[170.0],[55.0],[65.0],[996.0],[717.0],[64.0],[565.0],[235.0],[606.0],[597.0],[373.0],[170.0],[55.0],[170.0],[686.0],[604.0],[396.0],[128.0],[536.0],[864.0]
452,[904.0],[603.0],[422.0],[727.0],[616.0],[736.0],[352.0],[438.0],[55.0],[868.0],[323.0],[239.0],[65.0],[601.0],[402.0],[438.0],[891.0],[40.0],[40.0],[170.0],[320.0],[508.0],[128.0],[11.0],[811.0],[170.0],[336.0],[868.0],[263.0],[413.0],[996.0],[235.0],[255.0],[231.0],[231.0],[762.0],[396.0],[323.0],[762.0],[42.0],[55.0],[413.0],[325.0],[11.0],[737.0],[128.0],[351.0],[137.0],[320.0],[762.0],[235.0],[235.0],[352.0],[913.0],[565.0],[727.0],[170.0],[170.0],[40.0],[112.0],[81.0],[767.0],[913.0],[314.0],[170.0],[438.0],[565.0],[426.0],[40.0],[597.0],[814.0],[170.0],[40.0],[623.0],[680.0],[235.0],[137.0],[618.0],[597.0],[923.0],[717.0],[604.0],[868.0],[913.0],[517.0],[548.0],[103.0],[103.0],[904.0],[737.0],[851.0],[438.0],[814.0],[438.0],[11.0],[814.0],[323.0],[55.0],[402.0],[711.0]
453,[255.0],[584.0],[346.0],[868.0],[81.0],[601.0],[353.0],[567.0],[604.0],[811.0],[623.0],[407.0],[923.0],[353.0],[680.0],[235.0],[767.0],[55.0],[814.0],[438.0],[811.0],[402.0],[2.0],[736.0],[737.0],[438.0],[42.0],[811.0],[514.0],[603.0],[606.0],[40.0],[996.0],[736.0],[255.0],[146.0],[618.0],[2.0],[146.0],[584.0],[872.0],[40.0],[55.0],[736.0],[426.0],[55.0],[685.0],[674.0],[736.0],[567.0],[516.0],[567.0],[508.0],[762.0],[103.0],[346.0],[438.0],[548.0],[904.0],[346.0],[170.0],[263.0],[623.0],[115.0],[711.0],[235.0],[904.0],[65.0],[762.0],[737.0],[603.0],[438.0],[604.0],[736.0],[353.0],[567.0],[674.0],[146.0],[891.0],[514.0],[438.0],[814.0],[811.0],[623.0],[21.0],[517.0],[235.0],[567.0],[913.0],[436.0],[153.0],[983.0],[103.0],[235.0],[231.0],[103.0],[2.0],[604.0],[436.0],[641.0]
454,[913.0],[904.0],[231.0],[996.0],[64.0],[923.0],[508.0],[584.0],[762.0],[736.0],[2.0],[668.0],[514.0],[923.0],[625.0],[548.0],[263.0],[762.0],[762.0],[565.0],[11.0],[680.0],[413.0],[255.0],[514.0],[64.0],[64.0],[601.0],[686.0],[623.0],[146.0],[567.0],[346.0],[868.0],[727.0],[565.0],[323.0],[618.0],[435.0],[81.0],[604.0],[762.0],[604.0],[255.0],[514.0],[2.0],[392.0],[124.0],[601.0],[565.0],[567.0],[584.0],[891.0],[565.0],[603.0],[231.0],[48.0],[394.0],[565.0],[231.0],[325.0],[505.0],[618.0],[239.0],[438.0],[567.0],[913.0],[352.0],[913.0],[426.0],[872.0],[711.0],[814.0],[618.0],[597.0],[616.0],[115.0],[435.0],[767.0],[686.0],[48.0],[40.0],[514.0],[606.0],[412.0],[394.0],[567.0],[128.0],[396.0],[426.0],[108.0],[235.0],[603.0],[567.0],[811.0],[325.0],[413.0],[762.0],[625.0],[75.0]
455,[623.0],[913.0],[868.0],[811.0],[548.0],[352.0],[891.0],[128.0],[814.0],[255.0],[146.0],[314.0],[352.0],[597.0],[353.0],[394.0],[505.0],[565.0],[603.0],[103.0],[601.0],[353.0],[55.0],[727.0],[686.0],[235.0],[81.0],[923.0],[670.0],[618.0],[435.0],[128.0],[231.0],[811.0],[868.0],[435.0],[2.0],[146.0],[422.0],[438.0],[814.0],[565.0],[603.0],[923.0],[686.0],[604.0],[285.0],[865.0],[255.0],[103.0],[128.0],[616.0],[737.0],[103.0],[983.0],[868.0],[235.0],[641.0],[103.0],[11.0],[872.0],[536.0],[146.0],[668.0],[235.0],[128.0],[623.0],[514.0],[623.0],[536.0],[584.0],[235.0],[603.0],[255.0],[263.0],[64.0],[865.0],[422.0],[737.0],[352.0],[235.0],[603.0],[686.0],[618.0],[48.0],[21.0],[983.0],[55.0],[323.0],[65.0],[213.0],[567.0],[904.0],[128.0],[601.0],[603.0],[40.0],[565.0],[115.0],[717.0]
456,[618.0],[616.0],[811.0],[601.0],[711.0],[255.0],[597.0],[616.0],[603.0],[601.0],[413.0],[999.0],[508.0],[352.0],[597.0],[711.0],[426.0],[604.0],[904.0],[235.0],[736.0],[597.0],[604.0],[811.0],[601.0],[567.0],[170.0],[396.0],[320.0],[146.0],[396.0],[55.0],[868.0],[923.0],[601.0],[422.0],[146.0],[435.0],[112.0],[235.0],[603.0],[231.0],[904.0],[352.0],[320.0],[814.0],[369.0],[407.0],[923.0],[128.0],[859.0],[128.0],[426.0],[983.0],[904.0],[811.0],[567.0],[438.0],[913.0],[868.0],[584.0],[402.0],[396.0],[683.0],[567.0],[55.0],[618.0],[686.0],[618.0],[436.0],[904.0],[567.0],[904.0],[146.0],[505.0],[55.0],[407.0],[606.0],[263.0],[11.0],[567.0],[904.0],[320.0],[146.0],[336.0],[412.0],[128.0],[604.0],[623.0],[625.0],[164.0],[325.0],[325.0],[55.0],[923.0],[872.0],[904.0],[814.0],[680.0],[517.0]
457,[146.0],[64.0],[601.0],[923.0],[641.0],[508.0],[737.0],[55.0],[904.0],[923.0],[435.0],[402.0],[891.0],[737.0],[115.0],[75.0],[536.0],[814.0],[565.0],[983.0],[727.0],[737.0],[603.0],[996.0],[923.0],[394.0],[438.0],[323.0],[11.0],[40.0],[422.0],[604.0],[606.0],[255.0],[923.0],[103.0],[413.0],[413.0],[346.0],[567.0],[584.0],[868.0],[913.0],[727.0],[11.0],[603.0],[373.0],[314.0],[727.0],[55.0],[55.0],[55.0],[65.0],[623.0],[913.0],[601.0],[516.0],[235.0],[983.0],[811.0],[616.0],[436.0],[323.0],[999.0],[128.0],[604.0],[146.0],[670.0],[146.0],[625.0],[616.0],[128.0],[913.0],[435.0],[536.0],[604.0],[314.0],[112.0],[426.0],[508.0],[516.0],[913.0],[11.0],[396.0],[516.0],[711.0],[604.0],[983.0],[2.0],[514.0],[137.0],[872.0],[872.0],[604.0],[352.0],[904.0],[762.0],[103.0],[239.0],[48.0]
458,[435.0],[548.0],[255.0],[352.0],[170.0],[727.0],[426.0],[604.0],[565.0],[352.0],[422.0],[683.0],[767.0],[508.0],[239.0],[567.0],[436.0],[103.0],[913.0],[128.0],[923.0],[426.0],[40.0],[606.0],[352.0],[128.0],[235.0],[2.0],[736.0],[565.0],[323.0],[762.0],[811.0],[727.0],[996.0],[112.0],[435.0],[40.0],[565.0],[616.0],[616.0],[103.0],[623.0],[508.0],[736.0],[413.0],[54.0],[668.0],[996.0],[604.0],[604.0],[604.0],[514.0],[618.0],[623.0],[923.0],[128.0],[128.0],[325.0],[601.0],[438.0],[680.0],[435.0],[402.0],[641.0],[814.0],[435.0],[320.0],[435.0],[65.0],[913.0],[55.0],[623.0],[727.0],[436.0],[548.0],[239.0],[346.0],[505.0],[736.0],[128.0],[762.0],[736.0],[323.0],[859.0],[641.0],[325.0],[814.0],[413.0],[670.0],[124.0],[128.0],[584.0],[814.0],[736.0],[913.0],[913.0],[983.0],[353.0],[21.0]
459,[727.0],[623.0],[923.0],[508.0],[438.0],[891.0],[686.0],[814.0],[913.0],[508.0],[40.0],[596.0],[263.0],[891.0],[426.0],[128.0],[65.0],[603.0],[103.0],[325.0],[606.0],[514.0],[762.0],[396.0],[670.0],[55.0],[548.0],[352.0],[505.0],[103.0],[2.0],[565.0],[923.0],[352.0],[606.0],[983.0],[40.0],[422.0],[231.0],[128.0],[904.0],[811.0],[872.0],[891.0],[891.0],[40.0],[86.0],[999.0],[606.0],[814.0],[489.0],[814.0],[686.0],[146.0],[325.0],[352.0],[859.0],[75.0],[872.0],[923.0],[64.0],[353.0],[2.0],[596.0],[75.0],[603.0],[422.0],[11.0],[565.0],[115.0],[64.0],[604.0],[618.0],[422.0],[737.0],[814.0],[999.0],[231.0],[536.0],[891.0],[55.0],[565.0],[255.0],[435.0],[42.0],[896.0],[872.0],[603.0],[40.0],[115.0],[865.0],[55.0],[913.0],[616.0],[255.0],[584.0],[623.0],[325.0],[597.0],[412.0]
460,[996.0],[394.0],[352.0],[891.0],[235.0],[996.0],[767.0],[603.0],[103.0],[891.0],[112.0],[329.0],[505.0],[767.0],[65.0],[55.0],[625.0],[904.0],[983.0],[872.0],[396.0],[891.0],[904.0],[601.0],[320.0],[604.0],[567.0],[891.0],[536.0],[983.0],[413.0],[603.0],[352.0],[508.0],[352.0],[346.0],[422.0],[762.0],[103.0],[64.0],[64.0],[601.0],[618.0],[996.0],[255.0],[904.0],[688.0],[402.0],[352.0],[603.0],[814.0],[64.0],[767.0],[435.0],[618.0],[508.0],[55.0],[717.0],[584.0],[352.0],[567.0],[597.0],[422.0],[680.0],[717.0],[904.0],[112.0],[508.0],[103.0],[239.0],[548.0],[641.0],[146.0],[996.0],[625.0],[394.0],[668.0],[868.0],[436.0],[255.0],[604.0],[618.0],[727.0],[2.0],[81.0],[75.0],[584.0],[325.0],[762.0],[239.0],[314.0],[604.0],[616.0],[603.0],[727.0],[623.0],[618.0],[603.0],[737.0],[896.0]
461,[422.0],[711.0],[508.0],[767.0],[567.0],[606.0],[263.0],[904.0],[983.0],[767.0],[762.0],[680.0],[536.0],[263.0],[668.0],[717.0],[115.0],[913.0],[623.0],[55.0],[352.0],[767.0],[913.0],[323.0],[11.0],[814.0],[394.0],[413.0],[436.0],[435.0],[112.0],[103.0],[396.0],[891.0],[396.0],[231.0],[762.0],[565.0],[983.0],[548.0],[548.0],[923.0],[584.0],[606.0],[727.0],[913.0],[108.0],[680.0],[508.0],[904.0],[603.0],[548.0],[263.0],[422.0],[872.0],[891.0],[489.0],[48.0],[623.0],[736.0],[128.0],[737.0],[413.0],[353.0],[55.0],[913.0],[103.0],[736.0],[325.0],[514.0],[623.0],[75.0],[435.0],[112.0],[426.0],[711.0],[402.0],[396.0],[65.0],[767.0],[814.0],[103.0],[996.0],[422.0],[170.0],[717.0],[616.0],[872.0],[618.0],[668.0],[956.0],[603.0],[623.0],[904.0],[606.0],[618.0],[146.0],[904.0],[668.0],[336.0]
462,[112.0],[618.0],[727.0],[263.0],[75.0],[396.0],[670.0],[913.0],[623.0],[727.0],[346.0],[32.0],[686.0],[426.0],[683.0],[604.0],[514.0],[623.0],[618.0],[584.0],[508.0],[263.0],[623.0],[2.0],[508.0],[603.0],[128.0],[40.0],[255.0],[422.0],[346.0],[983.0],[508.0],[767.0],[323.0],[325.0],[112.0],[112.0],[868.0],[604.0],[394.0],[352.0],[616.0],[396.0],[996.0],[762.0],[164.0],[683.0],[891.0],[913.0],[904.0],[394.0],[670.0],[325.0],[146.0],[767.0],[604.0],[516.0],[618.0],[255.0],[548.0],[625.0],[40.0],[597.0],[48.0],[872.0],[346.0],[255.0],[422.0],[668.0],[618.0],[814.0],[762.0],[396.0],[115.0],[641.0],[680.0],[811.0],[625.0],[727.0],[603.0],[983.0],[601.0],[413.0],[489.0],[336.0],[64.0],[584.0],[146.0],[320.0],[989.0],[904.0],[618.0],[64.0],[396.0],[146.0],[435.0],[913.0],[426.0],[516.0]
463,[606.0],[146.0],[891.0],[505.0],[55.0],[767.0],[505.0],[64.0],[618.0],[263.0],[231.0],[353.0],[670.0],[536.0],[596.0],[48.0],[239.0],[618.0],[146.0],[616.0],[891.0],[505.0],[565.0],[413.0],[736.0],[711.0],[711.0],[263.0],[625.0],[325.0],[231.0],[904.0],[891.0],[996.0],[508.0],[872.0],[346.0],[346.0],[811.0],[814.0],[913.0],[508.0],[146.0],[767.0],[606.0],[618.0],[465.0],[353.0],[396.0],[623.0],[90.0],[603.0],[736.0],[112.0],[584.0],[505.0],[814.0],[604.0],[146.0],[508.0],[55.0],[426.0],[762.0],[737.0],[604.0],[584.0],[983.0],[891.0],[872.0],[596.0],[146.0],[717.0],[565.0],[323.0],[514.0],[75.0],[683.0],[323.0],[514.0],[263.0],[904.0],[146.0],[923.0],[40.0],[90.0],[42.0],[814.0],[616.0],[565.0],[683.0],[820.0],[913.0],[146.0],[548.0],[323.0],[435.0],[112.0],[623.0],[683.0],[42.0]
464,[231.0],[641.0],[767.0],[536.0],[604.0],[323.0],[320.0],[548.0],[872.0],[996.0],[565.0],[813.0],[320.0],[436.0],[686.0],[814.0],[668.0],[146.0],[435.0],[604.0],[767.0],[536.0],[103.0],[923.0],[255.0],[641.0],[641.0],[505.0],[115.0],[872.0],[40.0],[913.0],[323.0],[606.0],[891.0],[868.0],[231.0],[231.0],[325.0],[394.0],[711.0],[891.0],[435.0],[323.0],[396.0],[146.0],[379.0],[596.0],[767.0],[325.0],[549.0],[711.0],[255.0],[346.0],[435.0],[536.0],[90.0],[859.0],[616.0],[891.0],[604.0],[115.0],[112.0],[329.0],[814.0],[623.0],[231.0],[727.0],[584.0],[329.0],[394.0],[603.0],[422.0],[346.0],[239.0],[603.0],[596.0],[2.0],[115.0],[996.0],[859.0],[435.0],[606.0],[112.0],[549.0],[48.0],[548.0],[548.0],[103.0],[596.0],[685.0],[623.0],[435.0],[913.0],[508.0],[616.0],[346.0],[618.0],[65.0],[81.0]
465,[868.0],[75.0],[263.0],[606.0],[717.0],[263.0],[536.0],[623.0],[616.0],[505.0],[103.0],[597.0],[436.0],[65.0],[670.0],[516.0],[683.0],[435.0],[325.0],[64.0],[323.0],[436.0],[983.0],[352.0],[996.0],[904.0],[75.0],[762.0],[727.0],[584.0],[868.0],[623.0],[767.0],[396.0],[767.0],[811.0],[868.0],[103.0],[601.0],[603.0],[623.0],[767.0],[64.0],[263.0],[767.0],[435.0],[172.0],[597.0],[323.0],[872.0],[913.0],[904.0],[727.0],[231.0],[616.0],[436.0],[603.0],[814.0],[548.0],[727.0],[814.0],[65.0],[565.0],[426.0],[603.0],[618.0],[868.0],[996.0],[616.0],[32.0],[435.0],[904.0],[112.0],[231.0],[668.0],[717.0],[353.0],[413.0],[686.0],[606.0],[913.0],[112.0],[508.0],[346.0],[39.0],[81.0],[603.0],[904.0],[435.0],[11.0],[999.0],[618.0],[422.0],[394.0],[891.0],[64.0],[231.0],[146.0],[514.0],[170.0]
466,[396.0],[435.0],[996.0],[436.0],[814.0],[2.0],[11.0],[394.0],[64.0],[396.0],[983.0],[737.0],[115.0],[686.0],[320.0],[603.0],[686.0],[422.0],[422.0],[814.0],[263.0],[625.0],[325.0],[508.0],[891.0],[913.0],[717.0],[565.0],[996.0],[112.0],[811.0],[618.0],[2.0],[263.0],[2.0],[601.0],[565.0],[811.0],[923.0],[904.0],[618.0],[263.0],[548.0],[2.0],[263.0],[103.0],[137.0],[329.0],[263.0],[618.0],[623.0],[641.0],[505.0],[868.0],[422.0],[996.0],[549.0],[603.0],[394.0],[767.0],[603.0],[239.0],[346.0],[32.0],[516.0],[616.0],[811.0],[606.0],[64.0],[686.0],[422.0],[48.0],[103.0],[868.0],[683.0],[904.0],[329.0],[40.0],[670.0],[505.0],[623.0],[325.0],[891.0],[762.0],[438.0],[170.0],[904.0],[394.0],[422.0],[329.0],[392.0],[146.0],[112.0],[623.0],[767.0],[548.0],[565.0],[435.0],[596.0],[489.0]
467,[323.0],[717.0],[505.0],[625.0],[603.0],[505.0],[436.0],[618.0],[146.0],[536.0],[868.0],[426.0],[11.0],[625.0],[736.0],[859.0],[670.0],[983.0],[112.0],[548.0],[505.0],[686.0],[618.0],[891.0],[767.0],[623.0],[55.0],[536.0],[606.0],[346.0],[565.0],[325.0],[413.0],[536.0],[413.0],[923.0],[811.0],[983.0],[872.0],[913.0],[641.0],[505.0],[422.0],[505.0],[323.0],[422.0],[674.0],[737.0],[2.0],[146.0],[39.0],[913.0],[436.0],[811.0],[64.0],[625.0],[39.0],[904.0],[711.0],[996.0],[394.0],[668.0],[231.0],[813.0],[859.0],[64.0],[601.0],[767.0],[548.0],[670.0],[112.0],[913.0],[231.0],[811.0],[596.0],[48.0],[32.0],[762.0],[320.0],[536.0],[618.0],[872.0],[396.0],[565.0],[235.0],[438.0],[913.0],[913.0],[112.0],[736.0],[285.0],[584.0],[346.0],[618.0],[263.0],[394.0],[868.0],[422.0],[329.0],[438.0]
468,[2.0],[422.0],[606.0],[323.0],[904.0],[413.0],[736.0],[711.0],[548.0],[436.0],[811.0],[65.0],[239.0],[115.0],[329.0],[904.0],[320.0],[112.0],[346.0],[603.0],[2.0],[115.0],[435.0],[40.0],[263.0],[75.0],[604.0],[103.0],[323.0],[616.0],[601.0],[872.0],[263.0],[323.0],[40.0],[584.0],[601.0],[601.0],[352.0],[618.0],[146.0],[983.0],[112.0],[413.0],[2.0],[983.0],[124.0],[32.0],[413.0],[584.0],[618.0],[623.0],[625.0],[601.0],[112.0],[606.0],[709.0],[489.0],[641.0],[263.0],[904.0],[514.0],[868.0],[158.0],[904.0],[548.0],[923.0],[263.0],[394.0],[158.0],[346.0],[623.0],[983.0],[2.0],[686.0],[913.0],[597.0],[565.0],[11.0],[396.0],[146.0],[584.0],[323.0],[868.0],[567.0],[235.0],[623.0],[623.0],[346.0],[32.0],[402.0],[616.0],[231.0],[146.0],[505.0],[422.0],[983.0],[872.0],[813.0],[90.0]
469,[811.0],[112.0],[536.0],[2.0],[913.0],[40.0],[625.0],[641.0],[394.0],[625.0],[325.0],[158.0],[683.0],[239.0],[255.0],[913.0],[329.0],[346.0],[872.0],[394.0],[436.0],[670.0],[422.0],[762.0],[606.0],[717.0],[814.0],[436.0],[239.0],[231.0],[923.0],[584.0],[505.0],[436.0],[263.0],[352.0],[923.0],[325.0],[508.0],[146.0],[75.0],[536.0],[394.0],[536.0],[505.0],[112.0],[532.0],[426.0],[505.0],[435.0],[146.0],[75.0],[996.0],[872.0],[346.0],[115.0],[904.0],[90.0],[75.0],[505.0],[913.0],[686.0],[103.0],[851.0],[913.0],[394.0],[325.0],[505.0],[112.0],[851.0],[711.0],[618.0],[868.0],[601.0],[320.0],[516.0],[737.0],[601.0],[736.0],[323.0],[90.0],[616.0],[767.0],[811.0],[128.0],[516.0],[618.0],[618.0],[231.0],[813.0],[680.0],[64.0],[64.0],[435.0],[2.0],[112.0],[325.0],[112.0],[686.0],[549.0]
470,[923.0],[346.0],[436.0],[239.0],[48.0],[536.0],[115.0],[146.0],[435.0],[115.0],[601.0],[514.0],[596.0],[668.0],[727.0],[489.0],[11.0],[325.0],[584.0],[904.0],[625.0],[239.0],[112.0],[767.0],[396.0],[618.0],[603.0],[983.0],[668.0],[64.0],[103.0],[146.0],[40.0],[625.0],[505.0],[508.0],[352.0],[923.0],[584.0],[435.0],[435.0],[325.0],[711.0],[436.0],[413.0],[346.0],[525.0],[813.0],[536.0],[422.0],[709.0],[48.0],[606.0],[584.0],[548.0],[239.0],[913.0],[913.0],[422.0],[606.0],[623.0],[670.0],[811.0],[65.0],[489.0],[711.0],[584.0],[536.0],[346.0],[320.0],[641.0],[516.0],[325.0],[413.0],[11.0],[623.0],[426.0],[103.0],[239.0],[2.0],[549.0],[64.0],[263.0],[103.0],[55.0],[567.0],[146.0],[711.0],[983.0],[255.0],[54.0],[548.0],[394.0],[422.0],[536.0],[711.0],[872.0],[346.0],[158.0],[39.0]
471,[352.0],[231.0],[396.0],[413.0],[516.0],[762.0],[255.0],[435.0],[422.0],[239.0],[872.0],[851.0],[736.0],[683.0],[32.0],[623.0],[32.0],[231.0],[231.0],[913.0],[115.0],[668.0],[231.0],[565.0],[505.0],[146.0],[913.0],[325.0],[2.0],[868.0],[352.0],[435.0],[762.0],[115.0],[762.0],[891.0],[103.0],[872.0],[891.0],[422.0],[422.0],[872.0],[641.0],[625.0],[536.0],[231.0],[620.0],[65.0],[436.0],[112.0],[203.0],[516.0],[396.0],[923.0],[231.0],[396.0],[623.0],[623.0],[112.0],[396.0],[618.0],[683.0],[601.0],[153.0],[623.0],[641.0],[616.0],[396.0],[231.0],[153.0],[231.0],[859.0],[811.0],[40.0],[736.0],[618.0],[813.0],[325.0],[683.0],[413.0],[39.0],[346.0],[505.0],[983.0],[604.0],[859.0],[394.0],[146.0],[325.0],[158.0],[353.0],[394.0],[868.0],[112.0],[413.0],[346.0],[811.0],[584.0],[670.0],[235.0]
472,[413.0],[868.0],[323.0],[668.0],[623.0],[565.0],[239.0],[422.0],[112.0],[323.0],[923.0],[153.0],[329.0],[670.0],[996.0],[90.0],[736.0],[868.0],[811.0],[623.0],[239.0],[683.0],[868.0],[263.0],[536.0],[48.0],[48.0],[625.0],[413.0],[548.0],[983.0],[112.0],[536.0],[239.0],[536.0],[616.0],[983.0],[584.0],[616.0],[711.0],[717.0],[584.0],[346.0],[762.0],[436.0],[325.0],[865.0],[158.0],[40.0],[346.0],[196.0],[859.0],[115.0],[616.0],[394.0],[668.0],[618.0],[549.0],[346.0],[536.0],[641.0],[320.0],[325.0],[213.0],[618.0],[75.0],[352.0],[436.0],[711.0],[213.0],[75.0],[146.0],[601.0],[923.0],[329.0],[146.0],[158.0],[923.0],[255.0],[40.0],[422.0],[548.0],[2.0],[601.0],[814.0],[489.0],[711.0],[641.0],[872.0],[851.0],[597.0],[435.0],[811.0],[711.0],[762.0],[231.0],[601.0],[616.0],[320.0],[567.0]
473,[40.0],[48.0],[2.0],[40.0],[489.0],[103.0],[727.0],[75.0],[346.0],[2.0],[352.0],[213.0],[255.0],[11.0],[813.0],[618.0],[813.0],[811.0],[616.0],[618.0],[668.0],[320.0],[584.0],[103.0],[436.0],[435.0],[623.0],[872.0],[762.0],[811.0],[325.0],[346.0],[436.0],[668.0],[565.0],[767.0],[325.0],[616.0],[64.0],[112.0],[112.0],[436.0],[231.0],[239.0],[625.0],[868.0],[684.0],[514.0],[762.0],[231.0],[435.0],[489.0],[323.0],[352.0],[711.0],[683.0],[196.0],[39.0],[717.0],[323.0],[146.0],[11.0],[872.0],[956.0],[146.0],[717.0],[548.0],[323.0],[868.0],[11.0],[811.0],[489.0],[923.0],[352.0],[255.0],[859.0],[851.0],[508.0],[727.0],[762.0],[709.0],[231.0],[536.0],[325.0],[603.0],[128.0],[435.0],[435.0],[584.0],[727.0],[86.0],[422.0],[711.0],[346.0],[436.0],[641.0],[584.0],[64.0],[153.0],[128.0]
474,[762.0],[811.0],[413.0],[762.0],[90.0],[436.0],[668.0],[112.0],[711.0],[413.0],[508.0],[670.0],[727.0],[736.0],[606.0],[146.0],[158.0],[872.0],[64.0],[711.0],[683.0],[596.0],[616.0],[505.0],[323.0],[422.0],[516.0],[115.0],[683.0],[601.0],[872.0],[616.0],[625.0],[683.0],[436.0],[64.0],[872.0],[352.0],[767.0],[346.0],[48.0],[616.0],[868.0],[668.0],[40.0],[872.0],[887.0],[851.0],[625.0],[616.0],[422.0],[618.0],[2.0],[508.0],[75.0],[596.0],[331.0],[618.0],[231.0],[2.0],[422.0],[736.0],[584.0],[989.0],[422.0],[146.0],[394.0],[2.0],[641.0],[736.0],[717.0],[435.0],[352.0],[508.0],[727.0],[435.0],[65.0],[872.0],[996.0],[436.0],[112.0],[868.0],[413.0],[872.0],[709.0],[90.0],[75.0],[75.0],[868.0],[996.0],[67.0],[112.0],[75.0],[231.0],[625.0],[75.0],[616.0],[548.0],[11.0],[55.0]
475,[565.0],[601.0],[40.0],[683.0],[618.0],[625.0],[683.0],[346.0],[641.0],[668.0],[584.0],[956.0],[32.0],[255.0],[396.0],[549.0],[255.0],[584.0],[601.0],[641.0],[413.0],[329.0],[811.0],[983.0],[625.0],[516.0],[618.0],[239.0],[565.0],[394.0],[584.0],[231.0],[565.0],[2.0],[103.0],[263.0],[508.0],[508.0],[263.0],[231.0],[346.0],[625.0],[75.0],[683.0],[762.0],[584.0],[24.0],[153.0],[115.0],[64.0],[758.0],[146.0],[413.0],[64.0],[868.0],[329.0],[146.0],[146.0],[48.0],[436.0],[112.0],[596.0],[616.0],[820.0],[112.0],[48.0],[508.0],[413.0],[601.0],[956.0],[48.0],[90.0],[872.0],[891.0],[996.0],[489.0],[514.0],[891.0],[596.0],[625.0],[346.0],[811.0],[40.0],[584.0],[904.0],[549.0],[422.0],[422.0],[811.0],[396.0],[688.0],[346.0],[601.0],[641.0],[565.0],[868.0],[64.0],[394.0],[736.0],[709.0]
476,[103.0],[923.0],[625.0],[596.0],[549.0],[983.0],[596.0],[231.0],[231.0],[40.0],[891.0],[320.0],[996.0],[727.0],[158.0],[435.0],[851.0],[601.0],[923.0],[146.0],[40.0],[32.0],[601.0],[536.0],[115.0],[112.0],[146.0],[683.0],[596.0],[923.0],[508.0],[868.0],[103.0],[40.0],[983.0],[505.0],[616.0],[64.0],[505.0],[641.0],[231.0],[64.0],[811.0],[565.0],[115.0],[616.0],[76.0],[686.0],[239.0],[868.0],[112.0],[90.0],[239.0],[548.0],[811.0],[323.0],[435.0],[709.0],[868.0],[115.0],[75.0],[255.0],[923.0],[685.0],[346.0],[435.0],[891.0],[40.0],[923.0],[989.0],[516.0],[422.0],[584.0],[767.0],[606.0],[422.0],[686.0],[767.0],[329.0],[115.0],[231.0],[601.0],[762.0],[923.0],[203.0],[55.0],[112.0],[112.0],[616.0],[323.0],[465.0],[711.0],[923.0],[75.0],[103.0],[811.0],[923.0],[231.0],[213.0],[604.0]
477,[508.0],[516.0],[115.0],[329.0],[39.0],[325.0],[32.0],[868.0],[868.0],[683.0],[616.0],[11.0],[813.0],[596.0],[851.0],[422.0],[153.0],[923.0],[548.0],[75.0],[565.0],[813.0],[923.0],[436.0],[2.0],[346.0],[435.0],[584.0],[329.0],[711.0],[891.0],[811.0],[115.0],[596.0],[625.0],[536.0],[891.0],[891.0],[548.0],[75.0],[868.0],[115.0],[601.0],[103.0],[565.0],[64.0],[407.0],[670.0],[565.0],[811.0],[346.0],[435.0],[668.0],[891.0],[717.0],[2.0],[422.0],[435.0],[516.0],[239.0],[717.0],[329.0],[352.0],[392.0],[231.0],[422.0],[767.0],[762.0],[352.0],[255.0],[601.0],[346.0],[616.0],[762.0],[32.0],[112.0],[153.0],[263.0],[32.0],[565.0],[868.0],[394.0],[436.0],[352.0],[913.0],[604.0],[717.0],[346.0],[601.0],[153.0],[379.0],[231.0],[352.0],[868.0],[115.0],[717.0],[352.0],[868.0],[255.0],[814.0]
478,[891.0],[352.0],[239.0],[565.0],[146.0],[872.0],[813.0],[717.0],[811.0],[596.0],[64.0],[989.0],[606.0],[329.0],[153.0],[39.0],[213.0],[352.0],[394.0],[435.0],[596.0],[11.0],[352.0],[625.0],[239.0],[231.0],[422.0],[616.0],[32.0],[352.0],[616.0],[601.0],[325.0],[329.0],[115.0],[548.0],[767.0],[767.0],[536.0],[868.0],[811.0],[548.0],[923.0],[983.0],[239.0],[811.0],[689.0],[213.0],[668.0],[601.0],[331.0],[549.0],[683.0],[767.0],[601.0],[32.0],[535.0],[422.0],[859.0],[413.0],[346.0],[32.0],[508.0],[285.0],[868.0],[112.0],[711.0],[565.0],[508.0],[820.0],[923.0],[549.0],[64.0],[263.0],[396.0],[346.0],[670.0],[505.0],[813.0],[103.0],[811.0],[711.0],[625.0],[508.0],[196.0],[39.0],[48.0],[717.0],[64.0],[213.0],[737.0],[868.0],[508.0],[811.0],[668.0],[923.0],[548.0],[811.0],[956.0],[203.0]
479,[983.0],[508.0],[668.0],[32.0],[422.0],[239.0],[158.0],[48.0],[717.0],[762.0],[767.0],[820.0],[158.0],[32.0],[323.0],[112.0],[956.0],[508.0],[711.0],[422.0],[329.0],[736.0],[508.0],[325.0],[413.0],[868.0],[112.0],[64.0],[103.0],[641.0],[64.0],[64.0],[239.0],[32.0],[325.0],[436.0],[263.0],[394.0],[436.0],[811.0],[601.0],[239.0],[352.0],[596.0],[668.0],[548.0],[595.0],[956.0],[683.0],[352.0],[231.0],[422.0],[596.0],[263.0],[923.0],[413.0],[112.0],[112.0],[811.0],[40.0],[48.0],[813.0],[891.0],[514.0],[811.0],[346.0],[263.0],[625.0],[891.0],[685.0],[352.0],[39.0],[548.0],[103.0],[323.0],[231.0],[213.0],[584.0],[158.0],[239.0],[203.0],[923.0],[565.0],[891.0],[758.0],[814.0],[516.0],[48.0],[923.0],[956.0],[172.0],[641.0],[891.0],[717.0],[683.0],[352.0],[508.0],[601.0],[989.0],[196.0]
480,[325.0],[891.0],[762.0],[813.0],[709.0],[584.0],[996.0],[516.0],[48.0],[329.0],[548.0],[736.0],[851.0],[813.0],[213.0],[346.0],[727.0],[616.0],[352.0],[717.0],[103.0],[255.0],[891.0],[115.0],[40.0],[811.0],[346.0],[548.0],[983.0],[508.0],[548.0],[923.0],[668.0],[813.0],[872.0],[394.0],[394.0],[711.0],[394.0],[601.0],[923.0],[668.0],[48.0],[329.0],[683.0],[601.0],[314.0],[320.0],[596.0],[548.0],[535.0],[112.0],[329.0],[505.0],[48.0],[813.0],[763.0],[346.0],[601.0],[668.0],[516.0],[727.0],[64.0],[54.0],[90.0],[231.0],[505.0],[103.0],[767.0],[727.0],[508.0],[231.0],[508.0],[505.0],[813.0],[90.0],[956.0],[64.0],[851.0],[668.0],[196.0],[352.0],[115.0],[767.0],[623.0],[603.0],[346.0],[516.0],[352.0],[2.0],[532.0],[811.0],[717.0],[601.0],[596.0],[508.0],[394.0],[711.0],[820.0],[758.0]
481,[767.0],[767.0],[565.0],[158.0],[203.0],[668.0],[851.0],[859.0],[601.0],[32.0],[263.0],[685.0],[396.0],[996.0],[2.0],[709.0],[996.0],[891.0],[508.0],[48.0],[32.0],[727.0],[767.0],[872.0],[762.0],[601.0],[231.0],[596.0],[325.0],[891.0],[767.0],[548.0],[872.0],[158.0],[584.0],[711.0],[711.0],[641.0],[625.0],[717.0],[516.0],[394.0],[516.0],[325.0],[596.0],[394.0],[92.0],[989.0],[103.0],[508.0],[763.0],[231.0],[32.0],[394.0],[516.0],[40.0],[346.0],[231.0],[489.0],[683.0],[231.0],[158.0],[767.0],[86.0],[549.0],[868.0],[536.0],[115.0],[75.0],[392.0],[891.0],[709.0],[891.0],[983.0],[158.0],[868.0],[989.0],[548.0],[153.0],[683.0],[758.0],[641.0],[239.0],[64.0],[618.0],[904.0],[859.0],[868.0],[548.0],[989.0],[525.0],[601.0],[767.0],[48.0],[329.0],[891.0],[891.0],[923.0],[685.0],[331.0]
482,[263.0],[263.0],[103.0],[103.0],[112.0],[683.0],[153.0],[489.0],[516.0],[565.0],[505.0],[255.0],[153.0],[606.0],[413.0],[231.0],[989.0],[767.0],[891.0],[112.0],[813.0],[158.0],[263.0],[239.0],[668.0],[859.0],[859.0],[394.0],[813.0],[75.0],[394.0],[352.0],[683.0],[762.0],[239.0],[625.0],[641.0],[263.0],[711.0],[923.0],[352.0],[711.0],[508.0],[872.0],[329.0],[923.0],[999.0],[820.0],[329.0],[394.0],[761.0],[868.0],[813.0],[536.0],[352.0],[762.0],[231.0],[203.0],[923.0],[596.0],[868.0],[851.0],[263.0],[670.0],[601.0],[516.0],[641.0],[239.0],[717.0],[606.0],[859.0],[868.0],[767.0],[536.0],[2.0],[811.0],[320.0],[536.0],[606.0],[596.0],[601.0],[891.0],[103.0],[548.0],[146.0],[913.0],[868.0],[811.0],[394.0],[820.0],[620.0],[923.0],[263.0],[923.0],[983.0],[767.0],[767.0],[352.0],[727.0],[535.0]
483,[505.0],[536.0],[983.0],[325.0],[196.0],[596.0],[606.0],[90.0],[859.0],[103.0],[394.0],[727.0],[213.0],[158.0],[40.0],[868.0],[820.0],[64.0],[641.0],[346.0],[158.0],[996.0],[64.0],[584.0],[565.0],[923.0],[868.0],[329.0],[158.0],[263.0],[263.0],[508.0],[596.0],[565.0],[668.0],[115.0],[505.0],[505.0],[641.0],[48.0],[859.0],[683.0],[891.0],[584.0],[103.0],[508.0],[145.0],[685.0],[983.0],[891.0],[132.0],[811.0],[158.0],[436.0],[508.0],[158.0],[868.0],[868.0],[90.0],[762.0],[859.0],[996.0],[505.0],[320.0],[923.0],[859.0],[436.0],[668.0],[263.0],[285.0],[767.0],[811.0],[394.0],[436.0],[851.0],[549.0],[820.0],[711.0],[396.0],[983.0],[923.0],[767.0],[983.0],[263.0],[435.0],[709.0],[811.0],[601.0],[508.0],[685.0],[426.0],[352.0],[48.0],[352.0],[325.0],[48.0],[263.0],[641.0],[996.0],[763.0]
484,[536.0],[859.0],[872.0],[872.0],[758.0],[616.0],[396.0],[811.0],[923.0],[813.0],[711.0],[392.0],[323.0],[851.0],[565.0],[811.0],[606.0],[548.0],[75.0],[231.0],[851.0],[606.0],[548.0],[668.0],[103.0],[352.0],[489.0],[32.0],[872.0],[48.0],[711.0],[711.0],[329.0],[851.0],[683.0],[641.0],[75.0],[75.0],[115.0],[352.0],[508.0],[596.0],[767.0],[616.0],[32.0],[891.0],[402.0],[392.0],[32.0],[711.0],[868.0],[601.0],[40.0],[711.0],[891.0],[565.0],[811.0],[196.0],[352.0],[329.0],[811.0],[153.0],[536.0],[67.0],[352.0],[811.0],[625.0],[983.0],[48.0],[396.0],[263.0],[203.0],[711.0],[325.0],[413.0],[39.0],[11.0],[436.0],[213.0],[325.0],[352.0],[263.0],[668.0],[394.0],[422.0],[203.0],[601.0],[923.0],[711.0],[392.0],[684.0],[75.0],[516.0],[516.0],[32.0],[516.0],[505.0],[75.0],[392.0],[761.0]
485,[872.0],[489.0],[616.0],[851.0],[346.0],[329.0],[323.0],[549.0],[352.0],[158.0],[641.0],[285.0],[2.0],[153.0],[956.0],[203.0],[685.0],[394.0],[767.0],[868.0],[153.0],[851.0],[505.0],[616.0],[683.0],[489.0],[811.0],[813.0],[584.0],[505.0],[641.0],[891.0],[584.0],[103.0],[596.0],[75.0],[536.0],[717.0],[239.0],[508.0],[489.0],[641.0],[263.0],[64.0],[983.0],[711.0],[680.0],[11.0],[325.0],[641.0],[811.0],[923.0],[762.0],[641.0],[767.0],[851.0],[761.0],[758.0],[508.0],[813.0],[601.0],[213.0],[548.0],[11.0],[508.0],[489.0],[115.0],[325.0],[516.0],[54.0],[505.0],[196.0],[263.0],[625.0],[153.0],[709.0],[736.0],[625.0],[956.0],[329.0],[508.0],[505.0],[683.0],[711.0],[331.0],[623.0],[489.0],[508.0],[641.0],[285.0],[65.0],[508.0],[859.0],[508.0],[813.0],[263.0],[536.0],[508.0],[285.0],[603.0]
486,[584.0],[436.0],[683.0],[584.0],[231.0],[32.0],[956.0],[39.0],[489.0],[851.0],[536.0],[54.0],[956.0],[213.0],[103.0],[196.0],[392.0],[711.0],[263.0],[516.0],[983.0],[153.0],[536.0],[64.0],[596.0],[90.0],[601.0],[158.0],[851.0],[516.0],[505.0],[641.0],[616.0],[153.0],[329.0],[239.0],[48.0],[536.0],[75.0],[516.0],[891.0],[75.0],[505.0],[32.0],[325.0],[641.0],[353.0],[736.0],[813.0],[767.0],[601.0],[39.0],[851.0],[75.0],[263.0],[103.0],[923.0],[331.0],[891.0],[565.0],[923.0],[606.0],[436.0],[688.0],[891.0],[90.0],[75.0],[872.0],[505.0],[86.0],[536.0],[758.0],[505.0],[115.0],[40.0],[203.0],[392.0],[641.0],[989.0],[32.0],[891.0],[75.0],[596.0],[505.0],[112.0],[618.0],[923.0],[891.0],[891.0],[86.0],[887.0],[891.0],[489.0],[891.0],[158.0],[505.0],[436.0],[891.0],[54.0],[904.0]
487,[616.0],[625.0],[596.0],[153.0],[868.0],[64.0],[989.0],[709.0],[90.0],[983.0],[436.0],[996.0],[413.0],[396.0],[989.0],[758.0],[396.0],[75.0],[505.0],[811.0],[325.0],[396.0],[436.0],[548.0],[983.0],[508.0],[923.0],[851.0],[616.0],[536.0],[75.0],[75.0],[32.0],[213.0],[616.0],[717.0],[436.0],[48.0],[683.0],[859.0],[767.0],[717.0],[536.0],[548.0],[813.0],[767.0],[597.0],[285.0],[158.0],[263.0],[985.0],[352.0],[153.0],[625.0],[859.0],[983.0],[352.0],[535.0],[549.0],[158.0],[352.0],[956.0],[394.0],[465.0],[767.0],[549.0],[717.0],[584.0],[536.0],[67.0],[489.0],[535.0],[641.0],[872.0],[762.0],[601.0],[255.0],[115.0],[820.0],[813.0],[767.0],[536.0],[325.0],[641.0],[535.0],[196.0],[352.0],[767.0],[767.0],[413.0],[514.0],[767.0],[505.0],[859.0],[851.0],[536.0],[625.0],[767.0],[606.0],[913.0]
488,[64.0],[90.0],[64.0],[616.0],[811.0],[813.0],[413.0],[203.0],[549.0],[325.0],[625.0],[606.0],[989.0],[956.0],[820.0],[601.0],[285.0],[263.0],[536.0],[601.0],[872.0],[213.0],[625.0],[683.0],[325.0],[549.0],[352.0],[153.0],[153.0],[436.0],[717.0],[717.0],[548.0],[983.0],[64.0],[668.0],[625.0],[436.0],[596.0],[891.0],[263.0],[48.0],[859.0],[813.0],[872.0],[263.0],[737.0],[255.0],[851.0],[48.0],[923.0],[508.0],[565.0],[115.0],[536.0],[153.0],[508.0],[763.0],[767.0],[851.0],[508.0],[989.0],[711.0],[379.0],[263.0],[601.0],[239.0],[683.0],[625.0],[323.0],[436.0],[763.0],[536.0],[239.0],[213.0],[196.0],[285.0],[239.0],[685.0],[872.0],[263.0],[436.0],[872.0],[75.0],[346.0],[146.0],[90.0],[263.0],[75.0],[40.0],[686.0],[717.0],[536.0],[489.0],[872.0],[859.0],[711.0],[505.0],[86.0],[985.0]
489,[436.0],[549.0],[329.0],[213.0],[601.0],[548.0],[40.0],[601.0],[508.0],[153.0],[75.0],[86.0],[40.0],[820.0],[983.0],[331.0],[323.0],[717.0],[717.0],[489.0],[213.0],[956.0],[711.0],[596.0],[329.0],[767.0],[90.0],[711.0],[213.0],[859.0],[48.0],[767.0],[813.0],[325.0],[548.0],[48.0],[516.0],[625.0],[329.0],[489.0],[505.0],[329.0],[489.0],[394.0],[158.0],[717.0],[426.0],[54.0],[956.0],[516.0],[352.0],[891.0],[103.0],[717.0],[489.0],[213.0],[891.0],[761.0],[39.0],[153.0],[891.0],[396.0],[625.0],[172.0],[505.0],[39.0],[48.0],[616.0],[115.0],[465.0],[90.0],[761.0],[75.0],[668.0],[565.0],[923.0],[54.0],[75.0],[392.0],[158.0],[331.0],[625.0],[329.0],[536.0],[231.0],[435.0],[549.0],[859.0],[717.0],[67.0],[670.0],[48.0],[436.0],[90.0],[153.0],[436.0],[115.0],[536.0],[396.0],[623.0]
490,[625.0],[115.0],[548.0],[956.0],[331.0],[394.0],[762.0],[923.0],[39.0],[584.0],[115.0],[67.0],[762.0],[685.0],[685.0],[923.0],[54.0],[505.0],[436.0],[923.0],[584.0],[323.0],[641.0],[394.0],[813.0],[263.0],[508.0],[641.0],[956.0],[489.0],[536.0],[263.0],[394.0],[956.0],[394.0],[683.0],[115.0],[516.0],[32.0],[90.0],[536.0],[32.0],[625.0],[851.0],[584.0],[48.0],[65.0],[727.0],[872.0],[859.0],[51.0],[767.0],[213.0],[239.0],[90.0],[956.0],[767.0],[132.0],[263.0],[213.0],[489.0],[820.0],[641.0],[736.0],[536.0],[923.0],[516.0],[64.0],[859.0],[379.0],[549.0],[132.0],[717.0],[683.0],[956.0],[352.0],[86.0],[668.0],[323.0],[584.0],[505.0],[115.0],[32.0],[436.0],[868.0],[422.0],[39.0],[505.0],[516.0],[688.0],[320.0],[516.0],[90.0],[767.0],[213.0],[489.0],[239.0],[436.0],[323.0],[51.0]
491,[115.0],[39.0],[32.0],[989.0],[923.0],[711.0],[820.0],[196.0],[891.0],[616.0],[239.0],[465.0],[565.0],[392.0],[392.0],[352.0],[86.0],[536.0],[625.0],[352.0],[956.0],[2.0],[115.0],[329.0],[158.0],[505.0],[891.0],[213.0],[820.0],[90.0],[436.0],[505.0],[711.0],[584.0],[32.0],[516.0],[239.0],[859.0],[813.0],[549.0],[436.0],[516.0],[239.0],[153.0],[851.0],[505.0],[977.0],[86.0],[584.0],[489.0],[78.0],[263.0],[983.0],[668.0],[549.0],[325.0],[263.0],[811.0],[505.0],[103.0],[767.0],[685.0],[115.0],[532.0],[436.0],[709.0],[668.0],[596.0],[489.0],[172.0],[625.0],[923.0],[436.0],[584.0],[989.0],[508.0],[67.0],[717.0],[2.0],[851.0],[536.0],[239.0],[813.0],[717.0],[811.0],[758.0],[709.0],[489.0],[263.0],[762.0],[11.0],[263.0],[549.0],[263.0],[584.0],[625.0],[668.0],[115.0],[67.0],[618.0]
492,[239.0],[239.0],[813.0],[820.0],[352.0],[158.0],[685.0],[758.0],[767.0],[64.0],[717.0],[379.0],[820.0],[285.0],[285.0],[508.0],[67.0],[625.0],[115.0],[90.0],[989.0],[989.0],[717.0],[711.0],[851.0],[536.0],[767.0],[75.0],[685.0],[625.0],[516.0],[536.0],[158.0],[989.0],[813.0],[859.0],[668.0],[115.0],[158.0],[767.0],[90.0],[813.0],[90.0],[213.0],[616.0],[516.0],[626.0],[996.0],[989.0],[90.0],[681.0],[709.0],[325.0],[683.0],[39.0],[989.0],[132.0],[601.0],[709.0],[956.0],[90.0],[323.0],[75.0],[525.0],[625.0],[352.0],[683.0],[329.0],[90.0],[2.0],[39.0],[985.0],[625.0],[596.0],[983.0],[758.0],[727.0],[683.0],[285.0],[616.0],[436.0],[668.0],[158.0],[48.0],[761.0],[112.0],[508.0],[536.0],[505.0],[565.0],[24.0],[859.0],[39.0],[505.0],[956.0],[90.0],[683.0],[239.0],[688.0],[78.0]
493,[548.0],[668.0],[394.0],[685.0],[535.0],[717.0],[565.0],[352.0],[709.0],[213.0],[668.0],[396.0],[392.0],[54.0],[54.0],[891.0],[688.0],[48.0],[239.0],[508.0],[616.0],[413.0],[239.0],[641.0],[153.0],[436.0],[549.0],[956.0],[64.0],[115.0],[859.0],[436.0],[851.0],[820.0],[158.0],[596.0],[683.0],[239.0],[717.0],[263.0],[625.0],[158.0],[668.0],[956.0],[153.0],[436.0],[182.0],[67.0],[616.0],[39.0],[474.0],[505.0],[872.0],[48.0],[709.0],[820.0],[505.0],[923.0],[203.0],[983.0],[549.0],[392.0],[239.0],[620.0],[115.0],[508.0],[859.0],[32.0],[239.0],[532.0],[115.0],[352.0],[115.0],[616.0],[325.0],[891.0],[688.0],[48.0],[54.0],[153.0],[535.0],[683.0],[851.0],[625.0],[601.0],[346.0],[767.0],[625.0],[536.0],[103.0],[255.0],[505.0],[625.0],[549.0],[616.0],[549.0],[596.0],[683.0],[413.0],[146.0]
494,[683.0],[683.0],[711.0],[64.0],[763.0],[851.0],[392.0],[508.0],[203.0],[548.0],[683.0],[323.0],[285.0],[323.0],[86.0],[535.0],[2.0],[115.0],[516.0],[891.0],[64.0],[820.0],[668.0],[32.0],[213.0],[203.0],[263.0],[989.0],[392.0],[549.0],[625.0],[625.0],[153.0],[685.0],[711.0],[329.0],[596.0],[489.0],[851.0],[536.0],[549.0],[859.0],[549.0],[989.0],[213.0],[625.0],[892.0],[688.0],[64.0],[505.0],[973.0],[203.0],[584.0],[596.0],[436.0],[872.0],[985.0],[985.0],[436.0],[989.0],[39.0],[2.0],[668.0],[684.0],[39.0],[196.0],[596.0],[813.0],[668.0],[413.0],[239.0],[508.0],[239.0],[329.0],[820.0],[767.0],[996.0],[596.0],[86.0],[64.0],[625.0],[717.0],[153.0],[516.0],[923.0],[231.0],[263.0],[115.0],[436.0],[983.0],[76.0],[536.0],[709.0],[536.0],[64.0],[115.0],[329.0],[596.0],[465.0],[435.0]
495,[394.0],[596.0],[641.0],[392.0],[508.0],[859.0],[285.0],[331.0],[196.0],[394.0],[48.0],[413.0],[103.0],[2.0],[325.0],[763.0],[413.0],[239.0],[668.0],[767.0],[548.0],[40.0],[683.0],[813.0],[872.0],[625.0],[505.0],[820.0],[548.0],[39.0],[115.0],[115.0],[641.0],[616.0],[851.0],[32.0],[859.0],[90.0],[48.0],[436.0],[115.0],[489.0],[39.0],[711.0],[956.0],[115.0],[471.0],[606.0],[685.0],[536.0],[508.0],[196.0],[956.0],[329.0],[625.0],[685.0],[536.0],[352.0],[625.0],[820.0],[709.0],[413.0],[683.0],[255.0],[709.0],[891.0],[489.0],[548.0],[549.0],[525.0],[668.0],[891.0],[668.0],[32.0],[872.0],[263.0],[606.0],[516.0],[67.0],[548.0],[763.0],[48.0],[584.0],[115.0],[132.0],[868.0],[505.0],[239.0],[625.0],[465.0],[727.0],[489.0],[203.0],[39.0],[548.0],[239.0],[641.0],[717.0],[379.0],[681.0]
496,[596.0],[709.0],[158.0],[285.0],[891.0],[153.0],[54.0],[763.0],[758.0],[956.0],[516.0],[40.0],[54.0],[86.0],[67.0],[767.0],[40.0],[668.0],[859.0],[263.0],[820.0],[762.0],[596.0],[717.0],[956.0],[115.0],[536.0],[717.0],[285.0],[709.0],[239.0],[239.0],[75.0],[392.0],[153.0],[489.0],[489.0],[668.0],[153.0],[625.0],[239.0],[851.0],[683.0],[641.0],[64.0],[239.0],[867.0],[465.0],[392.0],[203.0],[891.0],[536.0],[989.0],[516.0],[115.0],[584.0],[436.0],[508.0],[115.0],[685.0],[263.0],[285.0],[596.0],[727.0],[196.0],[767.0],[329.0],[394.0],[683.0],[40.0],[709.0],[767.0],[683.0],[64.0],[685.0],[331.0],[396.0],[329.0],[413.0],[213.0],[115.0],[596.0],[213.0],[859.0],[352.0],[811.0],[536.0],[90.0],[239.0],[325.0],[689.0],[436.0],[196.0],[709.0],[394.0],[668.0],[75.0],[48.0],[172.0],[474.0]
497,[711.0],[203.0],[851.0],[54.0],[767.0],[213.0],[103.0],[891.0],[331.0],[989.0],[859.0],[762.0],[67.0],[67.0],[688.0],[263.0],[762.0],[683.0],[489.0],[549.0],[685.0],[392.0],[329.0],[158.0],[584.0],[239.0],[39.0],[685.0],[394.0],[203.0],[489.0],[48.0],[213.0],[54.0],[213.0],[813.0],[329.0],[683.0],[213.0],[115.0],[668.0],[153.0],[329.0],[820.0],[548.0],[668.0],[514.0],[396.0],[548.0],[625.0],[767.0],[436.0],[820.0],[859.0],[203.0],[616.0],[51.0],[891.0],[239.0],[392.0],[203.0],[40.0],[329.0],[887.0],[758.0],[263.0],[90.0],[711.0],[596.0],[620.0],[683.0],[51.0],[48.0],[548.0],[392.0],[505.0],[323.0],[32.0],[40.0],[956.0],[761.0],[329.0],[956.0],[489.0],[985.0],[601.0],[203.0],[668.0],[668.0],[872.0],[595.0],[625.0],[115.0],[436.0],[989.0],[683.0],[32.0],[329.0],[532.0],[422.0]
498,[641.0],[196.0],[717.0],[86.0],[263.0],[489.0],[86.0],[761.0],[505.0],[820.0],[596.0],[172.0],[983.0],[465.0],[465.0],[761.0],[565.0],[596.0],[683.0],[505.0],[394.0],[285.0],[48.0],[851.0],[989.0],[196.0],[436.0],[48.0],[54.0],[239.0],[668.0],[516.0],[717.0],[86.0],[956.0],[158.0],[32.0],[596.0],[516.0],[239.0],[39.0],[90.0],[32.0],[685.0],[989.0],[596.0],[686.0],[323.0],[394.0],[196.0],[263.0],[758.0],[685.0],[489.0],[668.0],[392.0],[625.0],[767.0],[683.0],[285.0],[196.0],[54.0],[32.0],[996.0],[331.0],[758.0],[32.0],[75.0],[329.0],[762.0],[329.0],[263.0],[516.0],[813.0],[285.0],[536.0],[465.0],[813.0],[688.0],[394.0],[132.0],[32.0],[616.0],[239.0],[51.0],[331.0],[196.0],[683.0],[683.0],[379.0],[92.0],[90.0],[239.0],[625.0],[711.0],[596.0],[813.0],[32.0],[40.0],[112.0]
499,[329.0],[329.0],[48.0],[67.0],[761.0],[956.0],[983.0],[132.0],[536.0],[685.0],[329.0],[532.0],[325.0],[379.0],[379.0],[505.0],[103.0],[329.0],[90.0],[536.0],[392.0],[54.0],[516.0],[153.0],[820.0],[668.0],[709.0],[516.0],[86.0],[668.0],[90.0],[859.0],[48.0],[67.0],[989.0],[851.0],[813.0],[329.0],[859.0],[668.0],[709.0],[213.0],[709.0],[75.0],[394.0],[489.0],[31.0],[2.0],[285.0],[115.0],[505.0],[331.0],[392.0],[32.0],[683.0],[285.0],[78.0],[263.0],[329.0],[86.0],[758.0],[762.0],[48.0],[606.0],[239.0],[505.0],[813.0],[158.0],[709.0],[684.0],[32.0],[505.0],[596.0],[158.0],[584.0],[535.0],[379.0],[158.0],[762.0],[711.0],[985.0],[813.0],[989.0],[668.0],[508.0],[535.0],[436.0],[549.0],[596.0],[172.0],[996.0],[115.0],[758.0],[203.0],[820.0],[39.0],[158.0],[158.0],[525.0],[346.0]
500,[75.0],[32.0],[153.0],[688.0],[505.0],[820.0],[67.0],[767.0],[436.0],[711.0],[32.0],[103.0],[872.0],[413.0],[872.0],[536.0],[465.0],[32.0],[329.0],[436.0],[711.0],[86.0],[32.0],[48.0],[685.0],[758.0],[625.0],[859.0],[67.0],[196.0],[683.0],[668.0],[516.0],[688.0],[641.0],[90.0],[158.0],[32.0],[956.0],[683.0],[683.0],[956.0],[203.0],[717.0],[820.0],[329.0],[670.0],[172.0],[54.0],[239.0],[536.0],[535.0],[616.0],[90.0],[196.0],[54.0],[681.0],[505.0],[196.0],[67.0],[505.0],[86.0],[813.0],[24.0],[535.0],[536.0],[158.0],[717.0],[203.0],[887.0],[813.0],[78.0],[329.0],[394.0],[54.0],[763.0],[2.0],[859.0],[565.0],[641.0],[239.0],[516.0],[820.0],[683.0],[891.0],[891.0],[625.0],[39.0],[329.0],[584.0],[396.0],[549.0],[668.0],[196.0],[641.0],[329.0],[717.0],[516.0],[620.0],[231.0]
501,[717.0],[813.0],[213.0],[548.0],[132.0],[685.0],[325.0],[263.0],[625.0],[641.0],[813.0],[525.0],[688.0],[172.0],[172.0],[436.0],[379.0],[516.0],[549.0],[39.0],[641.0],[67.0],[859.0],[516.0],[392.0],[596.0],[115.0],[392.0],[688.0],[758.0],[549.0],[683.0],[859.0],[64.0],[820.0],[153.0],[90.0],[549.0],[989.0],[596.0],[596.0],[989.0],[813.0],[392.0],[685.0],[32.0],[320.0],[40.0],[86.0],[758.0],[436.0],[625.0],[285.0],[813.0],[596.0],[86.0],[115.0],[536.0],[758.0],[688.0],[536.0],[67.0],[516.0],[76.0],[763.0],[436.0],[549.0],[851.0],[32.0],[565.0],[158.0],[536.0],[32.0],[711.0],[67.0],[625.0],[172.0],[489.0],[103.0],[75.0],[668.0],[158.0],[392.0],[596.0],[78.0],[763.0],[758.0],[596.0],[32.0],[616.0],[145.0],[239.0],[331.0],[115.0],[685.0],[709.0],[851.0],[489.0],[684.0],[973.0]
502,[32.0],[158.0],[516.0],[465.0],[536.0],[392.0],[872.0],[505.0],[535.0],[392.0],[158.0],[983.0],[465.0],[532.0],[532.0],[625.0],[983.0],[813.0],[32.0],[625.0],[285.0],[688.0],[813.0],[213.0],[616.0],[329.0],[239.0],[489.0],[465.0],[683.0],[596.0],[596.0],[956.0],[394.0],[685.0],[213.0],[549.0],[813.0],[820.0],[39.0],[329.0],[549.0],[196.0],[285.0],[711.0],[813.0],[632.0],[532.0],[711.0],[668.0],[625.0],[115.0],[54.0],[549.0],[758.0],[67.0],[239.0],[51.0],[32.0],[325.0],[331.0],[565.0],[158.0],[689.0],[668.0],[331.0],[851.0],[48.0],[813.0],[24.0],[851.0],[436.0],[813.0],[641.0],[688.0],[761.0],[413.0],[851.0],[983.0],[717.0],[683.0],[851.0],[64.0],[329.0],[681.0],[761.0],[115.0],[709.0],[813.0],[532.0],[323.0],[668.0],[535.0],[239.0],[392.0],[203.0],[153.0],[851.0],[887.0],[34.0]
503,[813.0],[758.0],[859.0],[379.0],[436.0],[285.0],[584.0],[536.0],[115.0],[75.0],[489.0],[620.0],[584.0],[762.0],[584.0],[115.0],[172.0],[859.0],[39.0],[115.0],[54.0],[103.0],[489.0],[956.0],[285.0],[32.0],[668.0],[90.0],[379.0],[596.0],[39.0],[489.0],[989.0],[711.0],[75.0],[549.0],[851.0],[39.0],[489.0],[329.0],[203.0],[39.0],[758.0],[48.0],[641.0],[158.0],[816.0],[525.0],[67.0],[683.0],[34.0],[239.0],[64.0],[158.0],[329.0],[688.0],[668.0],[625.0],[813.0],[872.0],[436.0],[688.0],[851.0],[595.0],[683.0],[625.0],[39.0],[153.0],[158.0],[76.0],[153.0],[681.0],[158.0],[851.0],[616.0],[239.0],[532.0],[90.0],[325.0],[989.0],[596.0],[859.0],[548.0],[32.0],[474.0],[767.0],[239.0],[329.0],[158.0],[64.0],[977.0],[39.0],[683.0],[758.0],[75.0],[196.0],[48.0],[90.0],[24.0],[646.0]
504,[48.0],[331.0],[956.0],[172.0],[625.0],[90.0],[616.0],[436.0],[763.0],[717.0],[90.0],[684.0],[379.0],[620.0],[620.0],[132.0],[532.0],[489.0],[813.0],[239.0],[86.0],[983.0],[158.0],[989.0],[64.0],[331.0],[683.0],[549.0],[172.0],[331.0],[709.0],[329.0],[820.0],[465.0],[717.0],[39.0],[153.0],[709.0],[685.0],[32.0],[32.0],[820.0],[331.0],[516.0],[75.0],[549.0],[197.0],[762.0],[688.0],[331.0],[115.0],[668.0],[548.0],[39.0],[331.0],[172.0],[474.0],[115.0],[331.0],[465.0],[535.0],[379.0],[153.0],[396.0],[596.0],[115.0],[709.0],[516.0],[851.0],[689.0],[213.0],[625.0],[851.0],[75.0],[64.0],[668.0],[40.0],[153.0],[465.0],[820.0],[51.0],[153.0],[285.0],[813.0],[973.0],[132.0],[331.0],[32.0],[859.0],[548.0],[2.0],[683.0],[763.0],[535.0],[717.0],[758.0],[516.0],[549.0],[762.0],[339.0]
505,[516.0],[535.0],[989.0],[394.0],[985.0],[54.0],[688.0],[625.0],[761.0],[285.0],[851.0],[887.0],[172.0],[565.0],[684.0],[239.0],[525.0],[158.0],[158.0],[709.0],[75.0],[465.0],[851.0],[859.0],[548.0],[535.0],[596.0],[285.0],[711.0],[535.0],[203.0],[32.0],[685.0],[641.0],[48.0],[709.0],[213.0],[158.0],[90.0],[813.0],[813.0],[685.0],[158.0],[54.0],[717.0],[851.0],[403.0],[620.0],[641.0],[535.0],[239.0],[683.0],[394.0],[851.0],[32.0],[532.0],[973.0],[239.0],[158.0],[584.0],[763.0],[172.0],[213.0],[92.0],[761.0],[239.0],[203.0],[213.0],[153.0],[595.0],[956.0],[115.0],[859.0],[153.0],[465.0],[683.0],[762.0],[213.0],[872.0],[392.0],[78.0],[489.0],[54.0],[158.0],[767.0],[985.0],[668.0],[203.0],[153.0],[394.0],[413.0],[709.0],[596.0],[763.0],[285.0],[331.0],[213.0],[39.0],[76.0],[868.0]
506,[859.0],[851.0],[820.0],[711.0],[51.0],[549.0],[465.0],[115.0],[239.0],[48.0],[153.0],[76.0],[616.0],[684.0],[616.0],[668.0],[620.0],[90.0],[851.0],[668.0],[67.0],[172.0],[153.0],[820.0],[711.0],[763.0],[329.0],[54.0],[532.0],[329.0],[329.0],[813.0],[392.0],[75.0],[392.0],[203.0],[39.0],[851.0],[392.0],[158.0],[196.0],[392.0],[851.0],[67.0],[392.0],[153.0],[11.0],[565.0],[465.0],[596.0],[668.0],[763.0],[86.0],[213.0],[535.0],[525.0],[683.0],[668.0],[535.0],[379.0],[625.0],[103.0],[989.0],[145.0],[329.0],[668.0],[153.0],[956.0],[213.0],[103.0],[989.0],[239.0],[489.0],[717.0],[548.0],[596.0],[565.0],[549.0],[172.0],[285.0],[681.0],[213.0],[86.0],[851.0],[34.0],[263.0],[683.0],[813.0],[213.0],[711.0],[40.0],[596.0],[329.0],[668.0],[48.0],[32.0],[859.0],[153.0],[565.0],[347.0]
507,[158.0],[153.0],[489.0],[532.0],[115.0],[39.0],[379.0],[239.0],[668.0],[516.0],[213.0],[595.0],[532.0],[24.0],[64.0],[683.0],[684.0],[549.0],[709.0],[683.0],[688.0],[325.0],[90.0],[685.0],[54.0],[813.0],[203.0],[67.0],[525.0],[32.0],[196.0],[158.0],[489.0],[48.0],[285.0],[956.0],[709.0],[153.0],[285.0],[851.0],[153.0],[285.0],[153.0],[859.0],[285.0],[39.0],[736.0],[684.0],[379.0],[329.0],[683.0],[761.0],[711.0],[709.0],[813.0],[620.0],[596.0],[78.0],[763.0],[616.0],[761.0],[532.0],[820.0],[977.0],[132.0],[683.0],[758.0],[989.0],[956.0],[983.0],[203.0],[668.0],[153.0],[48.0],[379.0],[329.0],[983.0],[956.0],[532.0],[54.0],[474.0],[956.0],[394.0],[90.0],[263.0],[51.0],[596.0],[158.0],[489.0],[525.0],[626.0],[329.0],[761.0],[683.0],[86.0],[535.0],[956.0],[213.0],[689.0],[811.0]
508,[489.0],[213.0],[90.0],[525.0],[239.0],[709.0],[172.0],[668.0],[683.0],[54.0],[956.0],[92.0],[525.0],[103.0],[887.0],[596.0],[325.0],[851.0],[203.0],[596.0],[465.0],[532.0],[213.0],[489.0],[86.0],[158.0],[32.0],[39.0],[620.0],[813.0],[32.0],[851.0],[285.0],[859.0],[516.0],[989.0],[956.0],[203.0],[549.0],[153.0],[758.0],[54.0],[535.0],[489.0],[54.0],[709.0],[649.0],[887.0],[172.0],[763.0],[596.0],[596.0],[67.0],[956.0],[158.0],[64.0],[34.0],[683.0],[851.0],[172.0],[985.0],[983.0],[685.0],[323.0],[32.0],[596.0],[331.0],[820.0],[989.0],[92.0],[196.0],[474.0],[956.0],[213.0],[394.0],[132.0],[525.0],[989.0],[525.0],[86.0],[973.0],[989.0],[67.0],[153.0],[505.0],[505.0],[32.0],[196.0],[90.0],[620.0],[182.0],[32.0],[32.0],[596.0],[516.0],[813.0],[989.0],[709.0],[595.0],[935.0]
509,[90.0],[763.0],[549.0],[641.0],[78.0],[86.0],[532.0],[985.0],[596.0],[859.0],[549.0],[325.0],[620.0],[76.0],[548.0],[329.0],[887.0],[39.0],[153.0],[203.0],[379.0],[525.0],[549.0],[90.0],[641.0],[761.0],[196.0],[709.0],[641.0],[763.0],[813.0],[90.0],[54.0],[379.0],[54.0],[820.0],[203.0],[758.0],[67.0],[709.0],[213.0],[86.0],[213.0],[90.0],[86.0],[213.0],[130.0],[24.0],[532.0],[32.0],[646.0],[329.0],[688.0],[203.0],[851.0],[684.0],[329.0],[681.0],[761.0],[532.0],[115.0],[584.0],[859.0],[2.0],[813.0],[329.0],[213.0],[859.0],[820.0],[325.0],[758.0],[973.0],[989.0],[956.0],[172.0],[51.0],[325.0],[820.0],[620.0],[67.0],[34.0],[90.0],[688.0],[549.0],[536.0],[536.0],[813.0],[758.0],[956.0],[641.0],[762.0],[813.0],[985.0],[761.0],[859.0],[763.0],[489.0],[956.0],[92.0],[601.0]
510,[549.0],[956.0],[685.0],[620.0],[668.0],[203.0],[64.0],[683.0],[132.0],[86.0],[989.0],[872.0],[887.0],[689.0],[394.0],[32.0],[872.0],[709.0],[213.0],[329.0],[172.0],[872.0],[956.0],[392.0],[67.0],[851.0],[813.0],[203.0],[684.0],[761.0],[758.0],[153.0],[86.0],[172.0],[86.0],[685.0],[989.0],[331.0],[688.0],[203.0],[989.0],[709.0],[763.0],[688.0],[67.0],[956.0],[255.0],[76.0],[717.0],[813.0],[329.0],[32.0],[641.0],[989.0],[153.0],[887.0],[32.0],[596.0],[153.0],[64.0],[239.0],[525.0],[392.0],[626.0],[985.0],[32.0],[956.0],[489.0],[196.0],[145.0],[331.0],[683.0],[90.0],[516.0],[711.0],[32.0],[620.0],[685.0],[584.0],[48.0],[646.0],[820.0],[711.0],[213.0],[625.0],[436.0],[158.0],[851.0],[989.0],[75.0],[565.0],[203.0],[158.0],[132.0],[489.0],[761.0],[820.0],[203.0],[103.0],[923.0]
511,[851.0],[989.0],[39.0],[887.0],[681.0],[67.0],[525.0],[596.0],[985.0],[489.0],[820.0],[145.0],[24.0],[595.0],[24.0],[813.0],[24.0],[153.0],[956.0],[196.0],[532.0],[616.0],[989.0],[549.0],[688.0],[153.0],[158.0],[688.0],[75.0],[158.0],[158.0],[549.0],[549.0],[532.0],[859.0],[196.0],[196.0],[535.0],[709.0],[213.0],[820.0],[67.0],[956.0],[465.0],[48.0],[989.0],[727.0],[103.0],[525.0],[761.0],[32.0],[813.0],[465.0],[820.0],[213.0],[548.0],[646.0],[474.0],[956.0],[394.0],[668.0],[616.0],[489.0],[182.0],[51.0],[535.0],[820.0],[90.0],[758.0],[872.0],[820.0],[34.0],[820.0],[989.0],[532.0],[813.0],[872.0],[392.0],[684.0],[516.0],[347.0],[685.0],[465.0],[956.0],[646.0],[625.0],[851.0],[331.0],[820.0],[684.0],[892.0],[851.0],[51.0],[985.0],[90.0],[158.0],[90.0],[989.0],[145.0],[352.0]
512,[39.0],[761.0],[392.0],[24.0],[474.0],[196.0],[684.0],[51.0],[329.0],[67.0],[39.0],[977.0],[64.0],[92.0],[711.0],[158.0],[584.0],[213.0],[989.0],[758.0],[525.0],[64.0],[820.0],[285.0],[465.0],[213.0],[851.0],[465.0],[887.0],[851.0],[153.0],[39.0],[39.0],[525.0],[489.0],[758.0],[820.0],[763.0],[465.0],[196.0],[685.0],[465.0],[761.0],[379.0],[688.0],[196.0],[996.0],[983.0],[620.0],[158.0],[813.0],[158.0],[172.0],[685.0],[763.0],[24.0],[813.0],[973.0],[132.0],[711.0],[51.0],[64.0],[285.0],[892.0],[158.0],[813.0],[685.0],[549.0],[685.0],[584.0],[535.0],[596.0],[549.0],[489.0],[641.0],[158.0],[684.0],[39.0],[887.0],[688.0],[329.0],[549.0],[379.0],[989.0],[115.0],[115.0],[535.0],[153.0],[685.0],[887.0],[471.0],[153.0],[851.0],[329.0],[67.0],[851.0],[685.0],[820.0],[983.0],[654.0]
513,[153.0],[820.0],[285.0],[76.0],[683.0],[758.0],[887.0],[78.0],[32.0],[90.0],[709.0],[584.0],[76.0],[145.0],[76.0],[851.0],[76.0],[956.0],[820.0],[32.0],[717.0],[620.0],[709.0],[54.0],[75.0],[132.0],[758.0],[196.0],[24.0],[132.0],[331.0],[213.0],[709.0],[620.0],[67.0],[392.0],[758.0],[213.0],[379.0],[956.0],[392.0],[379.0],[989.0],[549.0],[516.0],[758.0],[606.0],[689.0],[684.0],[132.0],[339.0],[851.0],[532.0],[392.0],[956.0],[76.0],[339.0],[34.0],[985.0],[641.0],[683.0],[620.0],[54.0],[40.0],[78.0],[158.0],[285.0],[39.0],[392.0],[977.0],[685.0],[329.0],[685.0],[820.0],[75.0],[78.0],[584.0],[285.0],[616.0],[465.0],[32.0],[392.0],[172.0],[39.0],[339.0],[239.0],[763.0],[535.0],[392.0],[24.0],[867.0],[758.0],[153.0],[51.0],[549.0],[132.0],[392.0],[196.0],[325.0],[508.0]
514,[213.0],[685.0],[54.0],[75.0],[596.0],[331.0],[548.0],[681.0],[813.0],[688.0],[685.0],[616.0],[548.0],[983.0],[641.0],[985.0],[616.0],[203.0],[685.0],[331.0],[48.0],[548.0],[685.0],[86.0],[379.0],[956.0],[331.0],[758.0],[717.0],[153.0],[213.0],[709.0],[203.0],[684.0],[90.0],[331.0],[685.0],[989.0],[172.0],[989.0],[285.0],[172.0],[820.0],[39.0],[859.0],[820.0],[396.0],[325.0],[48.0],[851.0],[158.0],[132.0],[75.0],[196.0],[989.0],[689.0],[347.0],[32.0],[51.0],[75.0],[78.0],[548.0],[86.0],[762.0],[851.0],[153.0],[535.0],[685.0],[285.0],[626.0],[763.0],[646.0],[39.0],[90.0],[525.0],[851.0],[616.0],[709.0],[24.0],[859.0],[935.0],[285.0],[641.0],[820.0],[935.0],[668.0],[761.0],[213.0],[285.0],[76.0],[103.0],[213.0],[78.0],[32.0],[688.0],[153.0],[549.0],[685.0],[977.0],[891.0]
515,[709.0],[392.0],[86.0],[717.0],[34.0],[535.0],[394.0],[329.0],[78.0],[549.0],[203.0],[64.0],[689.0],[977.0],[75.0],[51.0],[64.0],[989.0],[196.0],[535.0],[620.0],[684.0],[196.0],[67.0],[717.0],[985.0],[153.0],[379.0],[48.0],[51.0],[535.0],[203.0],[67.0],[887.0],[465.0],[535.0],[331.0],[761.0],[532.0],[758.0],[331.0],[532.0],[132.0],[203.0],[489.0],[685.0],[192.0],[584.0],[887.0],[985.0],[851.0],[153.0],[620.0],[285.0],[132.0],[394.0],[935.0],[813.0],[78.0],[717.0],[681.0],[684.0],[67.0],[471.0],[153.0],[761.0],[54.0],[392.0],[54.0],[182.0],[761.0],[32.0],[709.0],[685.0],[620.0],[681.0],[887.0],[203.0],[76.0],[489.0],[654.0],[39.0],[75.0],[709.0],[654.0],[683.0],[153.0],[956.0],[54.0],[717.0],[983.0],[956.0],[213.0],[813.0],[39.0],[213.0],[285.0],[392.0],[872.0],[767.0]
516,[203.0],[285.0],[67.0],[689.0],[329.0],[763.0],[711.0],[474.0],[158.0],[465.0],[392.0],[548.0],[92.0],[626.0],[689.0],[153.0],[548.0],[685.0],[392.0],[158.0],[516.0],[887.0],[758.0],[688.0],[172.0],[989.0],[213.0],[172.0],[516.0],[213.0],[763.0],[956.0],[688.0],[489.0],[379.0],[285.0],[535.0],[820.0],[620.0],[820.0],[54.0],[203.0],[685.0],[172.0],[465.0],[392.0],[323.0],[595.0],[24.0],[153.0],[347.0],[213.0],[717.0],[758.0],[820.0],[711.0],[158.0],[646.0],[989.0],[525.0],[329.0],[887.0],[688.0],[867.0],[213.0],[213.0],[86.0],[709.0],[86.0],[616.0],[392.0],[813.0],[203.0],[392.0],[717.0],[153.0],[76.0],[196.0],[64.0],[379.0],[813.0],[709.0],[717.0],[203.0],[239.0],[78.0],[213.0],[989.0],[86.0],[689.0],[31.0],[989.0],[681.0],[158.0],[465.0],[956.0],[54.0],[285.0],[626.0],[263.0]
517,[196.0],[132.0],[709.0],[595.0],[32.0],[688.0],[24.0],[973.0],[851.0],[379.0],[285.0],[394.0],[394.0],[182.0],[717.0],[213.0],[394.0],[392.0],[285.0],[851.0],[684.0],[24.0],[285.0],[465.0],[532.0],[820.0],[535.0],[532.0],[859.0],[78.0],[956.0],[989.0],[379.0],[24.0],[549.0],[54.0],[392.0],[132.0],[203.0],[685.0],[86.0],[196.0],[392.0],[196.0],[379.0],[285.0],[2.0],[92.0],[516.0],[51.0],[153.0],[956.0],[48.0],[54.0],[985.0],[595.0],[654.0],[158.0],[820.0],[516.0],[32.0],[24.0],[465.0],[565.0],[681.0],[956.0],[67.0],[285.0],[67.0],[892.0],[132.0],[158.0],[392.0],[285.0],[684.0],[474.0],[689.0],[54.0],[689.0],[172.0],[158.0],[54.0],[48.0],[685.0],[668.0],[681.0],[956.0],[763.0],[67.0],[595.0],[325.0],[331.0],[956.0],[851.0],[709.0],[989.0],[86.0],[54.0],[584.0],[505.0]
518,[956.0],[985.0],[203.0],[92.0],[646.0],[465.0],[76.0],[34.0],[153.0],[172.0],[196.0],[626.0],[145.0],[325.0],[48.0],[956.0],[689.0],[285.0],[54.0],[763.0],[887.0],[76.0],[54.0],[379.0],[525.0],[685.0],[956.0],[525.0],[489.0],[681.0],[761.0],[196.0],[172.0],[549.0],[172.0],[763.0],[763.0],[392.0],[684.0],[392.0],[67.0],[758.0],[985.0],[758.0],[90.0],[86.0],[413.0],[145.0],[859.0],[78.0],[935.0],[989.0],[516.0],[86.0],[51.0],[641.0],[851.0],[851.0],[681.0],[620.0],[813.0],[394.0],[379.0],[103.0],[474.0],[132.0],[688.0],[203.0],[331.0],[64.0],[985.0],[851.0],[285.0],[54.0],[48.0],[973.0],[64.0],[758.0],[595.0],[90.0],[63.0],[86.0],[516.0],[392.0],[683.0],[596.0],[989.0],[820.0],[688.0],[92.0],[872.0],[820.0],[989.0],[153.0],[203.0],[685.0],[39.0],[86.0],[616.0],[536.0]
519,[758.0],[54.0],[688.0],[48.0],[813.0],[172.0],[689.0],[32.0],[681.0],[532.0],[54.0],[711.0],[977.0],[872.0],[516.0],[989.0],[595.0],[54.0],[331.0],[761.0],[24.0],[394.0],[86.0],[39.0],[620.0],[51.0],[763.0],[331.0],[90.0],[956.0],[989.0],[758.0],[532.0],[39.0],[532.0],[761.0],[285.0],[285.0],[887.0],[331.0],[688.0],[525.0],[51.0],[331.0],[39.0],[331.0],[833.0],[616.0],[489.0],[681.0],[213.0],[820.0],[859.0],[67.0],[685.0],[75.0],[63.0],[339.0],[685.0],[887.0],[158.0],[76.0],[172.0],[983.0],[973.0],[985.0],[465.0],[54.0],[688.0],[471.0],[51.0],[339.0],[196.0],[39.0],[887.0],[646.0],[548.0],[331.0],[92.0],[532.0],[851.0],[67.0],[532.0],[285.0],[596.0],[474.0],[132.0],[392.0],[549.0],[145.0],[632.0],[535.0],[820.0],[213.0],[196.0],[392.0],[67.0],[758.0],[64.0],[63.0]
520,[989.0],[86.0],[465.0],[516.0],[851.0],[532.0],[595.0],[158.0],[213.0],[525.0],[758.0],[182.0],[626.0],[584.0],[595.0],[820.0],[92.0],[196.0],[86.0],[132.0],[76.0],[711.0],[67.0],[172.0],[48.0],[392.0],[989.0],[620.0],[549.0],[989.0],[820.0],[820.0],[525.0],[709.0],[525.0],[132.0],[761.0],[54.0],[196.0],[285.0],[535.0],[620.0],[78.0],[535.0],[172.0],[535.0],[100.0],[64.0],[76.0],[213.0],[956.0],[985.0],[684.0],[331.0],[78.0],[717.0],[153.0],[153.0],[474.0],[24.0],[851.0],[689.0],[90.0],[325.0],[956.0],[989.0],[763.0],[86.0],[535.0],[548.0],[54.0],[153.0],[758.0],[709.0],[516.0],[213.0],[595.0],[535.0],[548.0],[525.0],[308.0],[688.0],[859.0],[54.0],[63.0],[973.0],[820.0],[54.0],[465.0],[48.0],[816.0],[685.0],[685.0],[78.0],[758.0],[985.0],[688.0],[67.0],[182.0],[436.0]
521,[820.0],[67.0],[379.0],[145.0],[153.0],[525.0],[92.0],[851.0],[956.0],[620.0],[86.0],[641.0],[182.0],[616.0],[92.0],[78.0],[145.0],[86.0],[67.0],[51.0],[689.0],[689.0],[331.0],[532.0],[684.0],[78.0],[761.0],[684.0],[76.0],[474.0],[685.0],[331.0],[196.0],[203.0],[620.0],[985.0],[132.0],[985.0],[24.0],[535.0],[763.0],[331.0],[285.0],[763.0],[709.0],[67.0],[40.0],[977.0],[689.0],[474.0],[654.0],[78.0],[887.0],[379.0],[392.0],[92.0],[213.0],[213.0],[392.0],[489.0],[474.0],[711.0],[532.0],[31.0],[989.0],[51.0],[379.0],[196.0],[763.0],[867.0],[86.0],[213.0],[54.0],[86.0],[24.0],[347.0],[92.0],[86.0],[394.0],[620.0],[483.0],[196.0],[525.0],[196.0],[308.0],[329.0],[985.0],[86.0],[379.0],[977.0],[197.0],[763.0],[973.0],[681.0],[379.0],[54.0],[465.0],[331.0],[892.0],[625.0]
522,[331.0],[688.0],[172.0],[977.0],[339.0],[620.0],[145.0],[153.0],[989.0],[39.0],[331.0],[75.0],[892.0],[892.0],[145.0],[685.0],[711.0],[67.0],[688.0],[153.0],[595.0],[595.0],[535.0],[525.0],[516.0],[285.0],[820.0],[535.0],[689.0],[973.0],[392.0],[535.0],[620.0],[76.0],[684.0],[86.0],[54.0],[86.0],[76.0],[54.0],[761.0],[684.0],[681.0],[532.0],[532.0],[688.0],[762.0],[626.0],[90.0],[973.0],[63.0],[681.0],[24.0],[535.0],[681.0],[48.0],[308.0],[956.0],[973.0],[76.0],[153.0],[641.0],[549.0],[872.0],[34.0],[78.0],[172.0],[758.0],[761.0],[394.0],[67.0],[347.0],[331.0],[67.0],[76.0],[956.0],[145.0],[763.0],[145.0],[684.0],[638.0],[758.0],[489.0],[758.0],[483.0],[32.0],[685.0],[761.0],[39.0],[516.0],[403.0],[392.0],[392.0],[474.0],[331.0],[51.0],[709.0],[688.0],[471.0],[115.0]
523,[535.0],[465.0],[532.0],[626.0],[347.0],[887.0],[641.0],[213.0],[474.0],[684.0],[535.0],[717.0],[471.0],[64.0],[859.0],[681.0],[977.0],[688.0],[465.0],[78.0],[859.0],[641.0],[688.0],[709.0],[887.0],[681.0],[392.0],[887.0],[595.0],[820.0],[132.0],[763.0],[758.0],[689.0],[887.0],[67.0],[985.0],[51.0],[758.0],[763.0],[132.0],[763.0],[474.0],[525.0],[203.0],[465.0],[257.0],[548.0],[595.0],[34.0],[483.0],[685.0],[76.0],[763.0],[474.0],[145.0],[483.0],[989.0],[285.0],[689.0],[213.0],[595.0],[525.0],[632.0],[820.0],[681.0],[761.0],[67.0],[465.0],[711.0],[78.0],[935.0],[86.0],[203.0],[689.0],[935.0],[394.0],[67.0],[977.0],[549.0],[153.0],[465.0],[620.0],[86.0],[329.0],[813.0],[392.0],[132.0],[172.0],[626.0],[584.0],[285.0],[285.0],[973.0],[535.0],[86.0],[379.0],[465.0],[867.0],[308.0]
524,[685.0],[51.0],[525.0],[182.0],[935.0],[761.0],[977.0],[956.0],[973.0],[887.0],[763.0],[892.0],[711.0],[548.0],[489.0],[392.0],[626.0],[465.0],[535.0],[213.0],[489.0],[75.0],[465.0],[620.0],[24.0],[474.0],[985.0],[763.0],[92.0],[685.0],[285.0],[392.0],[684.0],[196.0],[39.0],[688.0],[51.0],[78.0],[689.0],[761.0],[985.0],[761.0],[973.0],[620.0],[196.0],[763.0],[297.0],[182.0],[92.0],[956.0],[989.0],[474.0],[689.0],[172.0],[285.0],[859.0],[638.0],[347.0],[34.0],[595.0],[956.0],[92.0],[620.0],[584.0],[646.0],[820.0],[532.0],[331.0],[132.0],[31.0],[688.0],[956.0],[535.0],[196.0],[595.0],[989.0],[711.0],[761.0],[626.0],[887.0],[213.0],[379.0],[90.0],[331.0],[32.0],[158.0],[285.0],[985.0],[709.0],[182.0],[649.0],[54.0],[34.0],[34.0],[763.0],[78.0],[172.0],[379.0],[632.0],[239.0]
525,[763.0],[379.0],[620.0],[859.0],[654.0],[132.0],[626.0],[989.0],[34.0],[203.0],[761.0],[471.0],[641.0],[471.0],[90.0],[285.0],[641.0],[379.0],[763.0],[681.0],[90.0],[717.0],[379.0],[684.0],[859.0],[54.0],[285.0],[761.0],[39.0],[392.0],[985.0],[285.0],[331.0],[595.0],[709.0],[465.0],[86.0],[67.0],[331.0],[86.0],[51.0],[887.0],[54.0],[761.0],[525.0],[379.0],[565.0],[394.0],[549.0],[989.0],[820.0],[392.0],[595.0],[761.0],[54.0],[977.0],[956.0],[820.0],[54.0],[92.0],[973.0],[75.0],[684.0],[816.0],[685.0],[973.0],[525.0],[688.0],[379.0],[641.0],[681.0],[989.0],[761.0],[688.0],[859.0],[820.0],[641.0],[132.0],[182.0],[76.0],[956.0],[172.0],[549.0],[67.0],[707.0],[851.0],[54.0],[67.0],[532.0],[859.0],[64.0],[86.0],[54.0],[646.0],[172.0],[681.0],[532.0],[535.0],[548.0],[668.0]
526,[392.0],[172.0],[758.0],[489.0],[213.0],[985.0],[75.0],[646.0],[820.0],[24.0],[67.0],[48.0],[867.0],[867.0],[549.0],[474.0],[182.0],[172.0],[761.0],[956.0],[549.0],[92.0],[763.0],[203.0],[489.0],[86.0],[51.0],[132.0],[145.0],[34.0],[54.0],[761.0],[887.0],[758.0],[24.0],[379.0],[67.0],[688.0],[535.0],[132.0],[78.0],[24.0],[34.0],[684.0],[758.0],[761.0],[103.0],[711.0],[145.0],[820.0],[685.0],[34.0],[489.0],[532.0],[973.0],[626.0],[989.0],[685.0],[86.0],[145.0],[989.0],[145.0],[24.0],[616.0],[392.0],[34.0],[132.0],[379.0],[985.0],[632.0],[474.0],[820.0],[67.0],[465.0],[489.0],[685.0],[75.0],[688.0],[892.0],[595.0],[820.0],[532.0],[39.0],[535.0],[813.0],[153.0],[86.0],[51.0],[525.0],[489.0],[130.0],[761.0],[86.0],[956.0],[532.0],[474.0],[525.0],[172.0],[816.0],[683.0]
527,[285.0],[78.0],[331.0],[90.0],[956.0],[51.0],[717.0],[339.0],[685.0],[196.0],[688.0],[867.0],[75.0],[31.0],[39.0],[54.0],[892.0],[532.0],[379.0],[989.0],[39.0],[48.0],[761.0],[196.0],[76.0],[973.0],[78.0],[24.0],[709.0],[285.0],[51.0],[132.0],[535.0],[331.0],[203.0],[51.0],[688.0],[681.0],[763.0],[67.0],[465.0],[76.0],[339.0],[887.0],[620.0],[172.0],[983.0],[892.0],[977.0],[646.0],[392.0],[646.0],[90.0],[525.0],[86.0],[182.0],[820.0],[392.0],[67.0],[90.0],[820.0],[977.0],[709.0],[197.0],[285.0],[685.0],[620.0],[535.0],[172.0],[816.0],[465.0],[685.0],[688.0],[379.0],[92.0],[654.0],[977.0],[985.0],[867.0],[92.0],[685.0],[525.0],[684.0],[763.0],[158.0],[34.0],[67.0],[688.0],[203.0],[892.0],[548.0],[67.0],[67.0],[989.0],[525.0],[67.0],[620.0],[532.0],[394.0],[596.0]
528,[54.0],[532.0],[761.0],[549.0],[989.0],[24.0],[48.0],[347.0],[392.0],[76.0],[465.0],[31.0],[31.0],[394.0],[977.0],[86.0],[471.0],[758.0],[172.0],[474.0],[92.0],[516.0],[132.0],[887.0],[90.0],[34.0],[54.0],[985.0],[203.0],[54.0],[78.0],[985.0],[24.0],[535.0],[76.0],[172.0],[465.0],[465.0],[595.0],[985.0],[681.0],[132.0],[86.0],[24.0],[331.0],[532.0],[325.0],[75.0],[39.0],[339.0],[285.0],[285.0],[549.0],[132.0],[67.0],[892.0],[707.0],[935.0],[688.0],[977.0],[34.0],[717.0],[76.0],[64.0],[54.0],[392.0],[684.0],[763.0],[532.0],[75.0],[973.0],[392.0],[465.0],[758.0],[145.0],[285.0],[717.0],[465.0],[711.0],[39.0],[392.0],[620.0],[709.0],[688.0],[851.0],[213.0],[51.0],[78.0],[684.0],[90.0],[394.0],[688.0],[646.0],[820.0],[761.0],[973.0],[203.0],[525.0],[711.0],[329.0]
529,[761.0],[681.0],[684.0],[892.0],[63.0],[76.0],[516.0],[820.0],[646.0],[758.0],[132.0],[516.0],[632.0],[816.0],[626.0],[973.0],[867.0],[525.0],[532.0],[820.0],[145.0],[145.0],[985.0],[24.0],[549.0],[646.0],[681.0],[51.0],[977.0],[646.0],[86.0],[54.0],[76.0],[763.0],[689.0],[532.0],[379.0],[474.0],[761.0],[688.0],[474.0],[689.0],[67.0],[132.0],[684.0],[132.0],[748.0],[471.0],[709.0],[685.0],[54.0],[54.0],[92.0],[985.0],[34.0],[471.0],[685.0],[285.0],[646.0],[39.0],[685.0],[626.0],[203.0],[403.0],[86.0],[646.0],[887.0],[761.0],[51.0],[717.0],[379.0],[654.0],[379.0],[172.0],[977.0],[63.0],[626.0],[379.0],[641.0],[145.0],[285.0],[684.0],[887.0],[761.0],[153.0],[956.0],[688.0],[465.0],[887.0],[471.0],[711.0],[132.0],[339.0],[685.0],[132.0],[688.0],[196.0],[620.0],[197.0],[813.0]
530,[86.0],[474.0],[887.0],[39.0],[820.0],[595.0],[182.0],[935.0],[285.0],[331.0],[985.0],[632.0],[816.0],[711.0],[709.0],[34.0],[75.0],[620.0],[132.0],[973.0],[709.0],[626.0],[51.0],[758.0],[689.0],[339.0],[86.0],[76.0],[758.0],[339.0],[681.0],[86.0],[689.0],[761.0],[595.0],[525.0],[78.0],[379.0],[132.0],[51.0],[379.0],[595.0],[688.0],[985.0],[535.0],[525.0],[250.0],[717.0],[203.0],[392.0],[86.0],[339.0],[145.0],[620.0],[646.0],[489.0],[551.0],[654.0],[339.0],[626.0],[646.0],[48.0],[689.0],[548.0],[688.0],[285.0],[985.0],[172.0],[525.0],[48.0],[172.0],[285.0],[132.0],[532.0],[90.0],[54.0],[182.0],[51.0],[75.0],[709.0],[551.0],[887.0],[24.0],[132.0],[551.0],[989.0],[465.0],[379.0],[24.0],[549.0],[83.0],[465.0],[688.0],[392.0],[620.0],[465.0],[684.0],[684.0],[403.0],[158.0]
531,[67.0],[525.0],[24.0],[203.0],[308.0],[92.0],[892.0],[685.0],[339.0],[689.0],[379.0],[816.0],[717.0],[75.0],[182.0],[67.0],[717.0],[331.0],[525.0],[685.0],[977.0],[182.0],[172.0],[76.0],[39.0],[67.0],[474.0],[689.0],[331.0],[347.0],[67.0],[67.0],[763.0],[132.0],[196.0],[620.0],[172.0],[973.0],[92.0],[465.0],[172.0],[145.0],[935.0],[51.0],[887.0],[620.0],[872.0],[867.0],[626.0],[347.0],[67.0],[86.0],[977.0],[684.0],[688.0],[867.0],[912.0],[54.0],[465.0],[182.0],[392.0],[182.0],[758.0],[649.0],[465.0],[54.0],[51.0],[985.0],[78.0],[516.0],[34.0],[63.0],[985.0],[525.0],[549.0],[86.0],[48.0],[78.0],[717.0],[203.0],[54.0],[331.0],[76.0],[465.0],[213.0],[820.0],[379.0],[681.0],[196.0],[867.0],[75.0],[379.0],[347.0],[285.0],[51.0],[34.0],[758.0],[24.0],[641.0],[483.0]
532,[132.0],[34.0],[76.0],[471.0],[483.0],[78.0],[471.0],[654.0],[347.0],[595.0],[51.0],[859.0],[197.0],[717.0],[203.0],[688.0],[31.0],[535.0],[620.0],[34.0],[203.0],[892.0],[78.0],[331.0],[595.0],[688.0],[67.0],[78.0],[535.0],[935.0],[688.0],[78.0],[761.0],[92.0],[92.0],[887.0],[532.0],[34.0],[145.0],[78.0],[532.0],[977.0],[654.0],[689.0],[24.0],[684.0],[584.0],[31.0],[182.0],[654.0],[688.0],[67.0],[39.0],[887.0],[465.0],[90.0],[392.0],[63.0],[379.0],[709.0],[285.0],[892.0],[595.0],[192.0],[379.0],[86.0],[24.0],[532.0],[620.0],[859.0],[532.0],[308.0],[51.0],[620.0],[626.0],[67.0],[516.0],[681.0],[31.0],[977.0],[912.0],[535.0],[203.0],[985.0],[989.0],[685.0],[172.0],[532.0],[76.0],[39.0],[833.0],[172.0],[465.0],[86.0],[684.0],[172.0],[331.0],[76.0],[75.0],[851.0]
533,[688.0],[646.0],[689.0],[196.0],[685.0],[145.0],[867.0],[392.0],[54.0],[92.0],[681.0],[197.0],[403.0],[48.0],[892.0],[465.0],[632.0],[684.0],[684.0],[392.0],[196.0],[471.0],[532.0],[689.0],[92.0],[465.0],[973.0],[595.0],[182.0],[86.0],[474.0],[681.0],[132.0],[145.0],[145.0],[78.0],[525.0],[646.0],[985.0],[379.0],[973.0],[182.0],[63.0],[681.0],[763.0],[985.0],[616.0],[632.0],[892.0],[63.0],[638.0],[688.0],[709.0],[51.0],[379.0],[549.0],[374.0],[308.0],[172.0],[892.0],[339.0],[516.0],[535.0],[394.0],[172.0],[67.0],[78.0],[525.0],[684.0],[489.0],[525.0],[483.0],[78.0],[331.0],[39.0],[688.0],[892.0],[172.0],[816.0],[626.0],[67.0],[24.0],[689.0],[379.0],[820.0],[392.0],[78.0],[474.0],[758.0],[31.0],[717.0],[532.0],[935.0],[347.0],[78.0],[646.0],[887.0],[595.0],[649.0],[153.0]
534,[985.0],[620.0],[595.0],[758.0],[392.0],[977.0],[31.0],[63.0],[86.0],[145.0],[172.0],[489.0],[649.0],[516.0],[196.0],[379.0],[816.0],[763.0],[24.0],[285.0],[758.0],[867.0],[525.0],[535.0],[145.0],[379.0],[34.0],[92.0],[763.0],[67.0],[379.0],[688.0],[595.0],[977.0],[758.0],[681.0],[620.0],[172.0],[51.0],[532.0],[525.0],[892.0],[308.0],[474.0],[76.0],[887.0],[82.0],[816.0],[471.0],[285.0],[465.0],[465.0],[203.0],[24.0],[339.0],[31.0],[285.0],[483.0],[532.0],[203.0],[347.0],[859.0],[763.0],[83.0],[339.0],[688.0],[681.0],[620.0],[681.0],[90.0],[684.0],[54.0],[172.0],[535.0],[709.0],[465.0],[471.0],[474.0],[197.0],[196.0],[374.0],[76.0],[196.0],[51.0],[685.0],[285.0],[532.0],[525.0],[331.0],[632.0],[100.0],[985.0],[379.0],[67.0],[887.0],[339.0],[535.0],[761.0],[717.0],[638.0]
535,[465.0],[684.0],[92.0],[331.0],[285.0],[626.0],[90.0],[285.0],[935.0],[977.0],[474.0],[403.0],[48.0],[197.0],[758.0],[172.0],[197.0],[761.0],[76.0],[54.0],[626.0],[31.0],[620.0],[595.0],[709.0],[172.0],[688.0],[145.0],[892.0],[654.0],[172.0],[465.0],[92.0],[985.0],[977.0],[24.0],[887.0],[532.0],[78.0],[525.0],[620.0],[471.0],[483.0],[595.0],[761.0],[51.0],[64.0],[197.0],[196.0],[86.0],[707.0],[379.0],[626.0],[78.0],[347.0],[632.0],[54.0],[86.0],[525.0],[471.0],[935.0],[471.0],[92.0],[711.0],[532.0],[339.0],[76.0],[51.0],[887.0],[549.0],[24.0],[638.0],[681.0],[763.0],[203.0],[308.0],[867.0],[532.0],[48.0],[758.0],[688.0],[763.0],[758.0],[172.0],[912.0],[54.0],[525.0],[620.0],[689.0],[816.0],[297.0],[525.0],[172.0],[688.0],[681.0],[347.0],[24.0],[92.0],[48.0],[707.0]
536,[379.0],[887.0],[132.0],[867.0],[638.0],[681.0],[549.0],[308.0],[654.0],[535.0],[973.0],[649.0],[516.0],[859.0],[331.0],[532.0],[403.0],[887.0],[689.0],[646.0],[331.0],[632.0],[681.0],[763.0],[203.0],[935.0],[646.0],[977.0],[761.0],[688.0],[532.0],[379.0],[985.0],[51.0],[626.0],[474.0],[24.0],[525.0],[977.0],[620.0],[684.0],[985.0],[465.0],[92.0],[689.0],[24.0],[548.0],[403.0],[758.0],[67.0],[172.0],[172.0],[196.0],[681.0],[172.0],[816.0],[86.0],[67.0],[620.0],[196.0],[654.0],[867.0],[761.0],[641.0],[525.0],[465.0],[689.0],[78.0],[24.0],[39.0],[76.0],[707.0],[532.0],[761.0],[182.0],[379.0],[859.0],[973.0],[403.0],[182.0],[465.0],[761.0],[331.0],[532.0],[374.0],[339.0],[620.0],[684.0],[535.0],[197.0],[748.0],[620.0],[532.0],[935.0],[474.0],[532.0],[76.0],[132.0],[516.0],[551.0]
537,[51.0],[339.0],[985.0],[31.0],[54.0],[182.0],[632.0],[483.0],[67.0],[626.0],[532.0],[90.0],[859.0],[489.0],[471.0],[525.0],[649.0],[24.0],[595.0],[86.0],[182.0],[859.0],[684.0],[761.0],[196.0],[532.0],[465.0],[681.0],[471.0],[465.0],[973.0],[474.0],[51.0],[626.0],[182.0],[76.0],[76.0],[620.0],[626.0],[684.0],[34.0],[51.0],[379.0],[977.0],[595.0],[76.0],[394.0],[649.0],[331.0],[308.0],[551.0],[347.0],[758.0],[474.0],[532.0],[197.0],[67.0],[638.0],[684.0],[758.0],[54.0],[31.0],[145.0],[75.0],[347.0],[379.0],[595.0],[684.0],[76.0],[197.0],[646.0],[86.0],[525.0],[985.0],[196.0],[172.0],[31.0],[34.0],[649.0],[471.0],[379.0],[689.0],[535.0],[525.0],[732.0],[86.0],[681.0],[887.0],[595.0],[709.0],[48.0],[51.0],[654.0],[465.0],[973.0],[525.0],[689.0],[985.0],[859.0],[213.0]
538,[172.0],[24.0],[51.0],[535.0],[86.0],[474.0],[816.0],[54.0],[688.0],[182.0],[525.0],[130.0],[489.0],[90.0],[535.0],[620.0],[48.0],[76.0],[985.0],[339.0],[892.0],[816.0],[474.0],[132.0],[977.0],[525.0],[339.0],[626.0],[867.0],[379.0],[34.0],[172.0],[78.0],[182.0],[892.0],[973.0],[681.0],[339.0],[182.0],[887.0],[887.0],[78.0],[172.0],[34.0],[132.0],[689.0],[850.0],[130.0],[535.0],[688.0],[912.0],[935.0],[331.0],[76.0],[525.0],[403.0],[688.0],[688.0],[887.0],[867.0],[63.0],[489.0],[977.0],[717.0],[620.0],[172.0],[474.0],[887.0],[689.0],[403.0],[689.0],[551.0],[620.0],[684.0],[758.0],[483.0],[632.0],[646.0],[130.0],[867.0],[732.0],[132.0],[595.0],[620.0],[392.0],[347.0],[684.0],[24.0],[763.0],[403.0],[250.0],[78.0],[525.0],[379.0],[24.0],[935.0],[595.0],[977.0],[489.0],[956.0]
539,[78.0],[76.0],[145.0],[632.0],[67.0],[892.0],[197.0],[638.0],[465.0],[763.0],[34.0],[192.0],[130.0],[549.0],[867.0],[646.0],[130.0],[132.0],[92.0],[347.0],[471.0],[197.0],[973.0],[92.0],[758.0],[620.0],[379.0],[182.0],[132.0],[172.0],[525.0],[532.0],[145.0],[892.0],[331.0],[34.0],[689.0],[684.0],[892.0],[24.0],[24.0],[681.0],[638.0],[626.0],[92.0],[78.0],[711.0],[48.0],[867.0],[465.0],[532.0],[532.0],[182.0],[689.0],[620.0],[649.0],[465.0],[465.0],[24.0],[632.0],[86.0],[90.0],[626.0],[833.0],[935.0],[347.0],[92.0],[681.0],[595.0],[649.0],[339.0],[67.0],[684.0],[887.0],[892.0],[532.0],[816.0],[525.0],[192.0],[31.0],[568.0],[985.0],[92.0],[684.0],[568.0],[67.0],[474.0],[76.0],[761.0],[203.0],[516.0],[681.0],[63.0],[172.0],[34.0],[620.0],[763.0],[626.0],[130.0],[912.0]
540,[681.0],[347.0],[977.0],[761.0],[465.0],[471.0],[39.0],[707.0],[379.0],[892.0],[620.0],[549.0],[192.0],[403.0],[31.0],[339.0],[516.0],[689.0],[145.0],[67.0],[867.0],[403.0],[34.0],[985.0],[626.0],[684.0],[347.0],[892.0],[31.0],[532.0],[620.0],[525.0],[681.0],[78.0],[471.0],[646.0],[595.0],[887.0],[681.0],[76.0],[689.0],[867.0],[707.0],[892.0],[977.0],[681.0],[641.0],[516.0],[31.0],[379.0],[525.0],[654.0],[535.0],[973.0],[935.0],[39.0],[379.0],[379.0],[689.0],[816.0],[308.0],[549.0],[132.0],[48.0],[654.0],[532.0],[145.0],[24.0],[92.0],[709.0],[595.0],[912.0],[474.0],[24.0],[331.0],[525.0],[197.0],[339.0],[83.0],[331.0],[172.0],[595.0],[763.0],[887.0],[285.0],[688.0],[24.0],[689.0],[92.0],[196.0],[82.0],[474.0],[308.0],[532.0],[646.0],[684.0],[92.0],[182.0],[90.0],[374.0]
541,[474.0],[689.0],[78.0],[816.0],[707.0],[973.0],[403.0],[86.0],[63.0],[471.0],[646.0],[83.0],[90.0],[649.0],[632.0],[684.0],[192.0],[595.0],[51.0],[688.0],[31.0],[649.0],[646.0],[145.0],[331.0],[887.0],[935.0],[474.0],[632.0],[620.0],[887.0],[620.0],[977.0],[681.0],[867.0],[339.0],[92.0],[24.0],[471.0],[689.0],[646.0],[31.0],[532.0],[646.0],[626.0],[595.0],[75.0],[192.0],[632.0],[172.0],[620.0],[63.0],[763.0],[595.0],[684.0],[709.0],[172.0],[707.0],[595.0],[197.0],[67.0],[632.0],[182.0],[100.0],[887.0],[935.0],[977.0],[689.0],[145.0],[130.0],[92.0],[688.0],[973.0],[76.0],[535.0],[620.0],[489.0],[620.0],[833.0],[535.0],[532.0],[92.0],[145.0],[24.0],[54.0],[465.0],[973.0],[595.0],[145.0],[758.0],[859.0],[684.0],[483.0],[525.0],[76.0],[654.0],[145.0],[892.0],[549.0],[732.0]
542,[532.0],[595.0],[626.0],[197.0],[379.0],[34.0],[649.0],[551.0],[172.0],[867.0],[684.0],[833.0],[83.0],[192.0],[763.0],[887.0],[83.0],[92.0],[977.0],[465.0],[632.0],[489.0],[339.0],[977.0],[182.0],[24.0],[654.0],[973.0],[816.0],[684.0],[646.0],[684.0],[626.0],[471.0],[31.0],[595.0],[977.0],[347.0],[867.0],[681.0],[595.0],[816.0],[525.0],[339.0],[985.0],[474.0],[530.0],[859.0],[816.0],[483.0],[684.0],[308.0],[892.0],[646.0],[887.0],[130.0],[732.0],[172.0],[92.0],[403.0],[483.0],[816.0],[985.0],[257.0],[63.0],[654.0],[626.0],[595.0],[977.0],[192.0],[347.0],[465.0],[34.0],[51.0],[763.0],[638.0],[90.0],[684.0],[100.0],[763.0],[525.0],[145.0],[977.0],[78.0],[41.0],[379.0],[34.0],[973.0],[626.0],[331.0],[489.0],[887.0],[620.0],[620.0],[595.0],[887.0],[977.0],[51.0],[39.0],[989.0]
543,[525.0],[935.0],[681.0],[403.0],[172.0],[646.0],[709.0],[67.0],[532.0],[31.0],[887.0],[39.0],[833.0],[39.0],[761.0],[347.0],[859.0],[145.0],[626.0],[379.0],[197.0],[90.0],[887.0],[182.0],[535.0],[76.0],[63.0],[471.0],[197.0],[887.0],[24.0],[973.0],[973.0],[474.0],[632.0],[92.0],[474.0],[76.0],[31.0],[595.0],[92.0],[197.0],[551.0],[347.0],[182.0],[973.0],[425.0],[83.0],[197.0],[532.0],[374.0],[525.0],[761.0],[92.0],[24.0],[192.0],[568.0],[532.0],[347.0],[649.0],[707.0],[39.0],[892.0],[516.0],[24.0],[63.0],[182.0],[977.0],[626.0],[203.0],[145.0],[379.0],[887.0],[689.0],[761.0],[707.0],[549.0],[347.0],[297.0],[761.0],[620.0],[977.0],[761.0],[681.0],[86.0],[935.0],[339.0],[92.0],[132.0],[535.0],[90.0],[973.0],[684.0],[887.0],[92.0],[24.0],[626.0],[471.0],[192.0],[820.0]
544,[620.0],[654.0],[182.0],[132.0],[551.0],[867.0],[203.0],[912.0],[308.0],[761.0],[24.0],[100.0],[100.0],[83.0],[403.0],[24.0],[489.0],[985.0],[78.0],[172.0],[403.0],[130.0],[347.0],[892.0],[892.0],[654.0],[172.0],[867.0],[403.0],[24.0],[76.0],[646.0],[182.0],[867.0],[816.0],[145.0],[34.0],[689.0],[474.0],[92.0],[339.0],[474.0],[912.0],[471.0],[892.0],[34.0],[102.0],[833.0],[763.0],[525.0],[887.0],[620.0],[471.0],[339.0],[76.0],[203.0],[41.0],[525.0],[935.0],[331.0],[688.0],[709.0],[51.0],[297.0],[308.0],[308.0],[892.0],[474.0],[182.0],[196.0],[977.0],[374.0],[24.0],[595.0],[471.0],[684.0],[403.0],[887.0],[748.0],[132.0],[684.0],[51.0],[132.0],[474.0],[67.0],[172.0],[347.0],[34.0],[985.0],[649.0],[549.0],[76.0],[638.0],[24.0],[339.0],[76.0],[182.0],[867.0],[83.0],[568.0]
545,[684.0],[92.0],[474.0],[649.0],[912.0],[339.0],[130.0],[374.0],[525.0],[632.0],[76.0],[257.0],[39.0],[833.0],[132.0],[935.0],[833.0],[51.0],[182.0],[532.0],[649.0],[192.0],[935.0],[471.0],[471.0],[63.0],[308.0],[31.0],[649.0],[76.0],[689.0],[887.0],[34.0],[31.0],[535.0],[977.0],[626.0],[595.0],[632.0],[474.0],[347.0],[973.0],[374.0],[867.0],[51.0],[92.0],[48.0],[489.0],[761.0],[620.0],[24.0],[483.0],[867.0],[145.0],[689.0],[83.0],[532.0],[551.0],[145.0],[130.0],[465.0],[197.0],[78.0],[748.0],[689.0],[525.0],[973.0],[182.0],[474.0],[83.0],[626.0],[172.0],[689.0],[78.0],[132.0],[887.0],[130.0],[24.0],[516.0],[632.0],[887.0],[78.0],[985.0],[973.0],[688.0],[654.0],[935.0],[646.0],[182.0],[130.0],[39.0],[34.0],[707.0],[654.0],[145.0],[63.0],[761.0],[31.0],[833.0],[685.0]
546,[34.0],[145.0],[973.0],[985.0],[532.0],[31.0],[196.0],[732.0],[483.0],[816.0],[689.0],[297.0],[257.0],[100.0],[649.0],[76.0],[100.0],[681.0],[892.0],[935.0],[130.0],[83.0],[654.0],[867.0],[867.0],[689.0],[532.0],[632.0],[130.0],[63.0],[339.0],[24.0],[646.0],[632.0],[763.0],[626.0],[182.0],[92.0],[973.0],[145.0],[935.0],[649.0],[620.0],[31.0],[78.0],[145.0],[516.0],[100.0],[132.0],[684.0],[732.0],[684.0],[132.0],[347.0],[654.0],[833.0],[525.0],[620.0],[654.0],[535.0],[379.0],[196.0],[471.0],[250.0],[483.0],[620.0],[34.0],[892.0],[973.0],[758.0],[182.0],[732.0],[646.0],[681.0],[985.0],[551.0],[833.0],[76.0],[859.0],[985.0],[41.0],[681.0],[626.0],[76.0],[465.0],[532.0],[654.0],[339.0],[51.0],[763.0],[709.0],[689.0],[887.0],[63.0],[347.0],[689.0],[892.0],[78.0],[709.0],[392.0]
547,[646.0],[63.0],[892.0],[130.0],[525.0],[632.0],[192.0],[568.0],[620.0],[197.0],[339.0],[709.0],[297.0],[709.0],[985.0],[689.0],[90.0],[977.0],[474.0],[525.0],[192.0],[549.0],[24.0],[51.0],[763.0],[308.0],[483.0],[816.0],[985.0],[689.0],[347.0],[76.0],[471.0],[816.0],[197.0],[182.0],[892.0],[935.0],[646.0],[977.0],[654.0],[130.0],[684.0],[816.0],[474.0],[646.0],[859.0],[257.0],[985.0],[887.0],[568.0],[887.0],[985.0],[977.0],[595.0],[100.0],[620.0],[684.0],[63.0],[763.0],[532.0],[758.0],[867.0],[82.0],[92.0],[483.0],[471.0],[471.0],[892.0],[833.0],[935.0],[532.0],[339.0],[474.0],[51.0],[912.0],[100.0],[689.0],[250.0],[51.0],[24.0],[474.0],[182.0],[34.0],[605.0],[525.0],[76.0],[145.0],[78.0],[192.0],[203.0],[646.0],[551.0],[76.0],[935.0],[595.0],[471.0],[681.0],[203.0],[285.0]
548,[887.0],[977.0],[471.0],[83.0],[620.0],[816.0],[83.0],[688.0],[684.0],[403.0],[347.0],[203.0],[748.0],[257.0],[78.0],[654.0],[257.0],[626.0],[471.0],[654.0],[763.0],[833.0],[63.0],[632.0],[31.0],[483.0],[638.0],[34.0],[51.0],[595.0],[595.0],[689.0],[867.0],[973.0],[403.0],[347.0],[471.0],[654.0],[339.0],[973.0],[145.0],[34.0],[887.0],[935.0],[471.0],[977.0],[945.0],[297.0],[51.0],[638.0],[76.0],[638.0],[51.0],[935.0],[63.0],[257.0],[684.0],[887.0],[308.0],[761.0],[525.0],[403.0],[31.0],[850.0],[145.0],[684.0],[867.0],[867.0],[471.0],[331.0],[892.0],[568.0],[347.0],[92.0],[78.0],[76.0],[297.0],[935.0],[489.0],[78.0],[76.0],[973.0],[51.0],[689.0],[379.0],[63.0],[63.0],[347.0],[892.0],[761.0],[850.0],[339.0],[912.0],[689.0],[977.0],[308.0],[132.0],[632.0],[100.0],[41.0]
549,[24.0],[483.0],[34.0],[51.0],[374.0],[197.0],[331.0],[379.0],[638.0],[649.0],[595.0],[748.0],[250.0],[203.0],[681.0],[595.0],[297.0],[474.0],[973.0],[63.0],[83.0],[100.0],[308.0],[78.0],[632.0],[638.0],[525.0],[197.0],[192.0],[92.0],[92.0],[595.0],[31.0],[34.0],[649.0],[892.0],[867.0],[145.0],[816.0],[626.0],[977.0],[192.0],[732.0],[197.0],[973.0],[339.0],[718.0],[90.0],[649.0],[551.0],[689.0],[24.0],[31.0],[654.0],[308.0],[196.0],[887.0],[912.0],[977.0],[192.0],[620.0],[649.0],[632.0],[859.0],[977.0],[887.0],[31.0],[31.0],[34.0],[100.0],[654.0],[525.0],[935.0],[973.0],[681.0],[689.0],[748.0],[595.0],[82.0],[681.0],[605.0],[626.0],[892.0],[646.0],[216.0],[620.0],[689.0],[935.0],[471.0],[83.0],[196.0],[595.0],[24.0],[595.0],[626.0],[483.0],[985.0],[474.0],[196.0],[54.0]
550,[76.0],[626.0],[646.0],[833.0],[732.0],[347.0],[833.0],[532.0],[887.0],[130.0],[92.0],[196.0],[709.0],[297.0],[130.0],[92.0],[549.0],[973.0],[34.0],[620.0],[833.0],[39.0],[483.0],[681.0],[816.0],[92.0],[620.0],[403.0],[78.0],[308.0],[935.0],[339.0],[632.0],[197.0],[192.0],[471.0],[31.0],[977.0],[347.0],[34.0],[63.0],[646.0],[568.0],[403.0],[867.0],[347.0],[489.0],[549.0],[78.0],[76.0],[595.0],[76.0],[632.0],[626.0],[92.0],[758.0],[24.0],[24.0],[626.0],[132.0],[551.0],[331.0],[816.0],[530.0],[626.0],[638.0],[646.0],[973.0],[646.0],[535.0],[471.0],[684.0],[654.0],[145.0],[474.0],[595.0],[82.0],[654.0],[90.0],[474.0],[689.0],[182.0],[471.0],[339.0],[609.0],[684.0],[308.0],[977.0],[681.0],[132.0],[530.0],[347.0],[374.0],[92.0],[182.0],[92.0],[51.0],[973.0],[257.0],[86.0]
551,[339.0],[182.0],[339.0],[78.0],[568.0],[403.0],[100.0],[525.0],[24.0],[192.0],[935.0],[82.0],[203.0],[748.0],[474.0],[145.0],[39.0],[646.0],[646.0],[308.0],[761.0],[709.0],[76.0],[474.0],[197.0],[707.0],[684.0],[649.0],[83.0],[145.0],[654.0],[347.0],[816.0],[403.0],[761.0],[867.0],[632.0],[63.0],[197.0],[182.0],[626.0],[339.0],[24.0],[654.0],[34.0],[626.0],[549.0],[748.0],[130.0],[689.0],[41.0],[689.0],[816.0],[63.0],[145.0],[297.0],[605.0],[76.0],[182.0],[985.0],[684.0],[130.0],[197.0],[489.0],[182.0],[707.0],[339.0],[632.0],[867.0],[257.0],[63.0],[41.0],[63.0],[626.0],[31.0],[92.0],[39.0],[92.0],[39.0],[197.0],[216.0],[34.0],[867.0],[595.0],[172.0],[887.0],[638.0],[626.0],[867.0],[985.0],[425.0],[92.0],[732.0],[145.0],[654.0],[638.0],[867.0],[34.0],[758.0],[67.0]
552,[689.0],[892.0],[347.0],[100.0],[684.0],[935.0],[535.0],[41.0],[707.0],[83.0],[977.0],[758.0],[196.0],[196.0],[973.0],[977.0],[709.0],[182.0],[867.0],[684.0],[985.0],[203.0],[689.0],[816.0],[403.0],[912.0],[707.0],[646.0],[833.0],[977.0],[145.0],[92.0],[197.0],[649.0],[83.0],[31.0],[646.0],[308.0],[403.0],[892.0],[308.0],[83.0],[41.0],[649.0],[646.0],[182.0],[66.0],[39.0],[681.0],[595.0],[92.0],[707.0],[197.0],[483.0],[977.0],[331.0],[76.0],[374.0],[483.0],[51.0],[912.0],[535.0],[403.0],[90.0],[638.0],[24.0],[347.0],[34.0],[31.0],[763.0],[308.0],[887.0],[595.0],[182.0],[973.0],[145.0],[709.0],[145.0],[709.0],[403.0],[595.0],[646.0],[78.0],[92.0],[532.0],[24.0],[595.0],[654.0],[31.0],[51.0],[102.0],[145.0],[76.0],[483.0],[892.0],[145.0],[78.0],[646.0],[297.0],[688.0]
553,[347.0],[471.0],[935.0],[681.0],[41.0],[649.0],[763.0],[620.0],[76.0],[833.0],[626.0],[850.0],[82.0],[758.0],[34.0],[626.0],[203.0],[892.0],[31.0],[887.0],[51.0],[257.0],[638.0],[403.0],[761.0],[374.0],[551.0],[130.0],[100.0],[626.0],[977.0],[145.0],[649.0],[130.0],[985.0],[632.0],[816.0],[707.0],[935.0],[471.0],[182.0],[833.0],[605.0],[63.0],[31.0],[935.0],[39.0],[250.0],[192.0],[912.0],[977.0],[595.0],[403.0],[638.0],[626.0],[535.0],[216.0],[689.0],[892.0],[83.0],[887.0],[763.0],[681.0],[425.0],[892.0],[76.0],[632.0],[816.0],[339.0],[297.0],[867.0],[605.0],[92.0],[892.0],[34.0],[977.0],[850.0],[977.0],[203.0],[130.0],[92.0],[892.0],[31.0],[145.0],[525.0],[308.0],[92.0],[63.0],[632.0],[833.0],[758.0],[935.0],[689.0],[638.0],[471.0],[977.0],[31.0],[816.0],[748.0],[605.0]
554,[595.0],[638.0],[654.0],[474.0],[887.0],[130.0],[257.0],[605.0],[689.0],[100.0],[182.0],[530.0],[850.0],[331.0],[192.0],[63.0],[196.0],[339.0],[339.0],[24.0],[78.0],[196.0],[595.0],[649.0],[649.0],[145.0],[912.0],[192.0],[257.0],[182.0],[626.0],[935.0],[130.0],[646.0],[833.0],[816.0],[197.0],[626.0],[649.0],[867.0],[892.0],[347.0],[216.0],[130.0],[632.0],[892.0],[709.0],[709.0],[474.0],[92.0],[605.0],[551.0],[649.0],[182.0],[182.0],[748.0],[689.0],[595.0],[638.0],[833.0],[24.0],[192.0],[474.0],[945.0],[471.0],[551.0],[816.0],[197.0],[935.0],[761.0],[31.0],[24.0],[145.0],[471.0],[646.0],[626.0],[530.0],[626.0],[196.0],[973.0],[609.0],[471.0],[681.0],[935.0],[26.0],[483.0],[977.0],[182.0],[474.0],[100.0],[945.0],[654.0],[595.0],[707.0],[867.0],[626.0],[632.0],[197.0],[250.0],[465.0]
555,[92.0],[867.0],[63.0],[257.0],[24.0],[192.0],[297.0],[684.0],[551.0],[257.0],[63.0],[331.0],[530.0],[250.0],[83.0],[182.0],[758.0],[471.0],[632.0],[76.0],[681.0],[758.0],[92.0],[973.0],[130.0],[977.0],[887.0],[83.0],[297.0],[483.0],[182.0],[977.0],[192.0],[339.0],[100.0],[935.0],[403.0],[471.0],[130.0],[31.0],[471.0],[100.0],[76.0],[308.0],[339.0],[471.0],[444.0],[203.0],[83.0],[374.0],[216.0],[374.0],[78.0],[892.0],[483.0],[763.0],[595.0],[92.0],[471.0],[78.0],[76.0],[83.0],[649.0],[549.0],[867.0],[912.0],[197.0],[403.0],[654.0],[132.0],[632.0],[216.0],[977.0],[34.0],[339.0],[182.0],[203.0],[182.0],[331.0],[34.0],[145.0],[867.0],[632.0],[977.0],[398.0],[638.0],[707.0],[892.0],[973.0],[257.0],[331.0],[977.0],[92.0],[977.0],[63.0],[182.0],[681.0],[403.0],[82.0],[172.0]
556,[145.0],[31.0],[867.0],[973.0],[605.0],[833.0],[748.0],[216.0],[595.0],[132.0],[308.0],[535.0],[758.0],[535.0],[646.0],[892.0],[331.0],[867.0],[816.0],[483.0],[474.0],[297.0],[145.0],[192.0],[132.0],[626.0],[374.0],[339.0],[250.0],[892.0],[308.0],[626.0],[83.0],[192.0],[257.0],[197.0],[649.0],[551.0],[654.0],[632.0],[867.0],[935.0],[689.0],[192.0],[347.0],[867.0],[663.0],[82.0],[34.0],[145.0],[609.0],[568.0],[192.0],[707.0],[892.0],[250.0],[609.0],[145.0],[867.0],[100.0],[689.0],[761.0],[973.0],[39.0],[707.0],[689.0],[935.0],[646.0],[63.0],[985.0],[483.0],[609.0],[626.0],[646.0],[347.0],[892.0],[425.0],[63.0],[850.0],[192.0],[977.0],[31.0],[474.0],[626.0],[620.0],[76.0],[551.0],[471.0],[34.0],[78.0],[25.0],[63.0],[145.0],[626.0],[31.0],[892.0],[973.0],[339.0],[331.0],[532.0]
557,[935.0],[632.0],[31.0],[297.0],[76.0],[100.0],[82.0],[887.0],[92.0],[297.0],[892.0],[425.0],[425.0],[82.0],[833.0],[471.0],[748.0],[31.0],[347.0],[638.0],[973.0],[748.0],[977.0],[34.0],[192.0],[182.0],[24.0],[833.0],[82.0],[471.0],[892.0],[182.0],[339.0],[83.0],[51.0],[654.0],[130.0],[912.0],[63.0],[816.0],[483.0],[257.0],[609.0],[483.0],[935.0],[654.0],[475.0],[850.0],[833.0],[977.0],[26.0],[41.0],[83.0],[471.0],[471.0],[761.0],[92.0],[977.0],[707.0],[257.0],[595.0],[132.0],[130.0],[25.0],[912.0],[595.0],[403.0],[649.0],[308.0],[51.0],[638.0],[26.0],[308.0],[339.0],[632.0],[471.0],[102.0],[308.0],[530.0],[646.0],[26.0],[632.0],[816.0],[182.0],[684.0],[689.0],[912.0],[308.0],[816.0],[297.0],[718.0],[626.0],[568.0],[551.0],[308.0],[707.0],[816.0],[347.0],[535.0],[525.0]
558,[977.0],[816.0],[632.0],[34.0],[689.0],[654.0],[761.0],[24.0],[912.0],[985.0],[471.0],[102.0],[102.0],[850.0],[100.0],[867.0],[763.0],[632.0],[935.0],[595.0],[100.0],[250.0],[626.0],[646.0],[83.0],[892.0],[732.0],[347.0],[681.0],[867.0],[471.0],[654.0],[833.0],[347.0],[297.0],[403.0],[192.0],[867.0],[192.0],[339.0],[638.0],[654.0],[26.0],[638.0],[654.0],[31.0],[203.0],[530.0],[100.0],[626.0],[626.0],[92.0],[681.0],[551.0],[31.0],[132.0],[26.0],[182.0],[31.0],[297.0],[92.0],[985.0],[192.0],[709.0],[374.0],[92.0],[649.0],[130.0],[632.0],[748.0],[707.0],[76.0],[483.0],[347.0],[816.0],[374.0],[945.0],[892.0],[425.0],[83.0],[398.0],[339.0],[973.0],[892.0],[887.0],[595.0],[626.0],[483.0],[197.0],[681.0],[66.0],[308.0],[41.0],[912.0],[632.0],[551.0],[197.0],[649.0],[763.0],[620.0]
559,[626.0],[707.0],[308.0],[646.0],[595.0],[257.0],[132.0],[76.0],[145.0],[51.0],[483.0],[945.0],[945.0],[530.0],[339.0],[31.0],[250.0],[347.0],[654.0],[92.0],[257.0],[331.0],[182.0],[83.0],[833.0],[732.0],[76.0],[100.0],[850.0],[31.0],[483.0],[63.0],[347.0],[935.0],[748.0],[649.0],[83.0],[31.0],[83.0],[197.0],[31.0],[308.0],[595.0],[707.0],[816.0],[632.0],[196.0],[196.0],[257.0],[182.0],[398.0],[145.0],[833.0],[912.0],[638.0],[82.0],[145.0],[892.0],[632.0],[681.0],[732.0],[51.0],[34.0],[718.0],[31.0],[145.0],[130.0],[339.0],[483.0],[78.0],[816.0],[689.0],[638.0],[935.0],[197.0],[867.0],[25.0],[471.0],[102.0],[339.0],[626.0],[347.0],[197.0],[654.0],[917.0],[707.0],[732.0],[867.0],[646.0],[474.0],[535.0],[182.0],[977.0],[182.0],[483.0],[912.0],[34.0],[935.0],[761.0],[684.0]
560,[63.0],[551.0],[816.0],[748.0],[92.0],[63.0],[51.0],[689.0],[977.0],[748.0],[867.0],[763.0],[25.0],[763.0],[257.0],[308.0],[82.0],[816.0],[197.0],[707.0],[297.0],[82.0],[707.0],[833.0],[985.0],[471.0],[41.0],[935.0],[530.0],[638.0],[638.0],[892.0],[257.0],[654.0],[78.0],[130.0],[339.0],[632.0],[833.0],[347.0],[632.0],[297.0],[398.0],[83.0],[63.0],[63.0],[758.0],[758.0],[646.0],[892.0],[182.0],[977.0],[474.0],[867.0],[707.0],[850.0],[977.0],[471.0],[816.0],[474.0],[568.0],[78.0],[83.0],[66.0],[732.0],[977.0],[192.0],[192.0],[816.0],[681.0],[197.0],[595.0],[182.0],[632.0],[935.0],[31.0],[718.0],[867.0],[945.0],[833.0],[182.0],[816.0],[403.0],[471.0],[24.0],[92.0],[568.0],[638.0],[403.0],[973.0],[444.0],[471.0],[626.0],[892.0],[816.0],[471.0],[403.0],[654.0],[850.0],[887.0]
561,[308.0],[197.0],[197.0],[339.0],[145.0],[308.0],[850.0],[92.0],[374.0],[78.0],[638.0],[761.0],[718.0],[425.0],[297.0],[483.0],[761.0],[197.0],[63.0],[912.0],[748.0],[850.0],[892.0],[100.0],[100.0],[867.0],[605.0],[257.0],[474.0],[632.0],[707.0],[308.0],[935.0],[833.0],[82.0],[63.0],[833.0],[374.0],[100.0],[935.0],[707.0],[483.0],[92.0],[833.0],[197.0],[816.0],[331.0],[425.0],[339.0],[732.0],[892.0],[626.0],[100.0],[31.0],[632.0],[530.0],[398.0],[31.0],[551.0],[748.0],[41.0],[833.0],[833.0],[444.0],[568.0],[626.0],[83.0],[83.0],[197.0],[474.0],[551.0],[398.0],[892.0],[654.0],[403.0],[632.0],[196.0],[483.0],[718.0],[100.0],[892.0],[935.0],[649.0],[867.0],[639.0],[912.0],[41.0],[31.0],[649.0],[748.0],[763.0],[867.0],[182.0],[471.0],[197.0],[374.0],[646.0],[130.0],[530.0],[24.0]
562,[182.0],[912.0],[483.0],[347.0],[977.0],[483.0],[78.0],[609.0],[626.0],[250.0],[31.0],[25.0],[331.0],[761.0],[748.0],[707.0],[985.0],[935.0],[403.0],[374.0],[250.0],[535.0],[471.0],[257.0],[51.0],[632.0],[689.0],[297.0],[973.0],[707.0],[867.0],[867.0],[654.0],[100.0],[850.0],[483.0],[347.0],[816.0],[308.0],[403.0],[816.0],[748.0],[145.0],[551.0],[308.0],[197.0],[535.0],[331.0],[297.0],[568.0],[917.0],[605.0],[257.0],[632.0],[816.0],[425.0],[626.0],[632.0],[197.0],[973.0],[605.0],[681.0],[646.0],[203.0],[41.0],[182.0],[833.0],[347.0],[638.0],[973.0],[403.0],[92.0],[707.0],[816.0],[654.0],[732.0],[758.0],[31.0],[66.0],[257.0],[471.0],[197.0],[130.0],[31.0],[76.0],[374.0],[182.0],[632.0],[130.0],[250.0],[761.0],[483.0],[605.0],[867.0],[403.0],[732.0],[339.0],[192.0],[425.0],[76.0]
563,[892.0],[374.0],[403.0],[250.0],[182.0],[297.0],[530.0],[145.0],[182.0],[681.0],[632.0],[718.0],[535.0],[132.0],[347.0],[551.0],[51.0],[654.0],[649.0],[145.0],[850.0],[763.0],[551.0],[297.0],[257.0],[816.0],[595.0],[654.0],[425.0],[816.0],[551.0],[31.0],[297.0],[63.0],[530.0],[638.0],[935.0],[403.0],[638.0],[649.0],[551.0],[250.0],[977.0],[912.0],[403.0],[403.0],[107.0],[535.0],[347.0],[41.0],[471.0],[182.0],[297.0],[374.0],[403.0],[985.0],[182.0],[816.0],[403.0],[250.0],[145.0],[100.0],[339.0],[107.0],[605.0],[892.0],[100.0],[935.0],[403.0],[34.0],[649.0],[145.0],[471.0],[63.0],[63.0],[816.0],[331.0],[632.0],[444.0],[347.0],[867.0],[403.0],[192.0],[63.0],[689.0],[732.0],[605.0],[816.0],[339.0],[82.0],[132.0],[31.0],[216.0],[31.0],[649.0],[568.0],[649.0],[83.0],[132.0],[689.0]
564,[483.0],[732.0],[649.0],[82.0],[216.0],[748.0],[425.0],[977.0],[732.0],[82.0],[816.0],[66.0],[66.0],[102.0],[935.0],[912.0],[78.0],[63.0],[130.0],[732.0],[34.0],[530.0],[912.0],[339.0],[78.0],[197.0],[216.0],[63.0],[102.0],[551.0],[31.0],[632.0],[63.0],[257.0],[425.0],[192.0],[257.0],[649.0],[707.0],[130.0],[912.0],[638.0],[917.0],[100.0],[649.0],[308.0],[644.0],[763.0],[935.0],[867.0],[639.0],[892.0],[973.0],[732.0],[551.0],[102.0],[892.0],[197.0],[912.0],[82.0],[977.0],[474.0],[100.0],[644.0],[632.0],[471.0],[654.0],[654.0],[649.0],[250.0],[130.0],[977.0],[551.0],[197.0],[308.0],[568.0],[535.0],[816.0],[663.0],[935.0],[917.0],[649.0],[83.0],[632.0],[387.0],[145.0],[892.0],[197.0],[192.0],[34.0],[985.0],[707.0],[609.0],[632.0],[130.0],[867.0],[347.0],[100.0],[102.0],[216.0]
565,[471.0],[403.0],[638.0],[530.0],[892.0],[638.0],[681.0],[26.0],[471.0],[850.0],[707.0],[444.0],[444.0],[985.0],[654.0],[632.0],[681.0],[403.0],[308.0],[977.0],[530.0],[761.0],[374.0],[347.0],[681.0],[649.0],[609.0],[308.0],[945.0],[197.0],[632.0],[816.0],[308.0],[748.0],[102.0],[83.0],[297.0],[130.0],[257.0],[83.0],[197.0],[707.0],[639.0],[257.0],[130.0],[483.0],[839.0],[102.0],[250.0],[31.0],[867.0],[471.0],[34.0],[816.0],[649.0],[945.0],[917.0],[403.0],[374.0],[646.0],[626.0],[973.0],[347.0],[196.0],[816.0],[867.0],[63.0],[833.0],[707.0],[82.0],[192.0],[626.0],[31.0],[403.0],[130.0],[41.0],[66.0],[197.0],[475.0],[297.0],[639.0],[130.0],[833.0],[308.0],[404.0],[568.0],[471.0],[403.0],[83.0],[850.0],[51.0],[816.0],[892.0],[816.0],[192.0],[31.0],[130.0],[63.0],[985.0],[595.0]
566,[638.0],[568.0],[707.0],[425.0],[471.0],[707.0],[973.0],[626.0],[867.0],[530.0],[197.0],[132.0],[763.0],[945.0],[250.0],[374.0],[474.0],[649.0],[192.0],[626.0],[646.0],[132.0],[867.0],[935.0],[297.0],[130.0],[26.0],[483.0],[34.0],[912.0],[816.0],[197.0],[483.0],[250.0],[681.0],[833.0],[748.0],[732.0],[912.0],[833.0],[403.0],[82.0],[182.0],[297.0],[483.0],[638.0],[497.0],[761.0],[654.0],[632.0],[387.0],[216.0],[646.0],[568.0],[912.0],[25.0],[471.0],[732.0],[130.0],[339.0],[182.0],[257.0],[935.0],[758.0],[197.0],[31.0],[257.0],[100.0],[130.0],[646.0],[912.0],[182.0],[632.0],[308.0],[483.0],[605.0],[763.0],[638.0],[535.0],[748.0],[387.0],[83.0],[34.0],[816.0],[747.0],[41.0],[216.0],[649.0],[347.0],[646.0],[78.0],[197.0],[26.0],[197.0],[83.0],[632.0],[935.0],[308.0],[945.0],[609.0]
567,[707.0],[649.0],[130.0],[935.0],[867.0],[551.0],[34.0],[182.0],[632.0],[474.0],[403.0],[985.0],[663.0],[51.0],[63.0],[732.0],[850.0],[130.0],[483.0],[892.0],[339.0],[425.0],[31.0],[654.0],[474.0],[83.0],[398.0],[638.0],[25.0],[403.0],[912.0],[403.0],[638.0],[82.0],[474.0],[707.0],[250.0],[192.0],[297.0],[100.0],[649.0],[850.0],[387.0],[748.0],[192.0],[707.0],[763.0],[132.0],[63.0],[605.0],[404.0],[867.0],[339.0],[197.0],[130.0],[718.0],[639.0],[568.0],[192.0],[850.0],[216.0],[34.0],[654.0],[839.0],[216.0],[632.0],[297.0],[63.0],[551.0],[530.0],[374.0],[917.0],[912.0],[483.0],[638.0],[197.0],[444.0],[403.0],[132.0],[654.0],[31.0],[833.0],[646.0],[197.0],[595.0],[605.0],[867.0],[707.0],[833.0],[339.0],[663.0],[403.0],[398.0],[374.0],[833.0],[41.0],[654.0],[483.0],[25.0],[92.0]
568,[867.0],[41.0],[551.0],[654.0],[609.0],[250.0],[646.0],[892.0],[816.0],[425.0],[551.0],[663.0],[475.0],[25.0],[82.0],[816.0],[973.0],[308.0],[83.0],[568.0],[347.0],[985.0],[632.0],[250.0],[973.0],[833.0],[917.0],[748.0],[646.0],[649.0],[374.0],[649.0],[707.0],[530.0],[945.0],[551.0],[82.0],[83.0],[374.0],[297.0],[374.0],[530.0],[892.0],[250.0],[83.0],[649.0],[61.0],[985.0],[82.0],[816.0],[31.0],[31.0],[748.0],[41.0],[83.0],[51.0],[387.0],[649.0],[83.0],[347.0],[892.0],[297.0],[257.0],[331.0],[403.0],[374.0],[250.0],[257.0],[912.0],[425.0],[732.0],[639.0],[816.0],[649.0],[707.0],[403.0],[663.0],[649.0],[985.0],[250.0],[404.0],[654.0],[257.0],[403.0],[600.0],[216.0],[31.0],[192.0],[100.0],[530.0],[681.0],[551.0],[471.0],[403.0],[638.0],[816.0],[192.0],[638.0],[718.0],[145.0]
569,[551.0],[605.0],[912.0],[63.0],[31.0],[82.0],[339.0],[917.0],[197.0],[973.0],[649.0],[475.0],[107.0],[718.0],[308.0],[568.0],[530.0],[192.0],[833.0],[41.0],[425.0],[51.0],[732.0],[63.0],[748.0],[568.0],[92.0],[250.0],[718.0],[130.0],[197.0],[130.0],[551.0],[425.0],[25.0],[100.0],[63.0],[568.0],[748.0],[748.0],[130.0],[425.0],[404.0],[374.0],[638.0],[130.0],[761.0],[51.0],[850.0],[216.0],[747.0],[632.0],[347.0],[403.0],[833.0],[66.0],[867.0],[130.0],[100.0],[530.0],[471.0],[748.0],[63.0],[535.0],[649.0],[732.0],[308.0],[297.0],[374.0],[339.0],[568.0],[892.0],[403.0],[130.0],[192.0],[216.0],[761.0],[707.0],[51.0],[82.0],[747.0],[63.0],[339.0],[649.0],[92.0],[977.0],[609.0],[551.0],[935.0],[425.0],[474.0],[649.0],[867.0],[649.0],[100.0],[216.0],[63.0],[707.0],[66.0],[977.0]
570,[912.0],[130.0],[374.0],[308.0],[632.0],[850.0],[102.0],[471.0],[568.0],[34.0],[912.0],[107.0],[644.0],[78.0],[850.0],[197.0],[34.0],[833.0],[638.0],[471.0],[102.0],[78.0],[816.0],[82.0],[250.0],[41.0],[639.0],[82.0],[339.0],[374.0],[403.0],[192.0],[748.0],[102.0],[718.0],[912.0],[850.0],[833.0],[850.0],[654.0],[732.0],[102.0],[747.0],[82.0],[707.0],[192.0],[306.0],[945.0],[530.0],[609.0],[632.0],[609.0],[250.0],[649.0],[100.0],[444.0],[31.0],[192.0],[257.0],[935.0],[867.0],[646.0],[297.0],[497.0],[609.0],[816.0],[82.0],[308.0],[192.0],[347.0],[41.0],[387.0],[649.0],[192.0],[551.0],[649.0],[475.0],[130.0],[78.0],[63.0],[632.0],[308.0],[297.0],[130.0],[792.0],[626.0],[26.0],[83.0],[654.0],[102.0],[475.0],[130.0],[31.0],[130.0],[257.0],[609.0],[308.0],[551.0],[444.0],[626.0]
571,[374.0],[216.0],[192.0],[483.0],[398.0],[530.0],[945.0],[639.0],[403.0],[102.0],[130.0],[51.0],[839.0],[66.0],[483.0],[403.0],[646.0],[100.0],[100.0],[867.0],[945.0],[102.0],[568.0],[308.0],[82.0],[100.0],[145.0],[850.0],[347.0],[192.0],[649.0],[83.0],[912.0],[308.0],[66.0],[374.0],[308.0],[100.0],[530.0],[63.0],[192.0],[551.0],[600.0],[732.0],[833.0],[912.0],[209.0],[78.0],[308.0],[197.0],[816.0],[26.0],[82.0],[605.0],[257.0],[78.0],[404.0],[83.0],[297.0],[425.0],[31.0],[339.0],[308.0],[61.0],[26.0],[197.0],[850.0],[748.0],[83.0],[102.0],[83.0],[404.0],[374.0],[638.0],[83.0],[130.0],[107.0],[192.0],[681.0],[308.0],[600.0],[483.0],[347.0],[192.0],[73.0],[182.0],[398.0],[833.0],[257.0],[945.0],[107.0],[192.0],[917.0],[732.0],[707.0],[26.0],[483.0],[374.0],[663.0],[182.0]
572,[732.0],[192.0],[732.0],[102.0],[816.0],[912.0],[347.0],[867.0],[41.0],[646.0],[374.0],[78.0],[497.0],[444.0],[638.0],[649.0],[339.0],[257.0],[707.0],[31.0],[935.0],[474.0],[197.0],[850.0],[850.0],[605.0],[977.0],[707.0],[66.0],[83.0],[568.0],[483.0],[374.0],[483.0],[973.0],[257.0],[483.0],[41.0],[425.0],[250.0],[568.0],[945.0],[471.0],[850.0],[551.0],[83.0],[447.0],[25.0],[707.0],[26.0],[600.0],[816.0],[850.0],[130.0],[297.0],[663.0],[632.0],[41.0],[732.0],[102.0],[26.0],[250.0],[748.0],[763.0],[192.0],[403.0],[530.0],[483.0],[732.0],[935.0],[833.0],[471.0],[568.0],[707.0],[912.0],[192.0],[644.0],[83.0],[474.0],[483.0],[816.0],[100.0],[748.0],[83.0],[942.0],[609.0],[917.0],[100.0],[297.0],[25.0],[644.0],[83.0],[632.0],[568.0],[297.0],[197.0],[83.0],[257.0],[51.0],[892.0]
573,[31.0],[83.0],[568.0],[945.0],[197.0],[374.0],[25.0],[387.0],[649.0],[339.0],[192.0],[681.0],[61.0],[681.0],[425.0],[130.0],[425.0],[483.0],[551.0],[632.0],[654.0],[945.0],[403.0],[530.0],[530.0],[257.0],[626.0],[551.0],[444.0],[732.0],[41.0],[833.0],[732.0],[945.0],[444.0],[732.0],[530.0],[257.0],[732.0],[308.0],[83.0],[25.0],[867.0],[530.0],[100.0],[374.0],[132.0],[718.0],[425.0],[403.0],[197.0],[398.0],[935.0],[216.0],[748.0],[681.0],[747.0],[833.0],[748.0],[945.0],[632.0],[82.0],[483.0],[306.0],[398.0],[649.0],[483.0],[250.0],[568.0],[945.0],[100.0],[747.0],[130.0],[912.0],[833.0],[83.0],[132.0],[833.0],[107.0],[850.0],[792.0],[257.0],[935.0],[833.0],[85.0],[892.0],[632.0],[912.0],[748.0],[935.0],[839.0],[833.0],[639.0],[41.0],[748.0],[398.0],[638.0],[297.0],[78.0],[471.0]
574,[568.0],[26.0],[83.0],[25.0],[917.0],[732.0],[718.0],[31.0],[130.0],[347.0],[732.0],[644.0],[132.0],[474.0],[707.0],[192.0],[102.0],[638.0],[912.0],[605.0],[25.0],[25.0],[41.0],[483.0],[425.0],[748.0],[182.0],[530.0],[663.0],[833.0],[605.0],[638.0],[250.0],[25.0],[663.0],[568.0],[638.0],[297.0],[102.0],[483.0],[41.0],[718.0],[31.0],[568.0],[257.0],[732.0],[985.0],[66.0],[551.0],[649.0],[792.0],[917.0],[654.0],[192.0],[250.0],[475.0],[816.0],[100.0],[250.0],[654.0],[398.0],[347.0],[250.0],[209.0],[83.0],[130.0],[638.0],[82.0],[41.0],[25.0],[257.0],[867.0],[192.0],[374.0],[100.0],[833.0],[839.0],[551.0],[644.0],[638.0],[73.0],[297.0],[654.0],[100.0],[667.0],[471.0],[816.0],[257.0],[63.0],[654.0],[497.0],[100.0],[816.0],[192.0],[551.0],[917.0],[833.0],[732.0],[475.0],[867.0]
575,[41.0],[398.0],[41.0],[718.0],[403.0],[425.0],[66.0],[632.0],[192.0],[945.0],[833.0],[474.0],[985.0],[973.0],[102.0],[41.0],[347.0],[748.0],[257.0],[816.0],[63.0],[718.0],[649.0],[425.0],[102.0],[250.0],[892.0],[425.0],[475.0],[100.0],[130.0],[551.0],[568.0],[638.0],[475.0],[41.0],[425.0],[748.0],[945.0],[638.0],[833.0],[66.0],[632.0],[41.0],[250.0],[568.0],[303.0],[444.0],[912.0],[130.0],[73.0],[197.0],[63.0],[83.0],[82.0],[107.0],[197.0],[257.0],[568.0],[63.0],[816.0],[850.0],[82.0],[761.0],[917.0],[192.0],[425.0],[850.0],[605.0],[718.0],[297.0],[31.0],[41.0],[83.0],[257.0],[100.0],[497.0],[100.0],[839.0],[530.0],[197.0],[748.0],[250.0],[257.0],[88.0],[26.0],[639.0],[297.0],[250.0],[718.0],[973.0],[257.0],[197.0],[605.0],[250.0],[639.0],[100.0],[748.0],[681.0],[26.0]
576,[632.0],[833.0],[605.0],[638.0],[639.0],[568.0],[935.0],[816.0],[83.0],[25.0],[568.0],[839.0],[306.0],[475.0],[945.0],[83.0],[654.0],[707.0],[374.0],[216.0],[718.0],[973.0],[605.0],[102.0],[945.0],[216.0],[471.0],[912.0],[107.0],[568.0],[192.0],[100.0],[82.0],[707.0],[107.0],[297.0],[707.0],[250.0],[25.0],[707.0],[605.0],[912.0],[816.0],[425.0],[374.0],[833.0],[214.0],[663.0],[102.0],[398.0],[942.0],[639.0],[530.0],[833.0],[850.0],[474.0],[403.0],[297.0],[82.0],[308.0],[917.0],[530.0],[850.0],[132.0],[639.0],[568.0],[102.0],[530.0],[26.0],[66.0],[605.0],[632.0],[83.0],[732.0],[297.0],[609.0],[61.0],[257.0],[497.0],[425.0],[403.0],[638.0],[63.0],[297.0],[280.0],[867.0],[387.0],[748.0],[308.0],[63.0],[34.0],[297.0],[403.0],[83.0],[912.0],[403.0],[257.0],[568.0],[474.0],[31.0]
577,[816.0],[917.0],[833.0],[66.0],[387.0],[41.0],[444.0],[197.0],[833.0],[935.0],[41.0],[497.0],[209.0],[107.0],[25.0],[833.0],[63.0],[250.0],[732.0],[197.0],[308.0],[34.0],[130.0],[638.0],[25.0],[82.0],[387.0],[374.0],[935.0],[257.0],[83.0],[257.0],[41.0],[718.0],[644.0],[748.0],[102.0],[605.0],[718.0],[82.0],[100.0],[444.0],[197.0],[216.0],[82.0],[100.0],[836.0],[475.0],[945.0],[192.0],[403.0],[387.0],[425.0],[100.0],[374.0],[973.0],[600.0],[748.0],[41.0],[25.0],[197.0],[425.0],[530.0],[447.0],[387.0],[83.0],[945.0],[425.0],[398.0],[444.0],[748.0],[816.0],[833.0],[568.0],[748.0],[257.0],[985.0],[297.0],[61.0],[102.0],[649.0],[250.0],[850.0],[748.0],[898.0],[31.0],[404.0],[250.0],[82.0],[66.0],[61.0],[912.0],[130.0],[216.0],[374.0],[387.0],[707.0],[250.0],[973.0],[398.0]
578,[197.0],[100.0],[100.0],[444.0],[649.0],[605.0],[654.0],[649.0],[100.0],[718.0],[100.0],[973.0],[303.0],[644.0],[718.0],[605.0],[945.0],[551.0],[568.0],[609.0],[66.0],[66.0],[216.0],[945.0],[718.0],[850.0],[404.0],[102.0],[644.0],[297.0],[833.0],[297.0],[605.0],[551.0],[34.0],[250.0],[945.0],[216.0],[66.0],[551.0],[257.0],[374.0],[403.0],[609.0],[850.0],[41.0],[659.0],[973.0],[25.0],[639.0],[85.0],[403.0],[102.0],[257.0],[732.0],[644.0],[649.0],[605.0],[605.0],[718.0],[403.0],[102.0],[638.0],[303.0],[404.0],[833.0],[707.0],[638.0],[833.0],[663.0],[250.0],[403.0],[100.0],[833.0],[374.0],[297.0],[306.0],[912.0],[34.0],[707.0],[130.0],[707.0],[308.0],[250.0],[145.0],[632.0],[197.0],[82.0],[850.0],[483.0],[646.0],[748.0],[192.0],[609.0],[82.0],[404.0],[297.0],[41.0],[34.0],[632.0]
579,[403.0],[257.0],[257.0],[663.0],[130.0],[102.0],[663.0],[130.0],[257.0],[66.0],[605.0],[61.0],[214.0],[34.0],[551.0],[100.0],[25.0],[82.0],[297.0],[403.0],[444.0],[444.0],[192.0],[25.0],[66.0],[609.0],[867.0],[945.0],[654.0],[41.0],[216.0],[748.0],[216.0],[374.0],[646.0],[82.0],[25.0],[82.0],[444.0],[912.0],[609.0],[732.0],[792.0],[26.0],[732.0],[257.0],[51.0],[34.0],[718.0],[387.0],[649.0],[404.0],[308.0],[297.0],[568.0],[34.0],[130.0],[250.0],[850.0],[66.0],[649.0],[945.0],[425.0],[985.0],[833.0],[100.0],[551.0],[102.0],[100.0],[654.0],[82.0],[649.0],[257.0],[41.0],[732.0],[748.0],[209.0],[748.0],[306.0],[945.0],[942.0],[551.0],[483.0],[82.0],[431.0],[816.0],[403.0],[374.0],[425.0],[444.0],[306.0],[374.0],[387.0],[833.0],[732.0],[649.0],[748.0],[605.0],[107.0],[816.0]
580,[605.0],[297.0],[216.0],[475.0],[192.0],[216.0],[475.0],[192.0],[297.0],[444.0],[257.0],[34.0],[836.0],[839.0],[66.0],[257.0],[308.0],[374.0],[250.0],[398.0],[483.0],[646.0],[609.0],[718.0],[444.0],[26.0],[747.0],[732.0],[63.0],[748.0],[100.0],[250.0],[850.0],[66.0],[339.0],[850.0],[551.0],[609.0],[663.0],[850.0],[297.0],[568.0],[73.0],[102.0],[530.0],[605.0],[53.0],[646.0],[374.0],[83.0],[130.0],[649.0],[483.0],[609.0],[41.0],[839.0],[192.0],[216.0],[530.0],[444.0],[130.0],[25.0],[707.0],[836.0],[100.0],[41.0],[25.0],[945.0],[257.0],[63.0],[216.0],[130.0],[605.0],[100.0],[250.0],[26.0],[447.0],[250.0],[209.0],[25.0],[192.0],[82.0],[530.0],[483.0],[977.0],[197.0],[649.0],[850.0],[25.0],[638.0],[339.0],[732.0],[404.0],[100.0],[568.0],[130.0],[551.0],[216.0],[644.0],[197.0]
581,[649.0],[748.0],[297.0],[912.0],[83.0],[945.0],[107.0],[404.0],[748.0],[654.0],[297.0],[306.0],[51.0],[646.0],[444.0],[297.0],[718.0],[850.0],[82.0],[649.0],[638.0],[339.0],[83.0],[707.0],[34.0],[530.0],[632.0],[568.0],[839.0],[250.0],[257.0],[82.0],[530.0],[732.0],[347.0],[605.0],[912.0],[530.0],[475.0],[425.0],[748.0],[41.0],[649.0],[945.0],[425.0],[216.0],[808.0],[339.0],[66.0],[404.0],[192.0],[747.0],[945.0],[748.0],[605.0],[646.0],[83.0],[82.0],[216.0],[663.0],[639.0],[935.0],[945.0],[659.0],[747.0],[257.0],[912.0],[707.0],[639.0],[308.0],[850.0],[192.0],[216.0],[257.0],[82.0],[250.0],[303.0],[374.0],[646.0],[718.0],[85.0],[850.0],[425.0],[850.0],[626.0],[403.0],[130.0],[732.0],[718.0],[707.0],[209.0],[250.0],[747.0],[257.0],[850.0],[747.0],[912.0],[82.0],[646.0],[917.0]
582,[216.0],[250.0],[609.0],[107.0],[404.0],[609.0],[63.0],[83.0],[605.0],[663.0],[748.0],[209.0],[659.0],[497.0],[912.0],[748.0],[66.0],[530.0],[850.0],[130.0],[663.0],[347.0],[26.0],[66.0],[646.0],[398.0],[816.0],[41.0],[308.0],[82.0],[297.0],[912.0],[425.0],[444.0],[935.0],[530.0],[374.0],[425.0],[568.0],[102.0],[26.0],[605.0],[130.0],[25.0],[568.0],[297.0],[78.0],[347.0],[444.0],[833.0],[83.0],[130.0],[638.0],[250.0],[530.0],[497.0],[833.0],[609.0],[609.0],[475.0],[387.0],[718.0],[25.0],[53.0],[257.0],[297.0],[374.0],[25.0],[297.0],[483.0],[26.0],[600.0],[609.0],[605.0],[568.0],[82.0],[51.0],[82.0],[339.0],[66.0],[667.0],[912.0],[102.0],[425.0],[182.0],[649.0],[83.0],[568.0],[66.0],[551.0],[347.0],[82.0],[83.0],[26.0],[41.0],[192.0],[250.0],[850.0],[839.0],[403.0]
583,[130.0],[639.0],[748.0],[644.0],[833.0],[25.0],[308.0],[833.0],[216.0],[475.0],[250.0],[646.0],[53.0],[339.0],[663.0],[216.0],[444.0],[425.0],[530.0],[192.0],[707.0],[935.0],[398.0],[551.0],[663.0],[425.0],[600.0],[25.0],[497.0],[216.0],[748.0],[732.0],[609.0],[663.0],[839.0],[216.0],[732.0],[102.0],[107.0],[945.0],[398.0],[216.0],[192.0],[718.0],[102.0],[748.0],[920.0],[107.0],[732.0],[100.0],[833.0],[600.0],[25.0],[82.0],[216.0],[61.0],[100.0],[850.0],[102.0],[107.0],[192.0],[654.0],[718.0],[808.0],[600.0],[605.0],[732.0],[551.0],[748.0],[638.0],[530.0],[792.0],[297.0],[748.0],[850.0],[398.0],[78.0],[850.0],[347.0],[551.0],[88.0],[530.0],[945.0],[102.0],[264.0],[398.0],[747.0],[530.0],[483.0],[663.0],[447.0],[850.0],[600.0],[398.0],[605.0],[600.0],[82.0],[102.0],[497.0],[639.0]
584,[83.0],[387.0],[82.0],[839.0],[100.0],[718.0],[644.0],[100.0],[250.0],[63.0],[216.0],[447.0],[808.0],[61.0],[475.0],[250.0],[663.0],[732.0],[41.0],[83.0],[551.0],[663.0],[917.0],[444.0],[339.0],[102.0],[792.0],[718.0],[61.0],[850.0],[609.0],[850.0],[26.0],[475.0],[654.0],[425.0],[718.0],[26.0],[644.0],[374.0],[917.0],[663.0],[942.0],[398.0],[41.0],[250.0],[7.0],[644.0],[568.0],[257.0],[667.0],[792.0],[718.0],[398.0],[425.0],[339.0],[257.0],[26.0],[26.0],[483.0],[404.0],[66.0],[66.0],[51.0],[297.0],[748.0],[718.0],[718.0],[250.0],[475.0],[425.0],[83.0],[26.0],[216.0],[605.0],[850.0],[214.0],[732.0],[935.0],[444.0],[280.0],[374.0],[25.0],[638.0],[471.0],[917.0],[600.0],[425.0],[444.0],[475.0],[303.0],[530.0],[792.0],[297.0],[530.0],[792.0],[850.0],[945.0],[339.0],[387.0]
585,[833.0],[404.0],[26.0],[497.0],[747.0],[26.0],[839.0],[747.0],[609.0],[107.0],[609.0],[303.0],[7.0],[347.0],[644.0],[82.0],[475.0],[102.0],[605.0],[833.0],[912.0],[475.0],[639.0],[663.0],[347.0],[945.0],[197.0],[605.0],[306.0],[530.0],[250.0],[568.0],[102.0],[107.0],[63.0],[609.0],[66.0],[945.0],[839.0],[732.0],[250.0],[475.0],[83.0],[66.0],[216.0],[82.0],[681.0],[839.0],[663.0],[297.0],[100.0],[192.0],[707.0],[850.0],[102.0],[347.0],[792.0],[530.0],[945.0],[638.0],[83.0],[444.0],[444.0],[78.0],[748.0],[216.0],[568.0],[912.0],[387.0],[107.0],[398.0],[833.0],[398.0],[82.0],[216.0],[917.0],[836.0],[530.0],[654.0],[475.0],[898.0],[732.0],[638.0],[945.0],[624.0],[639.0],[100.0],[102.0],[663.0],[912.0],[214.0],[568.0],[833.0],[917.0],[425.0],[83.0],[374.0],[25.0],[61.0],[649.0]
586,[100.0],[747.0],[917.0],[61.0],[600.0],[398.0],[483.0],[257.0],[26.0],[644.0],[82.0],[214.0],[78.0],[306.0],[839.0],[850.0],[483.0],[945.0],[216.0],[917.0],[475.0],[654.0],[387.0],[912.0],[475.0],[25.0],[73.0],[216.0],[209.0],[425.0],[26.0],[425.0],[945.0],[644.0],[308.0],[26.0],[568.0],[398.0],[497.0],[25.0],[82.0],[609.0],[85.0],[917.0],[609.0],[609.0],[474.0],[497.0],[475.0],[748.0],[257.0],[73.0],[66.0],[917.0],[945.0],[306.0],[73.0],[425.0],[398.0],[707.0],[833.0],[63.0],[551.0],[920.0],[792.0],[609.0],[41.0],[374.0],[82.0],[707.0],[917.0],[100.0],[748.0],[609.0],[530.0],[425.0],[681.0],[425.0],[63.0],[107.0],[83.0],[568.0],[718.0],[25.0],[867.0],[387.0],[792.0],[41.0],[638.0],[374.0],[935.0],[41.0],[100.0],[748.0],[102.0],[73.0],[732.0],[718.0],[347.0],[404.0]
587,[257.0],[82.0],[850.0],[374.0],[257.0],[66.0],[638.0],[297.0],[82.0],[308.0],[850.0],[347.0],[681.0],[209.0],[497.0],[530.0],[107.0],[25.0],[425.0],[100.0],[374.0],[63.0],[833.0],[374.0],[107.0],[917.0],[403.0],[66.0],[447.0],[102.0],[398.0],[102.0],[25.0],[839.0],[483.0],[102.0],[444.0],[25.0],[61.0],[718.0],[639.0],[26.0],[833.0],[639.0],[945.0],[26.0],[894.0],[61.0],[107.0],[747.0],[297.0],[83.0],[444.0],[530.0],[609.0],[209.0],[297.0],[398.0],[25.0],[644.0],[100.0],[483.0],[663.0],[7.0],[73.0],[26.0],[66.0],[66.0],[404.0],[644.0],[102.0],[73.0],[917.0],[850.0],[425.0],[102.0],[474.0],[102.0],[308.0],[644.0],[833.0],[425.0],[66.0],[707.0],[31.0],[404.0],[257.0],[605.0],[475.0],[568.0],[659.0],[425.0],[257.0],[639.0],[945.0],[942.0],[568.0],[609.0],[306.0],[130.0]
588,[297.0],[850.0],[530.0],[306.0],[792.0],[917.0],[707.0],[748.0],[398.0],[483.0],[425.0],[935.0],[894.0],[935.0],[61.0],[425.0],[638.0],[568.0],[102.0],[639.0],[107.0],[308.0],[100.0],[475.0],[644.0],[718.0],[649.0],[444.0],[303.0],[25.0],[82.0],[41.0],[718.0],[568.0],[638.0],[945.0],[605.0],[917.0],[41.0],[66.0],[387.0],[107.0],[100.0],[444.0],[25.0],[850.0],[973.0],[935.0],[644.0],[250.0],[88.0],[833.0],[475.0],[425.0],[25.0],[447.0],[748.0],[917.0],[718.0],[839.0],[297.0],[663.0],[475.0],[973.0],[942.0],[250.0],[444.0],[732.0],[747.0],[551.0],[945.0],[942.0],[250.0],[26.0],[102.0],[945.0],[659.0],[945.0],[483.0],[912.0],[100.0],[41.0],[707.0],[551.0],[14.0],[747.0],[297.0],[945.0],[707.0],[107.0],[53.0],[102.0],[73.0],[250.0],[25.0],[833.0],[530.0],[66.0],[935.0],[747.0]
589,[748.0],[530.0],[639.0],[209.0],[297.0],[444.0],[497.0],[250.0],[917.0],[638.0],[102.0],[654.0],[474.0],[63.0],[306.0],[102.0],[644.0],[41.0],[945.0],[257.0],[644.0],[107.0],[257.0],[107.0],[839.0],[66.0],[942.0],[663.0],[214.0],[718.0],[917.0],[945.0],[66.0],[41.0],[497.0],[398.0],[663.0],[639.0],[306.0],[444.0],[404.0],[398.0],[667.0],[663.0],[26.0],[398.0],[634.0],[306.0],[839.0],[82.0],[748.0],[100.0],[551.0],[102.0],[718.0],[303.0],[942.0],[102.0],[66.0],[551.0],[747.0],[475.0],[912.0],[34.0],[85.0],[82.0],[663.0],[568.0],[850.0],[839.0],[25.0],[257.0],[82.0],[530.0],[609.0],[25.0],[53.0],[568.0],[447.0],[374.0],[297.0],[216.0],[444.0],[718.0],[509.0],[192.0],[73.0],[216.0],[551.0],[644.0],[808.0],[605.0],[297.0],[387.0],[718.0],[100.0],[41.0],[444.0],[654.0],[600.0]
590,[250.0],[425.0],[387.0],[447.0],[748.0],[639.0],[61.0],[600.0],[639.0],[707.0],[26.0],[836.0],[634.0],[308.0],[209.0],[945.0],[707.0],[718.0],[25.0],[387.0],[732.0],[483.0],[404.0],[839.0],[497.0],[444.0],[130.0],[609.0],[483.0],[66.0],[850.0],[25.0],[444.0],[497.0],[61.0],[718.0],[475.0],[718.0],[605.0],[663.0],[850.0],[917.0],[257.0],[475.0],[66.0],[530.0],[646.0],[654.0],[497.0],[600.0],[250.0],[257.0],[912.0],[945.0],[26.0],[935.0],[250.0],[945.0],[917.0],[497.0],[600.0],[638.0],[107.0],[894.0],[250.0],[398.0],[107.0],[444.0],[530.0],[912.0],[639.0],[297.0],[639.0],[398.0],[945.0],[718.0],[808.0],[41.0],[303.0],[839.0],[952.0],[102.0],[663.0],[912.0],[816.0],[83.0],[942.0],[25.0],[107.0],[41.0],[920.0],[945.0],[748.0],[82.0],[66.0],[85.0],[425.0],[663.0],[209.0],[792.0]
591,[82.0],[600.0],[425.0],[732.0],[250.0],[387.0],[551.0],[792.0],[850.0],[839.0],[945.0],[659.0],[973.0],[447.0],[374.0],[609.0],[839.0],[66.0],[609.0],[404.0],[839.0],[638.0],[297.0],[497.0],[61.0],[639.0],[192.0],[475.0],[638.0],[609.0],[530.0],[718.0],[663.0],[605.0],[306.0],[917.0],[216.0],[66.0],[209.0],[107.0],[747.0],[639.0],[748.0],[107.0],[444.0],[425.0],[339.0],[209.0],[41.0],[850.0],[82.0],[297.0],[107.0],[25.0],[66.0],[214.0],[82.0],[639.0],[639.0],[912.0],[792.0],[707.0],[374.0],[634.0],[667.0],[917.0],[605.0],[663.0],[425.0],[374.0],[387.0],[748.0],[850.0],[425.0],[26.0],[639.0],[973.0],[605.0],[214.0],[732.0],[748.0],[609.0],[551.0],[66.0],[980.0],[833.0],[748.0],[26.0],[912.0],[605.0],[7.0],[25.0],[250.0],[404.0],[444.0],[257.0],[605.0],[26.0],[63.0],[192.0]
592,[609.0],[102.0],[102.0],[568.0],[73.0],[663.0],[209.0],[82.0],[387.0],[551.0],[25.0],[63.0],[79.0],[483.0],[447.0],[25.0],[551.0],[444.0],[718.0],[747.0],[568.0],[644.0],[748.0],[61.0],[654.0],[387.0],[83.0],[107.0],[836.0],[444.0],[639.0],[66.0],[475.0],[216.0],[707.0],[66.0],[107.0],[444.0],[447.0],[568.0],[530.0],[644.0],[250.0],[644.0],[398.0],[917.0],[79.0],[63.0],[61.0],[530.0],[280.0],[748.0],[374.0],[718.0],[444.0],[654.0],[667.0],[387.0],[444.0],[374.0],[73.0],[107.0],[644.0],[79.0],[88.0],[850.0],[216.0],[475.0],[600.0],[732.0],[404.0],[82.0],[530.0],[102.0],[398.0],[66.0],[34.0],[25.0],[836.0],[568.0],[431.0],[26.0],[912.0],[374.0],[197.0],[600.0],[82.0],[718.0],[644.0],[216.0],[894.0],[718.0],[82.0],[850.0],[663.0],[297.0],[102.0],[475.0],[308.0],[942.0]
593,[850.0],[792.0],[945.0],[41.0],[82.0],[404.0],[303.0],[73.0],[747.0],[497.0],[917.0],[308.0],[34.0],[303.0],[303.0],[26.0],[912.0],[663.0],[66.0],[297.0],[605.0],[707.0],[747.0],[732.0],[306.0],[663.0],[85.0],[644.0],[659.0],[26.0],[425.0],[444.0],[398.0],[61.0],[551.0],[639.0],[644.0],[387.0],[216.0],[644.0],[425.0],[839.0],[88.0],[387.0],[917.0],[102.0],[347.0],[447.0],[605.0],[792.0],[850.0],[250.0],[644.0],[66.0],[663.0],[63.0],[88.0],[25.0],[387.0],[732.0],[748.0],[551.0],[839.0],[646.0],[280.0],[530.0],[609.0],[41.0],[102.0],[497.0],[718.0],[850.0],[425.0],[945.0],[917.0],[444.0],[920.0],[718.0],[638.0],[497.0],[250.0],[945.0],[374.0],[732.0],[403.0],[100.0],[530.0],[66.0],[374.0],[609.0],[654.0],[66.0],[850.0],[530.0],[475.0],[748.0],[945.0],[398.0],[447.0],[85.0]
594,[26.0],[945.0],[25.0],[303.0],[850.0],[475.0],[836.0],[942.0],[530.0],[61.0],[639.0],[53.0],[494.0],[638.0],[214.0],[398.0],[374.0],[475.0],[26.0],[600.0],[216.0],[551.0],[250.0],[306.0],[209.0],[475.0],[833.0],[26.0],[53.0],[663.0],[102.0],[663.0],[917.0],[609.0],[912.0],[444.0],[609.0],[663.0],[303.0],[839.0],[600.0],[497.0],[82.0],[747.0],[663.0],[639.0],[654.0],[303.0],[216.0],[73.0],[898.0],[82.0],[839.0],[639.0],[398.0],[836.0],[280.0],[404.0],[404.0],[568.0],[942.0],[912.0],[497.0],[494.0],[82.0],[639.0],[644.0],[605.0],[792.0],[568.0],[66.0],[530.0],[102.0],[917.0],[639.0],[663.0],[646.0],[216.0],[659.0],[61.0],[82.0],[25.0],[475.0],[444.0],[649.0],[792.0],[85.0],[398.0],[497.0],[839.0],[634.0],[216.0],[942.0],[747.0],[107.0],[667.0],[216.0],[917.0],[483.0],[667.0]
595,[530.0],[73.0],[718.0],[214.0],[942.0],[644.0],[912.0],[85.0],[600.0],[306.0],[718.0],[808.0],[646.0],[707.0],[836.0],[917.0],[497.0],[107.0],[398.0],[748.0],[497.0],[839.0],[82.0],[568.0],[63.0],[404.0],[667.0],[839.0],[808.0],[475.0],[387.0],[605.0],[107.0],[26.0],[374.0],[387.0],[839.0],[475.0],[609.0],[497.0],[945.0],[61.0],[850.0],[839.0],[639.0],[945.0],[63.0],[214.0],[306.0],[942.0],[530.0],[942.0],[732.0],[387.0],[475.0],[308.0],[898.0],[747.0],[747.0],[61.0],[250.0],[644.0],[732.0],[555.0],[850.0],[425.0],[26.0],[216.0],[945.0],[41.0],[747.0],[425.0],[387.0],[639.0],[25.0],[107.0],[7.0],[609.0],[707.0],[306.0],[850.0],[398.0],[732.0],[663.0],[393.0],[73.0],[425.0],[917.0],[306.0],[497.0],[79.0],[609.0],[530.0],[425.0],[216.0],[250.0],[25.0],[639.0],[638.0],[83.0]
596,[398.0],[25.0],[66.0],[836.0],[530.0],[839.0],[659.0],[850.0],[792.0],[209.0],[387.0],[920.0],[555.0],[551.0],[659.0],[639.0],[61.0],[644.0],[917.0],[250.0],[61.0],[497.0],[600.0],[41.0],[447.0],[107.0],[100.0],[917.0],[707.0],[107.0],[404.0],[475.0],[644.0],[306.0],[732.0],[404.0],[497.0],[107.0],[214.0],[61.0],[25.0],[306.0],[280.0],[497.0],[387.0],[25.0],[308.0],[836.0],[609.0],[85.0],[952.0],[850.0],[568.0],[444.0],[107.0],[659.0],[850.0],[718.0],[600.0],[41.0],[82.0],[374.0],[61.0],[339.0],[530.0],[102.0],[839.0],[107.0],[25.0],[61.0],[663.0],[102.0],[945.0],[387.0],[387.0],[387.0],[894.0],[66.0],[53.0],[41.0],[264.0],[718.0],[107.0],[568.0],[130.0],[942.0],[667.0],[639.0],[209.0],[61.0],[494.0],[444.0],[425.0],[102.0],[644.0],[82.0],[26.0],[107.0],[303.0],[833.0]
597,[425.0],[718.0],[404.0],[53.0],[85.0],[497.0],[374.0],[667.0],[425.0],[912.0],[66.0],[483.0],[988.0],[214.0],[53.0],[718.0],[306.0],[839.0],[639.0],[82.0],[609.0],[912.0],[850.0],[209.0],[308.0],[644.0],[257.0],[639.0],[920.0],[644.0],[945.0],[216.0],[639.0],[398.0],[568.0],[747.0],[61.0],[644.0],[836.0],[41.0],[792.0],[209.0],[898.0],[61.0],[475.0],[387.0],[638.0],[53.0],[26.0],[667.0],[431.0],[530.0],[497.0],[404.0],[917.0],[53.0],[952.0],[600.0],[475.0],[216.0],[85.0],[732.0],[209.0],[988.0],[952.0],[387.0],[497.0],[644.0],[718.0],[306.0],[600.0],[945.0],[404.0],[718.0],[404.0],[644.0],[634.0],[26.0],[551.0],[605.0],[530.0],[917.0],[644.0],[41.0],[80.0],[257.0],[102.0],[444.0],[447.0],[306.0],[555.0],[26.0],[85.0],[600.0],[839.0],[850.0],[398.0],[644.0],[214.0],[100.0]
598,[917.0],[942.0],[747.0],[808.0],[667.0],[747.0],[53.0],[530.0],[945.0],[374.0],[444.0],[638.0],[751.0],[912.0],[732.0],[747.0],[732.0],[497.0],[444.0],[850.0],[26.0],[374.0],[792.0],[447.0],[483.0],[747.0],[297.0],[497.0],[7.0],[839.0],[25.0],[107.0],[839.0],[209.0],[41.0],[475.0],[306.0],[404.0],[659.0],[605.0],[718.0],[447.0],[530.0],[600.0],[107.0],[718.0],[707.0],[308.0],[398.0],[425.0],[425.0],[85.0],[41.0],[747.0],[639.0],[483.0],[431.0],[792.0],[107.0],[609.0],[850.0],[568.0],[447.0],[751.0],[425.0],[747.0],[61.0],[609.0],[73.0],[209.0],[475.0],[25.0],[747.0],[66.0],[718.0],[404.0],[339.0],[444.0],[808.0],[209.0],[425.0],[66.0],[839.0],[605.0],[283.0],[748.0],[88.0],[387.0],[303.0],[26.0],[63.0],[917.0],[667.0],[25.0],[497.0],[530.0],[718.0],[387.0],[836.0],[257.0]
599,[639.0],[85.0],[600.0],[920.0],[425.0],[61.0],[808.0],[425.0],[25.0],[732.0],[404.0],[7.0],[339.0],[374.0],[568.0],[600.0],[568.0],[605.0],[663.0],[530.0],[306.0],[568.0],[530.0],[303.0],[303.0],[839.0],[748.0],[387.0],[551.0],[497.0],[747.0],[609.0],[497.0],[917.0],[605.0],[107.0],[209.0],[839.0],[26.0],[216.0],[73.0],[303.0],[425.0],[306.0],[404.0],[66.0],[494.0],[483.0],[917.0],[102.0],[102.0],[667.0],[61.0],[663.0],[644.0],[638.0],[425.0],[66.0],[792.0],[306.0],[530.0],[41.0],[568.0],[511.0],[102.0],[945.0],[306.0],[26.0],[66.0],[447.0],[644.0],[718.0],[25.0],[404.0],[66.0],[747.0],[347.0],[663.0],[912.0],[447.0],[102.0],[639.0],[497.0],[475.0],[192.0],[250.0],[945.0],[663.0],[732.0],[209.0],[308.0],[663.0],[102.0],[718.0],[61.0],[425.0],[917.0],[404.0],[659.0],[297.0]
600,[387.0],[66.0],[792.0],[605.0],[88.0],[306.0],[920.0],[945.0],[73.0],[568.0],[663.0],[707.0],[347.0],[732.0],[41.0],[66.0],[41.0],[61.0],[107.0],[102.0],[398.0],[61.0],[425.0],[605.0],[638.0],[497.0],[88.0],[61.0],[894.0],[61.0],[600.0],[26.0],[61.0],[447.0],[216.0],[600.0],[447.0],[747.0],[398.0],[306.0],[66.0],[214.0],[102.0],[792.0],[747.0],[444.0],[555.0],[808.0],[639.0],[88.0],[264.0],[425.0],[605.0],[475.0],[387.0],[808.0],[264.0],[942.0],[73.0],[209.0],[425.0],[216.0],[41.0],[347.0],[945.0],[25.0],[209.0],[398.0],[444.0],[303.0],[839.0],[66.0],[600.0],[747.0],[444.0],[600.0],[79.0],[475.0],[920.0],[303.0],[945.0],[444.0],[61.0],[107.0],[493.0],[85.0],[25.0],[404.0],[214.0],[447.0],[988.0],[475.0],[945.0],[792.0],[609.0],[102.0],[444.0],[839.0],[707.0],[88.0]
601,[102.0],[444.0],[73.0],[7.0],[102.0],[209.0],[7.0],[88.0],[718.0],[41.0],[475.0],[894.0],[511.0],[659.0],[808.0],[444.0],[605.0],[216.0],[644.0],[945.0],[209.0],[41.0],[102.0],[216.0],[707.0],[600.0],[280.0],[404.0],[634.0],[306.0],[792.0],[644.0],[306.0],[303.0],[209.0],[644.0],[26.0],[497.0],[53.0],[609.0],[444.0],[836.0],[952.0],[73.0],[600.0],[747.0],[988.0],[638.0],[209.0],[945.0],[945.0],[102.0],[216.0],[600.0],[839.0],[920.0],[624.0],[444.0],[644.0],[447.0],[667.0],[839.0],[303.0],[315.0],[25.0],[600.0],[398.0],[839.0],[663.0],[214.0],[497.0],[444.0],[718.0],[600.0],[663.0],[839.0],[494.0],[107.0],[7.0],[214.0],[624.0],[663.0],[306.0],[644.0],[83.0],[82.0],[280.0],[475.0],[836.0],[303.0],[751.0],[107.0],[25.0],[66.0],[306.0],[88.0],[663.0],[497.0],[53.0],[748.0]
602,[404.0],[663.0],[942.0],[894.0],[280.0],[447.0],[894.0],[25.0],[66.0],[605.0],[747.0],[634.0],[315.0],[568.0],[920.0],[663.0],[209.0],[609.0],[839.0],[25.0],[447.0],[605.0],[945.0],[214.0],[214.0],[792.0],[250.0],[306.0],[79.0],[209.0],[718.0],[839.0],[209.0],[214.0],[609.0],[792.0],[398.0],[61.0],[808.0],[209.0],[663.0],[387.0],[431.0],[209.0],[644.0],[663.0],[551.0],[707.0],[447.0],[280.0],[25.0],[945.0],[209.0],[792.0],[497.0],[7.0],[14.0],[85.0],[839.0],[398.0],[102.0],[497.0],[214.0],[935.0],[431.0],[718.0],[447.0],[917.0],[475.0],[836.0],[61.0],[663.0],[792.0],[444.0],[475.0],[792.0],[935.0],[644.0],[374.0],[836.0],[25.0],[387.0],[209.0],[216.0],[833.0],[667.0],[718.0],[747.0],[568.0],[214.0],[511.0],[644.0],[280.0],[73.0],[209.0],[945.0],[475.0],[61.0],[912.0],[280.0]
603,[747.0],[475.0],[663.0],[216.0],[898.0],[303.0],[634.0],[718.0],[942.0],[447.0],[107.0],[551.0],[935.0],[53.0],[7.0],[792.0],[216.0],[306.0],[387.0],[792.0],[303.0],[306.0],[85.0],[836.0],[836.0],[61.0],[850.0],[447.0],[494.0],[398.0],[66.0],[497.0],[387.0],[639.0],[398.0],[839.0],[917.0],[306.0],[920.0],[447.0],[942.0],[659.0],[945.0],[942.0],[792.0],[475.0],[912.0],[920.0],[387.0],[25.0],[624.0],[88.0],[447.0],[73.0],[61.0],[707.0],[102.0],[663.0],[942.0],[303.0],[945.0],[61.0],[605.0],[654.0],[718.0],[792.0],[303.0],[497.0],[942.0],[659.0],[792.0],[85.0],[66.0],[663.0],[107.0],[73.0],[63.0],[839.0],[894.0],[659.0],[718.0],[475.0],[568.0],[839.0],[533.0],[850.0],[66.0],[600.0],[659.0],[836.0],[483.0],[639.0],[898.0],[942.0],[26.0],[280.0],[107.0],[747.0],[374.0],[250.0]
604,[600.0],[667.0],[85.0],[634.0],[952.0],[600.0],[79.0],[66.0],[444.0],[216.0],[600.0],[912.0],[582.0],[41.0],[894.0],[73.0],[447.0],[26.0],[497.0],[718.0],[917.0],[447.0],[25.0],[659.0],[659.0],[73.0],[898.0],[747.0],[912.0],[447.0],[444.0],[398.0],[404.0],[387.0],[447.0],[73.0],[303.0],[600.0],[917.0],[26.0],[85.0],[53.0],[25.0],[85.0],[839.0],[107.0],[374.0],[7.0],[303.0],[718.0],[14.0],[25.0],[303.0],[107.0],[306.0],[894.0],[509.0],[475.0],[497.0],[214.0],[88.0],[26.0],[216.0],[582.0],[264.0],[66.0],[214.0],[61.0],[667.0],[53.0],[73.0],[667.0],[73.0],[792.0],[747.0],[942.0],[308.0],[497.0],[634.0],[216.0],[66.0],[107.0],[41.0],[497.0],[100.0],[530.0],[444.0],[107.0],[53.0],[659.0],[315.0],[387.0],[952.0],[444.0],[447.0],[25.0],[639.0],[306.0],[808.0],[82.0]
605,[945.0],[88.0],[475.0],[79.0],[945.0],[792.0],[494.0],[280.0],[663.0],[609.0],[644.0],[732.0],[466.0],[605.0],[634.0],[475.0],[609.0],[398.0],[61.0],[73.0],[639.0],[216.0],[667.0],[609.0],[53.0],[942.0],[952.0],[600.0],[374.0],[303.0],[73.0],[61.0],[447.0],[404.0],[303.0],[497.0],[639.0],[209.0],[7.0],[303.0],[667.0],[808.0],[264.0],[447.0],[73.0],[644.0],[751.0],[551.0],[214.0],[898.0],[718.0],[280.0],[214.0],[644.0],[404.0],[634.0],[980.0],[107.0],[85.0],[836.0],[280.0],[209.0],[836.0],[288.0],[444.0],[73.0],[917.0],[639.0],[88.0],[808.0],[306.0],[88.0],[444.0],[73.0],[644.0],[497.0],[555.0],[306.0],[732.0],[609.0],[444.0],[644.0],[303.0],[609.0],[257.0],[425.0],[663.0],[644.0],[41.0],[53.0],[638.0],[839.0],[718.0],[663.0],[303.0],[718.0],[644.0],[600.0],[920.0],[850.0]
606,[25.0],[107.0],[107.0],[609.0],[431.0],[73.0],[732.0],[898.0],[475.0],[26.0],[839.0],[494.0],[288.0],[808.0],[79.0],[107.0],[26.0],[209.0],[306.0],[66.0],[214.0],[303.0],[718.0],[398.0],[808.0],[306.0],[530.0],[303.0],[555.0],[917.0],[942.0],[306.0],[303.0],[836.0],[917.0],[942.0],[214.0],[792.0],[639.0],[398.0],[88.0],[920.0],[718.0],[667.0],[942.0],[839.0],[511.0],[912.0],[404.0],[66.0],[66.0],[898.0],[609.0],[942.0],[209.0],[79.0],[945.0],[644.0],[667.0],[659.0],[898.0],[398.0],[659.0],[229.0],[475.0],[444.0],[639.0],[387.0],[107.0],[605.0],[209.0],[475.0],[663.0],[475.0],[839.0],[85.0],[483.0],[209.0],[79.0],[53.0],[509.0],[839.0],[605.0],[26.0],[297.0],[88.0],[898.0],[792.0],[808.0],[808.0],[582.0],[404.0],[66.0],[475.0],[214.0],[898.0],[839.0],[209.0],[7.0],[530.0]
607,[718.0],[644.0],[644.0],[494.0],[25.0],[85.0],[568.0],[444.0],[85.0],[398.0],[792.0],[568.0],[229.0],[920.0],[605.0],[644.0],[398.0],[447.0],[209.0],[942.0],[836.0],[214.0],[88.0],[917.0],[920.0],[85.0],[425.0],[792.0],[988.0],[214.0],[475.0],[447.0],[214.0],[747.0],[639.0],[61.0],[836.0],[73.0],[387.0],[917.0],[475.0],[7.0],[624.0],[303.0],[497.0],[497.0],[732.0],[374.0],[836.0],[444.0],[444.0],[718.0],[26.0],[839.0],[747.0],[494.0],[393.0],[497.0],[61.0],[53.0],[25.0],[447.0],[609.0],[63.0],[107.0],[663.0],[836.0],[306.0],[644.0],[216.0],[447.0],[107.0],[942.0],[644.0],[600.0],[61.0],[988.0],[398.0],[568.0],[808.0],[663.0],[404.0],[214.0],[398.0],[951.0],[102.0],[475.0],[73.0],[605.0],[398.0],[466.0],[497.0],[431.0],[107.0],[836.0],[952.0],[387.0],[447.0],[894.0],[425.0]
608,[66.0],[839.0],[667.0],[555.0],[264.0],[667.0],[41.0],[952.0],[667.0],[917.0],[497.0],[555.0],[654.0],[7.0],[216.0],[839.0],[303.0],[917.0],[404.0],[444.0],[387.0],[836.0],[280.0],[53.0],[551.0],[209.0],[102.0],[214.0],[751.0],[639.0],[85.0],[303.0],[747.0],[600.0],[214.0],[85.0],[387.0],[447.0],[894.0],[214.0],[107.0],[894.0],[14.0],[214.0],[61.0],[61.0],[568.0],[894.0],[659.0],[952.0],[663.0],[952.0],[836.0],[497.0],[447.0],[555.0],[25.0],[61.0],[306.0],[808.0],[718.0],[303.0],[53.0],[492.0],[644.0],[475.0],[659.0],[209.0],[280.0],[920.0],[303.0],[644.0],[85.0],[942.0],[792.0],[667.0],[638.0],[447.0],[605.0],[920.0],[475.0],[497.0],[836.0],[639.0],[748.0],[25.0],[107.0],[839.0],[920.0],[917.0],[288.0],[747.0],[264.0],[644.0],[659.0],[431.0],[497.0],[792.0],[634.0],[102.0]
609,[444.0],[497.0],[839.0],[26.0],[718.0],[214.0],[555.0],[663.0],[280.0],[639.0],[73.0],[41.0],[492.0],[216.0],[494.0],[497.0],[917.0],[303.0],[747.0],[85.0],[659.0],[609.0],[66.0],[808.0],[894.0],[447.0],[945.0],[73.0],[511.0],[836.0],[107.0],[214.0],[836.0],[659.0],[387.0],[667.0],[659.0],[942.0],[634.0],[836.0],[644.0],[404.0],[509.0],[836.0],[306.0],[306.0],[41.0],[732.0],[53.0],[663.0],[509.0],[431.0],[398.0],[85.0],[303.0],[551.0],[80.0],[209.0],[209.0],[920.0],[66.0],[917.0],[808.0],[483.0],[839.0],[107.0],[404.0],[447.0],[839.0],[7.0],[942.0],[839.0],[475.0],[839.0],[497.0],[306.0],[707.0],[303.0],[216.0],[7.0],[107.0],[61.0],[659.0],[387.0],[250.0],[718.0],[644.0],[942.0],[216.0],[7.0],[229.0],[61.0],[624.0],[839.0],[53.0],[264.0],[747.0],[303.0],[79.0],[945.0]
610,[792.0],[61.0],[497.0],[988.0],[66.0],[836.0],[988.0],[475.0],[107.0],[303.0],[61.0],[605.0],[635.0],[609.0],[555.0],[61.0],[639.0],[639.0],[600.0],[663.0],[53.0],[26.0],[898.0],[920.0],[79.0],[303.0],[431.0],[942.0],[315.0],[659.0],[644.0],[836.0],[659.0],[53.0],[747.0],[306.0],[53.0],[85.0],[79.0],[659.0],[839.0],[634.0],[980.0],[659.0],[209.0],[209.0],[605.0],[634.0],[747.0],[431.0],[475.0],[264.0],[659.0],[61.0],[214.0],[912.0],[718.0],[447.0],[447.0],[917.0],[952.0],[214.0],[920.0],[638.0],[624.0],[942.0],[53.0],[303.0],[497.0],[609.0],[85.0],[497.0],[667.0],[497.0],[61.0],[88.0],[751.0],[917.0],[494.0],[26.0],[980.0],[747.0],[53.0],[61.0],[82.0],[280.0],[952.0],[497.0],[7.0],[639.0],[707.0],[306.0],[444.0],[497.0],[808.0],[624.0],[600.0],[214.0],[494.0],[898.0]
611,[663.0],[306.0],[61.0],[751.0],[624.0],[659.0],[751.0],[107.0],[644.0],[214.0],[306.0],[988.0],[63.0],[398.0],[988.0],[306.0],[387.0],[836.0],[303.0],[475.0],[404.0],[398.0],[444.0],[7.0],[494.0],[836.0],[264.0],[836.0],[582.0],[53.0],[839.0],[917.0],[53.0],[808.0],[836.0],[209.0],[808.0],[667.0],[404.0],[53.0],[497.0],[79.0],[393.0],[88.0],[447.0],[447.0],[315.0],[568.0],[808.0],[264.0],[107.0],[66.0],[53.0],[667.0],[836.0],[751.0],[283.0],[303.0],[303.0],[639.0],[264.0],[639.0],[7.0],[635.0],[14.0],[644.0],[747.0],[214.0],[898.0],[894.0],[214.0],[280.0],[88.0],[61.0],[306.0],[209.0],[511.0],[214.0],[555.0],[894.0],[393.0],[306.0],[808.0],[404.0],[850.0],[898.0],[839.0],[61.0],[609.0],[387.0],[551.0],[209.0],[14.0],[61.0],[920.0],[66.0],[61.0],[836.0],[732.0],[25.0]
612,[475.0],[280.0],[88.0],[511.0],[444.0],[88.0],[605.0],[644.0],[839.0],[836.0],[209.0],[751.0],[414.0],[917.0],[751.0],[209.0],[214.0],[387.0],[214.0],[107.0],[808.0],[917.0],[663.0],[894.0],[988.0],[667.0],[25.0],[85.0],[466.0],[808.0],[497.0],[639.0],[808.0],[920.0],[659.0],[447.0],[920.0],[303.0],[747.0],[639.0],[61.0],[600.0],[80.0],[280.0],[303.0],[600.0],[216.0],[79.0],[920.0],[624.0],[644.0],[444.0],[7.0],[306.0],[659.0],[315.0],[66.0],[667.0],[88.0],[7.0],[624.0],[387.0],[894.0],[707.0],[497.0],[839.0],[808.0],[404.0],[952.0],[26.0],[667.0],[898.0],[280.0],[209.0],[209.0],[280.0],[315.0],[639.0],[988.0],[79.0],[644.0],[209.0],[920.0],[747.0],[530.0],[66.0],[497.0],[85.0],[26.0],[894.0],[635.0],[447.0],[509.0],[85.0],[398.0],[14.0],[792.0],[659.0],[555.0],[952.0]
613,[107.0],[209.0],[280.0],[315.0],[663.0],[53.0],[216.0],[431.0],[898.0],[404.0],[447.0],[216.0],[472.0],[639.0],[511.0],[942.0],[836.0],[659.0],[792.0],[667.0],[920.0],[659.0],[952.0],[634.0],[912.0],[88.0],[718.0],[659.0],[288.0],[920.0],[61.0],[659.0],[920.0],[792.0],[53.0],[303.0],[7.0],[214.0],[494.0],[808.0],[280.0],[494.0],[66.0],[53.0],[214.0],[303.0],[609.0],[41.0],[600.0],[475.0],[980.0],[663.0],[917.0],[88.0],[53.0],[374.0],[493.0],[88.0],[280.0],[387.0],[444.0],[836.0],[634.0],[551.0],[61.0],[85.0],[920.0],[747.0],[431.0],[634.0],[88.0],[61.0],[898.0],[447.0],[447.0],[447.0],[582.0],[387.0],[751.0],[494.0],[80.0],[447.0],[7.0],[306.0],[425.0],[444.0],[61.0],[667.0],[398.0],[404.0],[414.0],[303.0],[663.0],[306.0],[917.0],[444.0],[306.0],[53.0],[988.0],[718.0]
614,[644.0],[447.0],[306.0],[398.0],[475.0],[808.0],[511.0],[839.0],[497.0],[659.0],[303.0],[609.0],[308.0],[387.0],[609.0],[85.0],[659.0],[404.0],[73.0],[644.0],[7.0],[639.0],[475.0],[639.0],[374.0],[659.0],[66.0],[667.0],[229.0],[387.0],[306.0],[53.0],[600.0],[73.0],[600.0],[214.0],[894.0],[836.0],[600.0],[920.0],[898.0],[555.0],[663.0],[808.0],[836.0],[214.0],[26.0],[216.0],[792.0],[14.0],[839.0],[475.0],[894.0],[280.0],[600.0],[582.0],[444.0],[214.0],[214.0],[894.0],[14.0],[659.0],[79.0],[912.0],[306.0],[667.0],[600.0],[836.0],[61.0],[494.0],[836.0],[306.0],[107.0],[303.0],[303.0],[303.0],[551.0],[404.0],[511.0],[555.0],[283.0],[600.0],[894.0],[209.0],[102.0],[663.0],[431.0],[306.0],[894.0],[634.0],[912.0],[600.0],[475.0],[209.0],[7.0],[663.0],[209.0],[808.0],[605.0],[431.0]
615,[839.0],[303.0],[209.0],[917.0],[644.0],[280.0],[609.0],[497.0],[61.0],[53.0],[214.0],[26.0],[970.0],[404.0],[26.0],[447.0],[53.0],[53.0],[942.0],[839.0],[894.0],[53.0],[431.0],[79.0],[732.0],[53.0],[624.0],[53.0],[492.0],[404.0],[209.0],[387.0],[7.0],[942.0],[792.0],[836.0],[634.0],[88.0],[792.0],[387.0],[952.0],[988.0],[475.0],[898.0],[85.0],[836.0],[582.0],[494.0],[73.0],[509.0],[497.0],[107.0],[634.0],[209.0],[808.0],[466.0],[533.0],[280.0],[898.0],[404.0],[509.0],[404.0],[26.0],[374.0],[209.0],[497.0],[792.0],[600.0],[264.0],[555.0],[280.0],[209.0],[644.0],[85.0],[214.0],[214.0],[912.0],[836.0],[315.0],[988.0],[839.0],[792.0],[634.0],[447.0],[945.0],[475.0],[306.0],[209.0],[917.0],[79.0],[374.0],[214.0],[107.0],[667.0],[894.0],[509.0],[447.0],[920.0],[751.0],[66.0]
616,[497.0],[214.0],[898.0],[582.0],[509.0],[898.0],[315.0],[306.0],[952.0],[808.0],[659.0],[511.0],[483.0],[894.0],[315.0],[303.0],[808.0],[808.0],[85.0],[88.0],[747.0],[808.0],[107.0],[387.0],[568.0],[808.0],[14.0],[808.0],[635.0],[747.0],[447.0],[808.0],[73.0],[85.0],[73.0],[88.0],[79.0],[280.0],[555.0],[404.0],[431.0],[792.0],[107.0],[952.0],[659.0],[659.0],[466.0],[26.0],[7.0],[107.0],[61.0],[624.0],[639.0],[898.0],[792.0],[288.0],[663.0],[836.0],[836.0],[747.0],[663.0],[808.0],[398.0],[732.0],[447.0],[61.0],[7.0],[659.0],[624.0],[988.0],[659.0],[447.0],[839.0],[214.0],[942.0],[836.0],[466.0],[659.0],[609.0],[398.0],[497.0],[303.0],[79.0],[600.0],[25.0],[107.0],[264.0],[88.0],[634.0],[747.0],[732.0],[836.0],[980.0],[447.0],[634.0],[980.0],[303.0],[73.0],[511.0],[444.0]
617,[61.0],[898.0],[447.0],[466.0],[980.0],[952.0],[582.0],[209.0],[431.0],[920.0],[920.0],[398.0],[56.0],[634.0],[582.0],[214.0],[404.0],[920.0],[667.0],[280.0],[634.0],[920.0],[644.0],[404.0],[41.0],[280.0],[444.0],[920.0],[568.0],[600.0],[667.0],[404.0],[894.0],[667.0],[808.0],[659.0],[494.0],[659.0],[73.0],[7.0],[306.0],[73.0],[283.0],[920.0],[667.0],[53.0],[288.0],[639.0],[894.0],[980.0],[306.0],[644.0],[79.0],[952.0],[942.0],[229.0],[951.0],[659.0],[952.0],[600.0],[475.0],[920.0],[494.0],[568.0],[509.0],[88.0],[634.0],[53.0],[306.0],[398.0],[53.0],[303.0],[952.0],[836.0],[836.0],[898.0],[288.0],[747.0],[582.0],[751.0],[493.0],[73.0],[216.0],[792.0],[718.0],[644.0],[447.0],[280.0],[79.0],[494.0],[970.0],[792.0],[393.0],[303.0],[639.0],[393.0],[73.0],[7.0],[216.0],[663.0]
618,[73.0],[836.0],[303.0],[639.0],[393.0],[920.0],[466.0],[264.0],[264.0],[747.0],[942.0],[917.0],[261.0],[494.0],[398.0],[667.0],[920.0],[7.0],[88.0],[898.0],[600.0],[7.0],[497.0],[747.0],[605.0],[898.0],[663.0],[894.0],[414.0],[792.0],[88.0],[920.0],[942.0],[7.0],[942.0],[280.0],[747.0],[898.0],[988.0],[747.0],[264.0],[751.0],[493.0],[431.0],[88.0],[808.0],[398.0],[387.0],[85.0],[393.0],[209.0],[497.0],[387.0],[447.0],[85.0],[492.0],[475.0],[53.0],[431.0],[634.0],[107.0],[747.0],[555.0],[41.0],[303.0],[280.0],[73.0],[792.0],[14.0],[751.0],[898.0],[952.0],[497.0],[659.0],[659.0],[659.0],[374.0],[53.0],[466.0],[917.0],[61.0],[214.0],[609.0],[303.0],[66.0],[839.0],[303.0],[447.0],[555.0],[600.0],[568.0],[73.0],[644.0],[214.0],[79.0],[475.0],[942.0],[894.0],[609.0],[475.0]
619,[942.0],[659.0],[952.0],[229.0],[283.0],[431.0],[288.0],[624.0],[306.0],[7.0],[85.0],[387.0],[405.0],[747.0],[917.0],[836.0],[894.0],[894.0],[836.0],[952.0],[792.0],[387.0],[264.0],[494.0],[216.0],[920.0],[475.0],[634.0],[472.0],[7.0],[303.0],[7.0],[85.0],[894.0],[920.0],[53.0],[600.0],[53.0],[942.0],[600.0],[624.0],[942.0],[533.0],[7.0],[280.0],[792.0],[229.0],[404.0],[634.0],[80.0],[447.0],[61.0],[404.0],[303.0],[667.0],[635.0],[107.0],[808.0],[53.0],[79.0],[393.0],[600.0],[917.0],[605.0],[980.0],[306.0],[942.0],[808.0],[509.0],[917.0],[952.0],[214.0],[61.0],[53.0],[53.0],[53.0],[732.0],[808.0],[288.0],[639.0],[306.0],[942.0],[494.0],[836.0],[931.0],[952.0],[624.0],[898.0],[639.0],[792.0],[56.0],[659.0],[839.0],[836.0],[494.0],[107.0],[214.0],[634.0],[315.0],[264.0]
620,[306.0],[952.0],[214.0],[492.0],[839.0],[7.0],[26.0],[14.0],[209.0],[894.0],[667.0],[404.0],[966.0],[600.0],[466.0],[88.0],[747.0],[747.0],[659.0],[497.0],[79.0],[894.0],[61.0],[555.0],[609.0],[7.0],[509.0],[79.0],[41.0],[894.0],[280.0],[894.0],[634.0],[634.0],[85.0],[808.0],[555.0],[808.0],[751.0],[634.0],[14.0],[85.0],[839.0],[894.0],[53.0],[73.0],[492.0],[747.0],[79.0],[644.0],[393.0],[14.0],[747.0],[431.0],[88.0],[414.0],[931.0],[898.0],[624.0],[792.0],[644.0],[7.0],[988.0],[414.0],[214.0],[209.0],[79.0],[920.0],[209.0],[639.0],[808.0],[431.0],[306.0],[808.0],[85.0],[952.0],[229.0],[600.0],[26.0],[387.0],[209.0],[836.0],[26.0],[73.0],[444.0],[431.0],[14.0],[303.0],[387.0],[73.0],[261.0],[53.0],[80.0],[659.0],[555.0],[80.0],[85.0],[79.0],[582.0],[624.0]
621,[85.0],[53.0],[836.0],[387.0],[497.0],[894.0],[398.0],[447.0],[447.0],[634.0],[7.0],[315.0],[544.0],[555.0],[288.0],[280.0],[600.0],[634.0],[53.0],[61.0],[494.0],[634.0],[306.0],[988.0],[751.0],[894.0],[107.0],[494.0],[605.0],[634.0],[898.0],[634.0],[79.0],[88.0],[7.0],[898.0],[988.0],[952.0],[511.0],[79.0],[509.0],[511.0],[497.0],[634.0],[898.0],[7.0],[635.0],[555.0],[494.0],[839.0],[80.0],[509.0],[494.0],[264.0],[920.0],[472.0],[644.0],[920.0],[14.0],[73.0],[839.0],[894.0],[751.0],[472.0],[393.0],[898.0],[85.0],[7.0],[447.0],[387.0],[431.0],[836.0],[431.0],[920.0],[667.0],[808.0],[568.0],[792.0],[398.0],[404.0],[447.0],[659.0],[398.0],[659.0],[607.0],[497.0],[509.0],[952.0],[988.0],[555.0],[405.0],[808.0],[283.0],[53.0],[988.0],[493.0],[836.0],[942.0],[466.0],[14.0]
622,[667.0],[431.0],[659.0],[635.0],[61.0],[634.0],[229.0],[303.0],[624.0],[600.0],[894.0],[747.0],[578.0],[988.0],[639.0],[659.0],[792.0],[600.0],[280.0],[431.0],[73.0],[79.0],[209.0],[751.0],[511.0],[634.0],[980.0],[88.0],[970.0],[79.0],[214.0],[747.0],[667.0],[280.0],[894.0],[920.0],[751.0],[920.0],[315.0],[494.0],[209.0],[315.0],[951.0],[264.0],[952.0],[894.0],[414.0],[988.0],[555.0],[283.0],[283.0],[306.0],[555.0],[214.0],[7.0],[568.0],[839.0],[894.0],[808.0],[942.0],[497.0],[634.0],[639.0],[216.0],[80.0],[952.0],[494.0],[894.0],[303.0],[511.0],[264.0],[659.0],[209.0],[667.0],[808.0],[920.0],[492.0],[920.0],[229.0],[747.0],[303.0],[85.0],[917.0],[53.0],[663.0],[61.0],[214.0],[431.0],[751.0],[942.0],[41.0],[942.0],[497.0],[88.0],[387.0],[533.0],[667.0],[85.0],[288.0],[107.0]
623,[209.0],[808.0],[431.0],[414.0],[493.0],[79.0],[492.0],[509.0],[303.0],[79.0],[88.0],[582.0],[290.0],[792.0],[387.0],[53.0],[634.0],[79.0],[808.0],[306.0],[555.0],[494.0],[624.0],[600.0],[315.0],[952.0],[644.0],[555.0],[216.0],[494.0],[952.0],[600.0],[494.0],[79.0],[634.0],[952.0],[511.0],[431.0],[85.0],[555.0],[447.0],[667.0],[61.0],[79.0],[431.0],[942.0],[472.0],[751.0],[667.0],[497.0],[303.0],[209.0],[600.0],[836.0],[894.0],[970.0],[497.0],[634.0],[509.0],[667.0],[61.0],[79.0],[511.0],[970.0],[836.0],[447.0],[555.0],[73.0],[214.0],[315.0],[920.0],[264.0],[264.0],[7.0],[88.0],[431.0],[635.0],[7.0],[492.0],[600.0],[214.0],[53.0],[639.0],[942.0],[730.0],[306.0],[836.0],[264.0],[404.0],[988.0],[966.0],[920.0],[61.0],[808.0],[751.0],[644.0],[88.0],[494.0],[492.0],[644.0]
624,[88.0],[264.0],[264.0],[970.0],[306.0],[264.0],[635.0],[214.0],[214.0],[494.0],[280.0],[600.0],[638.0],[73.0],[404.0],[952.0],[79.0],[73.0],[920.0],[209.0],[942.0],[555.0],[303.0],[792.0],[466.0],[431.0],[393.0],[280.0],[56.0],[555.0],[431.0],[79.0],[280.0],[898.0],[667.0],[7.0],[792.0],[7.0],[582.0],[792.0],[214.0],[88.0],[306.0],[624.0],[808.0],[634.0],[639.0],[600.0],[988.0],[61.0],[214.0],[447.0],[988.0],[624.0],[280.0],[41.0],[607.0],[79.0],[980.0],[494.0],[306.0],[494.0],[315.0],[56.0],[659.0],[303.0],[988.0],[634.0],[836.0],[582.0],[7.0],[53.0],[624.0],[894.0],[280.0],[7.0],[414.0],[894.0],[917.0],[511.0],[836.0],[667.0],[555.0],[808.0],[475.0],[209.0],[980.0],[214.0],[511.0],[751.0],[605.0],[7.0],[493.0],[280.0],[511.0],[839.0],[898.0],[667.0],[635.0],[509.0]
625,[447.0],[624.0],[624.0],[404.0],[209.0],[494.0],[639.0],[836.0],[836.0],[555.0],[898.0],[466.0],[707.0],[942.0],[229.0],[431.0],[73.0],[494.0],[7.0],[447.0],[988.0],[988.0],[214.0],[511.0],[288.0],[264.0],[839.0],[898.0],[609.0],[988.0],[264.0],[494.0],[988.0],[494.0],[88.0],[431.0],[73.0],[894.0],[466.0],[988.0],[836.0],[280.0],[209.0],[494.0],[920.0],[79.0],[970.0],[511.0],[751.0],[306.0],[533.0],[980.0],[792.0],[659.0],[634.0],[56.0],[61.0],[494.0],[920.0],[555.0],[80.0],[792.0],[582.0],[261.0],[53.0],[214.0],[667.0],[79.0],[659.0],[404.0],[624.0],[808.0],[14.0],[88.0],[920.0],[894.0],[41.0],[634.0],[639.0],[792.0],[533.0],[920.0],[387.0],[85.0],[89.0],[447.0],[659.0],[624.0],[582.0],[511.0],[216.0],[894.0],[533.0],[7.0],[404.0],[951.0],[952.0],[88.0],[414.0],[839.0]
626,[303.0],[920.0],[53.0],[56.0],[533.0],[555.0],[414.0],[659.0],[659.0],[988.0],[952.0],[792.0],[912.0],[85.0],[747.0],[264.0],[942.0],[942.0],[894.0],[264.0],[751.0],[751.0],[14.0],[315.0],[229.0],[624.0],[497.0],[988.0],[398.0],[751.0],[624.0],[792.0],[511.0],[555.0],[280.0],[634.0],[315.0],[264.0],[288.0],[751.0],[980.0],[582.0],[447.0],[555.0],[7.0],[494.0],[56.0],[315.0],[88.0],[493.0],[836.0],[393.0],[73.0],[53.0],[79.0],[261.0],[306.0],[555.0],[7.0],[88.0],[209.0],[555.0],[387.0],[609.0],[283.0],[431.0],[88.0],[494.0],[53.0],[466.0],[14.0],[920.0],[447.0],[634.0],[7.0],[634.0],[605.0],[73.0],[387.0],[315.0],[951.0],[88.0],[988.0],[920.0],[613.0],[264.0],[53.0],[836.0],[466.0],[315.0],[26.0],[85.0],[306.0],[894.0],[315.0],[497.0],[659.0],[280.0],[472.0],[980.0]
627,[214.0],[14.0],[14.0],[747.0],[447.0],[988.0],[404.0],[53.0],[53.0],[751.0],[634.0],[288.0],[691.0],[667.0],[492.0],[624.0],[85.0],[85.0],[898.0],[303.0],[511.0],[404.0],[509.0],[582.0],[26.0],[79.0],[80.0],[751.0],[639.0],[511.0],[836.0],[73.0],[315.0],[988.0],[494.0],[79.0],[466.0],[634.0],[667.0],[73.0],[659.0],[466.0],[303.0],[14.0],[894.0],[555.0],[387.0],[582.0],[511.0],[209.0],[659.0],[303.0],[751.0],[808.0],[494.0],[605.0],[209.0],[952.0],[393.0],[988.0],[283.0],[988.0],[466.0],[405.0],[808.0],[264.0],[280.0],[555.0],[980.0],[288.0],[509.0],[894.0],[509.0],[494.0],[898.0],[79.0],[472.0],[942.0],[635.0],[582.0],[659.0],[280.0],[751.0],[7.0],[107.0],[303.0],[808.0],[14.0],[747.0],[85.0],[544.0],[634.0],[209.0],[634.0],[747.0],[61.0],[431.0],[555.0],[26.0],[497.0]
628,[836.0],[980.0],[808.0],[792.0],[951.0],[751.0],[472.0],[980.0],[14.0],[511.0],[79.0],[229.0],[732.0],[751.0],[600.0],[808.0],[494.0],[667.0],[634.0],[214.0],[85.0],[747.0],[836.0],[73.0],[492.0],[494.0],[61.0],[511.0],[387.0],[73.0],[14.0],[942.0],[898.0],[751.0],[898.0],[264.0],[942.0],[624.0],[88.0],[942.0],[393.0],[898.0],[214.0],[988.0],[634.0],[85.0],[404.0],[792.0],[315.0],[447.0],[53.0],[80.0],[942.0],[920.0],[898.0],[405.0],[447.0],[431.0],[80.0],[280.0],[447.0],[751.0],[288.0],[966.0],[920.0],[836.0],[511.0],[942.0],[808.0],[229.0],[894.0],[634.0],[214.0],[555.0],[894.0],[494.0],[216.0],[85.0],[414.0],[466.0],[53.0],[7.0],[511.0],[667.0],[644.0],[624.0],[920.0],[659.0],[288.0],[582.0],[398.0],[79.0],[447.0],[79.0],[600.0],[931.0],[53.0],[988.0],[398.0],[61.0]
629,[659.0],[7.0],[920.0],[73.0],[303.0],[511.0],[747.0],[808.0],[509.0],[315.0],[555.0],[73.0],[254.0],[88.0],[635.0],[14.0],[555.0],[88.0],[79.0],[836.0],[315.0],[511.0],[659.0],[942.0],[635.0],[555.0],[283.0],[952.0],[261.0],[942.0],[659.0],[85.0],[582.0],[511.0],[555.0],[494.0],[288.0],[494.0],[280.0],[85.0],[80.0],[288.0],[836.0],[509.0],[264.0],[667.0],[747.0],[73.0],[582.0],[303.0],[808.0],[214.0],[511.0],[7.0],[555.0],[966.0],[730.0],[264.0],[894.0],[898.0],[303.0],[511.0],[229.0],[544.0],[7.0],[659.0],[315.0],[85.0],[920.0],[492.0],[634.0],[14.0],[836.0],[988.0],[634.0],[555.0],[609.0],[79.0],[472.0],[73.0],[808.0],[634.0],[404.0],[88.0],[839.0],[214.0],[393.0],[808.0],[229.0],[466.0],[917.0],[494.0],[214.0],[494.0],[792.0],[607.0],[808.0],[751.0],[917.0],[393.0]
630,[280.0],[393.0],[7.0],[942.0],[214.0],[315.0],[600.0],[920.0],[980.0],[582.0],[431.0],[492.0],[701.0],[511.0],[792.0],[509.0],[988.0],[555.0],[494.0],[624.0],[667.0],[315.0],[53.0],[466.0],[398.0],[988.0],[306.0],[315.0],[404.0],[85.0],[509.0],[555.0],[952.0],[952.0],[988.0],[555.0],[85.0],[555.0],[898.0],[667.0],[283.0],[952.0],[659.0],[980.0],[79.0],[988.0],[261.0],[466.0],[898.0],[214.0],[951.0],[283.0],[85.0],[894.0],[988.0],[544.0],[89.0],[988.0],[634.0],[751.0],[214.0],[315.0],[404.0],[578.0],[493.0],[624.0],[582.0],[988.0],[393.0],[635.0],[980.0],[79.0],[659.0],[751.0],[952.0],[264.0],[26.0],[667.0],[970.0],[942.0],[920.0],[79.0],[747.0],[280.0],[497.0],[836.0],[80.0],[509.0],[600.0],[667.0],[639.0],[555.0],[931.0],[555.0],[582.0],[730.0],[920.0],[952.0],[970.0],[306.0]
631,[898.0],[894.0],[894.0],[85.0],[931.0],[582.0],[970.0],[894.0],[393.0],[466.0],[264.0],[635.0],[119.0],[315.0],[73.0],[920.0],[751.0],[988.0],[555.0],[14.0],[466.0],[600.0],[980.0],[288.0],[917.0],[751.0],[209.0],[431.0],[405.0],[315.0],[53.0],[988.0],[466.0],[315.0],[952.0],[988.0],[229.0],[988.0],[229.0],[88.0],[53.0],[229.0],[931.0],[751.0],[624.0],[751.0],[405.0],[288.0],[952.0],[836.0],[931.0],[836.0],[88.0],[14.0],[751.0],[578.0],[303.0],[751.0],[283.0],[511.0],[493.0],[582.0],[747.0],[26.0],[894.0],[14.0],[466.0],[667.0],[7.0],[414.0],[393.0],[494.0],[980.0],[511.0],[264.0],[624.0],[398.0],[494.0],[56.0],[85.0],[7.0],[494.0],[315.0],[894.0],[171.0],[14.0],[7.0],[920.0],[492.0],[288.0],[387.0],[988.0],[836.0],[988.0],[942.0],[306.0],[7.0],[511.0],[639.0],[80.0]
632,[952.0],[634.0],[634.0],[667.0],[607.0],[624.0],[792.0],[634.0],[808.0],[288.0],[624.0],[942.0],[568.0],[280.0],[942.0],[980.0],[511.0],[280.0],[431.0],[659.0],[288.0],[582.0],[808.0],[85.0],[414.0],[511.0],[493.0],[582.0],[966.0],[667.0],[808.0],[667.0],[288.0],[582.0],[751.0],[751.0],[635.0],[751.0],[492.0],[511.0],[808.0],[492.0],[607.0],[511.0],[14.0],[280.0],[966.0],[229.0],[466.0],[659.0],[920.0],[493.0],[315.0],[634.0],[952.0],[290.0],[613.0],[624.0],[79.0],[582.0],[836.0],[73.0],[492.0],[398.0],[533.0],[980.0],[898.0],[88.0],[894.0],[472.0],[79.0],[509.0],[53.0],[315.0],[14.0],[988.0],[917.0],[555.0],[404.0],[288.0],[931.0],[898.0],[582.0],[898.0],[61.0],[659.0],[493.0],[894.0],[635.0],[229.0],[578.0],[667.0],[659.0],[751.0],[85.0],[89.0],[894.0],[315.0],[387.0],[283.0]
633,[431.0],[79.0],[79.0],[88.0],[836.0],[466.0],[56.0],[393.0],[80.0],[792.0],[988.0],[85.0],[41.0],[898.0],[414.0],[393.0],[315.0],[751.0],[988.0],[509.0],[88.0],[792.0],[920.0],[667.0],[472.0],[315.0],[533.0],[466.0],[544.0],[88.0],[920.0],[751.0],[229.0],[466.0],[511.0],[624.0],[667.0],[511.0],[635.0],[315.0],[493.0],[635.0],[53.0],[315.0],[494.0],[511.0],[578.0],[942.0],[431.0],[533.0],[7.0],[659.0],[582.0],[509.0],[431.0],[216.0],[214.0],[511.0],[494.0],[952.0],[533.0],[466.0],[600.0],[290.0],[634.0],[53.0],[288.0],[280.0],[634.0],[747.0],[80.0],[555.0],[80.0],[582.0],[509.0],[14.0],[970.0],[988.0],[747.0],[229.0],[894.0],[431.0],[466.0],[634.0],[979.0],[980.0],[894.0],[634.0],[792.0],[492.0],[404.0],[88.0],[607.0],[952.0],[667.0],[209.0],[634.0],[582.0],[56.0],[209.0]
634,[53.0],[283.0],[509.0],[261.0],[659.0],[288.0],[73.0],[79.0],[920.0],[229.0],[14.0],[667.0],[260.0],[952.0],[85.0],[7.0],[582.0],[511.0],[751.0],[53.0],[229.0],[942.0],[7.0],[88.0],[970.0],[582.0],[951.0],[288.0],[747.0],[582.0],[7.0],[511.0],[431.0],[288.0],[431.0],[14.0],[88.0],[14.0],[952.0],[582.0],[920.0],[414.0],[730.0],[582.0],[509.0],[315.0],[290.0],[492.0],[288.0],[53.0],[894.0],[533.0],[466.0],[79.0],[511.0],[691.0],[836.0],[315.0],[493.0],[466.0],[659.0],[288.0],[792.0],[917.0],[951.0],[808.0],[229.0],[751.0],[79.0],[600.0],[283.0],[988.0],[808.0],[466.0],[79.0],[509.0],[56.0],[88.0],[600.0],[667.0],[634.0],[555.0],[600.0],[79.0],[759.0],[53.0],[533.0],[980.0],[414.0],[635.0],[290.0],[751.0],[730.0],[431.0],[466.0],[613.0],[264.0],[431.0],[404.0],[447.0]
635,[264.0],[494.0],[555.0],[405.0],[53.0],[229.0],[261.0],[80.0],[283.0],[73.0],[751.0],[88.0],[294.0],[582.0],[472.0],[80.0],[88.0],[315.0],[582.0],[808.0],[280.0],[466.0],[894.0],[229.0],[56.0],[14.0],[447.0],[229.0],[578.0],[466.0],[980.0],[315.0],[492.0],[229.0],[315.0],[315.0],[414.0],[509.0],[414.0],[466.0],[7.0],[472.0],[808.0],[466.0],[980.0],[898.0],[691.0],[85.0],[492.0],[808.0],[634.0],[53.0],[288.0],[980.0],[315.0],[609.0],[659.0],[582.0],[555.0],[288.0],[53.0],[229.0],[73.0],[691.0],[931.0],[920.0],[492.0],[511.0],[494.0],[73.0],[493.0],[751.0],[920.0],[288.0],[980.0],[751.0],[261.0],[751.0],[261.0],[88.0],[79.0],[264.0],[288.0],[494.0],[306.0],[393.0],[951.0],[79.0],[472.0],[88.0],[254.0],[280.0],[53.0],[264.0],[88.0],[447.0],[624.0],[264.0],[261.0],[493.0]
636,[808.0],[555.0],[988.0],[544.0],[808.0],[14.0],[942.0],[283.0],[7.0],[942.0],[511.0],[280.0],[216.0],[466.0],[667.0],[894.0],[466.0],[898.0],[264.0],[920.0],[492.0],[288.0],[393.0],[492.0],[261.0],[466.0],[931.0],[624.0],[600.0],[288.0],[894.0],[582.0],[264.0],[492.0],[582.0],[582.0],[472.0],[980.0],[472.0],[288.0],[533.0],[970.0],[920.0],[393.0],[393.0],[582.0],[254.0],[635.0],[264.0],[920.0],[79.0],[951.0],[229.0],[494.0],[582.0],[254.0],[53.0],[14.0],[533.0],[229.0],[951.0],[492.0],[942.0],[254.0],[79.0],[7.0],[952.0],[315.0],[555.0],[942.0],[533.0],[511.0],[283.0],[229.0],[494.0],[511.0],[639.0],[511.0],[792.0],[280.0],[494.0],[624.0],[229.0],[555.0],[386.0],[80.0],[634.0],[494.0],[73.0],[414.0],[747.0],[898.0],[89.0],[624.0],[288.0],[303.0],[14.0],[466.0],[405.0],[533.0]
637,[624.0],[493.0],[751.0],[280.0],[920.0],[509.0],[405.0],[493.0],[533.0],[85.0],[980.0],[414.0],[609.0],[288.0],[970.0],[79.0],[280.0],[582.0],[624.0],[634.0],[635.0],[229.0],[80.0],[280.0],[639.0],[509.0],[607.0],[14.0],[792.0],[280.0],[393.0],[88.0],[635.0],[431.0],[264.0],[466.0],[970.0],[393.0],[431.0],[229.0],[894.0],[56.0],[7.0],[288.0],[80.0],[952.0],[701.0],[667.0],[635.0],[7.0],[494.0],[808.0],[492.0],[555.0],[466.0],[26.0],[808.0],[980.0],[988.0],[431.0],[808.0],[942.0],[635.0],[639.0],[607.0],[894.0],[431.0],[898.0],[988.0],[970.0],[494.0],[315.0],[7.0],[492.0],[555.0],[980.0],[387.0],[315.0],[405.0],[492.0],[555.0],[14.0],[492.0],[952.0],[209.0],[808.0],[931.0],[393.0],[942.0],[472.0],[600.0],[511.0],[808.0],[511.0],[229.0],[171.0],[79.0],[624.0],[966.0],[303.0]
638,[920.0],[988.0],[511.0],[898.0],[7.0],[492.0],[85.0],[533.0],[894.0],[492.0],[393.0],[898.0],[26.0],[431.0],[56.0],[283.0],[898.0],[466.0],[466.0],[980.0],[414.0],[492.0],[634.0],[898.0],[405.0],[288.0],[303.0],[509.0],[73.0],[898.0],[634.0],[466.0],[624.0],[264.0],[624.0],[288.0],[56.0],[582.0],[970.0],[492.0],[951.0],[431.0],[894.0],[80.0],[555.0],[431.0],[600.0],[88.0],[624.0],[894.0],[555.0],[931.0],[280.0],[393.0],[288.0],[398.0],[920.0],[393.0],[751.0],[492.0],[931.0],[85.0],[414.0],[701.0],[494.0],[80.0],[264.0],[582.0],[80.0],[85.0],[555.0],[582.0],[894.0],[635.0],[988.0],[315.0],[404.0],[280.0],[73.0],[898.0],[607.0],[988.0],[792.0],[431.0],[447.0],[920.0],[607.0],[80.0],[88.0],[970.0],[701.0],[315.0],[920.0],[315.0],[280.0],[214.0],[509.0],[14.0],[544.0],[951.0]
639,[7.0],[533.0],[315.0],[952.0],[894.0],[635.0],[966.0],[951.0],[951.0],[635.0],[80.0],[472.0],[398.0],[229.0],[88.0],[494.0],[952.0],[288.0],[288.0],[79.0],[472.0],[635.0],[79.0],[635.0],[966.0],[980.0],[730.0],[980.0],[290.0],[229.0],[79.0],[288.0],[414.0],[635.0],[466.0],[229.0],[261.0],[466.0],[264.0],[635.0],[931.0],[261.0],[89.0],[283.0],[988.0],[466.0],[792.0],[414.0],[14.0],[79.0],[607.0],[607.0],[898.0],[988.0],[229.0],[701.0],[7.0],[466.0],[511.0],[635.0],[920.0],[635.0],[472.0],[387.0],[555.0],[634.0],[414.0],[466.0],[283.0],[56.0],[988.0],[980.0],[634.0],[414.0],[751.0],[393.0],[405.0],[898.0],[966.0],[952.0],[988.0],[751.0],[73.0],[988.0],[311.0],[7.0],[79.0],[283.0],[970.0],[280.0],[119.0],[582.0],[613.0],[582.0],[898.0],[836.0],[494.0],[288.0],[578.0],[214.0]
640,[14.0],[751.0],[980.0],[578.0],[634.0],[414.0],[667.0],[931.0],[634.0],[414.0],[315.0],[970.0],[928.0],[264.0],[280.0],[493.0],[431.0],[229.0],[14.0],[393.0],[970.0],[414.0],[283.0],[414.0],[544.0],[393.0],[89.0],[492.0],[942.0],[492.0],[494.0],[229.0],[472.0],[414.0],[14.0],[509.0],[405.0],[288.0],[56.0],[280.0],[634.0],[405.0],[634.0],[229.0],[511.0],[288.0],[119.0],[472.0],[509.0],[951.0],[730.0],[730.0],[635.0],[80.0],[264.0],[119.0],[634.0],[80.0],[315.0],[414.0],[7.0],[414.0],[88.0],[404.0],[988.0],[79.0],[624.0],[288.0],[751.0],[261.0],[951.0],[393.0],[79.0],[280.0],[511.0],[582.0],[747.0],[582.0],[578.0],[431.0],[511.0],[509.0],[472.0],[751.0],[313.0],[894.0],[494.0],[555.0],[56.0],[898.0],[792.0],[952.0],[7.0],[466.0],[492.0],[979.0],[980.0],[509.0],[290.0],[931.0]
641,[894.0],[951.0],[582.0],[264.0],[79.0],[980.0],[88.0],[494.0],[931.0],[667.0],[283.0],[56.0],[917.0],[492.0],[261.0],[533.0],[288.0],[492.0],[509.0],[494.0],[898.0],[85.0],[494.0],[952.0],[578.0],[229.0],[613.0],[80.0],[85.0],[635.0],[80.0],[492.0],[970.0],[970.0],[288.0],[980.0],[544.0],[229.0],[405.0],[414.0],[607.0],[264.0],[171.0],[492.0],[283.0],[229.0],[260.0],[970.0],[414.0],[494.0],[988.0],[920.0],[414.0],[283.0],[635.0],[260.0],[79.0],[283.0],[951.0],[472.0],[894.0],[667.0],[970.0],[600.0],[730.0],[494.0],[14.0],[229.0],[493.0],[667.0],[931.0],[466.0],[494.0],[472.0],[393.0],[80.0],[600.0],[466.0],[942.0],[635.0],[315.0],[511.0],[970.0],[511.0],[303.0],[634.0],[555.0],[493.0],[261.0],[952.0],[73.0],[466.0],[894.0],[288.0],[952.0],[659.0],[393.0],[229.0],[747.0],[659.0]
642,[509.0],[511.0],[466.0],[290.0],[730.0],[472.0],[280.0],[607.0],[89.0],[472.0],[582.0],[261.0],[906.0],[635.0],[898.0],[951.0],[264.0],[635.0],[229.0],[555.0],[952.0],[472.0],[555.0],[431.0],[290.0],[492.0],[214.0],[283.0],[667.0],[952.0],[283.0],[635.0],[14.0],[624.0],[509.0],[492.0],[578.0],[80.0],[966.0],[898.0],[79.0],[624.0],[79.0],[493.0],[315.0],[492.0],[73.0],[56.0],[472.0],[555.0],[751.0],[7.0],[472.0],[493.0],[624.0],[294.0],[494.0],[493.0],[582.0],[264.0],[634.0],[472.0],[280.0],[792.0],[751.0],[555.0],[472.0],[952.0],[511.0],[405.0],[607.0],[229.0],[555.0],[970.0],[315.0],[283.0],[966.0],[288.0],[290.0],[414.0],[730.0],[315.0],[942.0],[315.0],[507.0],[79.0],[988.0],[533.0],[405.0],[56.0],[294.0],[431.0],[634.0],[14.0],[431.0],[808.0],[80.0],[492.0],[691.0],[53.0]
643,[634.0],[931.0],[288.0],[691.0],[89.0],[393.0],[544.0],[555.0],[79.0],[970.0],[466.0],[405.0],[639.0],[624.0],[952.0],[931.0],[229.0],[952.0],[980.0],[80.0],[431.0],[970.0],[751.0],[624.0],[387.0],[635.0],[836.0],[493.0],[88.0],[431.0],[555.0],[280.0],[56.0],[509.0],[492.0],[635.0],[280.0],[283.0],[544.0],[472.0],[494.0],[966.0],[494.0],[635.0],[582.0],[635.0],[942.0],[280.0],[980.0],[931.0],[89.0],[894.0],[970.0],[533.0],[414.0],[917.0],[171.0],[288.0],[931.0],[624.0],[79.0],[88.0],[56.0],[119.0],[511.0],[283.0],[509.0],[431.0],[533.0],[88.0],[751.0],[492.0],[493.0],[898.0],[283.0],[493.0],[792.0],[952.0],[85.0],[264.0],[582.0],[980.0],[85.0],[582.0],[836.0],[494.0],[730.0],[988.0],[280.0],[261.0],[928.0],[288.0],[79.0],[229.0],[635.0],[920.0],[283.0],[635.0],[254.0],[808.0]
644,[79.0],[315.0],[393.0],[254.0],[613.0],[970.0],[578.0],[988.0],[494.0],[261.0],[288.0],[952.0],[387.0],[414.0],[431.0],[555.0],[624.0],[414.0],[393.0],[988.0],[56.0],[56.0],[493.0],[472.0],[404.0],[80.0],[171.0],[635.0],[691.0],[414.0],[493.0],[414.0],[261.0],[980.0],[980.0],[393.0],[290.0],[493.0],[624.0],[970.0],[730.0],[14.0],[979.0],[414.0],[466.0],[264.0],[85.0],[261.0],[970.0],[988.0],[613.0],[634.0],[56.0],[931.0],[14.0],[928.0],[555.0],[533.0],[607.0],[56.0],[494.0],[280.0],[261.0],[260.0],[315.0],[493.0],[970.0],[492.0],[951.0],[280.0],[511.0],[635.0],[533.0],[56.0],[493.0],[466.0],[544.0],[229.0],[667.0],[472.0],[466.0],[582.0],[88.0],[264.0],[659.0],[555.0],[89.0],[951.0],[966.0],[431.0],[942.0],[229.0],[171.0],[492.0],[414.0],[7.0],[493.0],[980.0],[600.0],[920.0]
645,[980.0],[582.0],[80.0],[624.0],[494.0],[80.0],[290.0],[751.0],[613.0],[405.0],[229.0],[431.0],[404.0],[14.0],[405.0],[751.0],[14.0],[431.0],[492.0],[751.0],[261.0],[261.0],[511.0],[970.0],[747.0],[414.0],[979.0],[414.0],[254.0],[624.0],[988.0],[472.0],[405.0],[56.0],[635.0],[414.0],[691.0],[492.0],[14.0],[56.0],[555.0],[509.0],[555.0],[472.0],[288.0],[414.0],[294.0],[898.0],[56.0],[751.0],[511.0],[494.0],[952.0],[751.0],[509.0],[639.0],[979.0],[229.0],[466.0],[261.0],[555.0],[898.0],[898.0],[294.0],[582.0],[533.0],[980.0],[635.0],[582.0],[898.0],[730.0],[80.0],[951.0],[261.0],[582.0],[288.0],[73.0],[431.0],[88.0],[970.0],[288.0],[466.0],[56.0],[466.0],[256.0],[988.0],[751.0],[751.0],[544.0],[264.0],[906.0],[492.0],[494.0],[509.0],[264.0],[894.0],[951.0],[414.0],[792.0],[7.0]
646,[494.0],[607.0],[283.0],[14.0],[555.0],[56.0],[898.0],[511.0],[555.0],[966.0],[492.0],[966.0],[220.0],[980.0],[966.0],[511.0],[492.0],[472.0],[283.0],[283.0],[405.0],[405.0],[315.0],[56.0],[691.0],[472.0],[759.0],[533.0],[701.0],[509.0],[751.0],[970.0],[509.0],[393.0],[393.0],[472.0],[898.0],[635.0],[578.0],[952.0],[988.0],[578.0],[988.0],[970.0],[229.0],[624.0],[667.0],[431.0],[261.0],[511.0],[315.0],[89.0],[431.0],[511.0],[472.0],[906.0],[988.0],[951.0],[288.0],[14.0],[730.0],[970.0],[405.0],[73.0],[466.0],[988.0],[56.0],[264.0],[466.0],[966.0],[315.0],[283.0],[988.0],[405.0],[466.0],[229.0],[578.0],[635.0],[280.0],[624.0],[89.0],[393.0],[261.0],[624.0],[110.0],[283.0],[511.0],[931.0],[578.0],[624.0],[220.0],[635.0],[979.0],[635.0],[472.0],[634.0],[555.0],[472.0],[701.0],[894.0]
647,[393.0],[466.0],[229.0],[701.0],[988.0],[283.0],[952.0],[730.0],[988.0],[88.0],[493.0],[544.0],[133.0],[393.0],[544.0],[315.0],[635.0],[264.0],[493.0],[511.0],[966.0],[667.0],[533.0],[14.0],[254.0],[970.0],[659.0],[472.0],[119.0],[980.0],[533.0],[898.0],[966.0],[283.0],[472.0],[80.0],[254.0],[533.0],[290.0],[431.0],[751.0],[980.0],[751.0],[533.0],[492.0],[472.0],[88.0],[405.0],[405.0],[315.0],[171.0],[555.0],[264.0],[315.0],[970.0],[387.0],[751.0],[492.0],[730.0],[405.0],[89.0],[56.0],[966.0],[942.0],[288.0],[751.0],[261.0],[624.0],[288.0],[952.0],[582.0],[414.0],[751.0],[966.0],[533.0],[492.0],[85.0],[264.0],[691.0],[56.0],[229.0],[288.0],[405.0],[14.0],[29.0],[493.0],[613.0],[607.0],[898.0],[405.0],[133.0],[472.0],[555.0],[414.0],[970.0],[759.0],[931.0],[393.0],[73.0],[634.0]
648,[283.0],[730.0],[492.0],[119.0],[171.0],[261.0],[431.0],[315.0],[171.0],[544.0],[635.0],[264.0],[877.0],[80.0],[264.0],[582.0],[414.0],[624.0],[635.0],[315.0],[544.0],[88.0],[582.0],[261.0],[701.0],[283.0],[386.0],[970.0],[260.0],[80.0],[511.0],[952.0],[980.0],[493.0],[80.0],[970.0],[952.0],[414.0],[509.0],[261.0],[511.0],[290.0],[511.0],[951.0],[414.0],[970.0],[280.0],[264.0],[393.0],[582.0],[979.0],[988.0],[261.0],[607.0],[56.0],[220.0],[759.0],[635.0],[89.0],[966.0],[613.0],[261.0],[952.0],[928.0],[89.0],[951.0],[80.0],[14.0],[229.0],[544.0],[466.0],[472.0],[931.0],[544.0],[288.0],[635.0],[290.0],[414.0],[254.0],[14.0],[613.0],[229.0],[966.0],[509.0],[53.0],[533.0],[315.0],[730.0],[290.0],[14.0],[85.0],[624.0],[759.0],[980.0],[56.0],[386.0],[607.0],[970.0],[942.0],[607.0]
649,[555.0],[89.0],[635.0],[260.0],[979.0],[493.0],[691.0],[89.0],[751.0],[578.0],[533.0],[624.0],[747.0],[472.0],[578.0],[466.0],[509.0],[970.0],[533.0],[582.0],[578.0],[966.0],[951.0],[405.0],[119.0],[56.0],[53.0],[951.0],[294.0],[283.0],[315.0],[431.0],[544.0],[533.0],[970.0],[283.0],[701.0],[951.0],[980.0],[405.0],[89.0],[393.0],[315.0],[56.0],[472.0],[56.0],[928.0],[624.0],[966.0],[607.0],[582.0],[613.0],[405.0],[730.0],[980.0],[133.0],[511.0],[931.0],[492.0],[509.0],[988.0],[405.0],[431.0],[906.0],[229.0],[931.0],[283.0],[414.0],[492.0],[578.0],[89.0],[493.0],[511.0],[578.0],[951.0],[951.0],[667.0],[624.0],[701.0],[509.0],[171.0],[492.0],[280.0],[980.0],[487.0],[951.0],[582.0],[511.0],[691.0],[966.0],[667.0],[14.0],[988.0],[472.0],[624.0],[311.0],[988.0],[56.0],[119.0],[79.0]
650,[988.0],[288.0],[414.0],[294.0],[751.0],[533.0],[264.0],[582.0],[511.0],[280.0],[414.0],[578.0],[600.0],[283.0],[624.0],[607.0],[980.0],[14.0],[414.0],[466.0],[290.0],[280.0],[466.0],[966.0],[260.0],[261.0],[808.0],[56.0],[928.0],[472.0],[582.0],[264.0],[578.0],[261.0],[56.0],[493.0],[431.0],[472.0],[393.0],[264.0],[315.0],[283.0],[759.0],[261.0],[493.0],[261.0],[898.0],[966.0],[80.0],[466.0],[759.0],[751.0],[624.0],[582.0],[393.0],[708.0],[386.0],[414.0],[635.0],[980.0],[171.0],[952.0],[264.0],[85.0],[492.0],[607.0],[493.0],[509.0],[635.0],[290.0],[288.0],[970.0],[315.0],[952.0],[931.0],[472.0],[88.0],[472.0],[119.0],[261.0],[979.0],[635.0],[544.0],[288.0],[808.0],[931.0],[466.0],[89.0],[952.0],[544.0],[708.0],[970.0],[751.0],[970.0],[261.0],[79.0],[730.0],[261.0],[85.0],[494.0]
651,[751.0],[229.0],[493.0],[928.0],[759.0],[951.0],[254.0],[613.0],[979.0],[898.0],[472.0],[290.0],[714.0],[970.0],[290.0],[730.0],[970.0],[56.0],[951.0],[288.0],[264.0],[544.0],[931.0],[544.0],[294.0],[493.0],[311.0],[931.0],[906.0],[970.0],[951.0],[56.0],[290.0],[951.0],[261.0],[533.0],[119.0],[970.0],[691.0],[624.0],[582.0],[691.0],[582.0],[405.0],[533.0],[966.0],[906.0],[14.0],[283.0],[730.0],[466.0],[511.0],[966.0],[89.0],[261.0],[404.0],[311.0],[472.0],[414.0],[544.0],[979.0],[966.0],[544.0],[667.0],[613.0],[511.0],[405.0],[980.0],[931.0],[691.0],[613.0],[533.0],[582.0],[431.0],[229.0],[931.0],[691.0],[970.0],[294.0],[405.0],[492.0],[414.0],[898.0],[393.0],[920.0],[751.0],[288.0],[613.0],[254.0],[578.0],[877.0],[509.0],[386.0],[393.0],[405.0],[494.0],[751.0],[405.0],[260.0],[555.0]
652,[493.0],[492.0],[533.0],[509.0],[511.0],[931.0],[701.0],[466.0],[759.0],[290.0],[970.0],[691.0],[792.0],[56.0],[691.0],[288.0],[393.0],[261.0],[472.0],[493.0],[624.0],[290.0],[288.0],[578.0],[906.0],[405.0],[920.0],[261.0],[220.0],[56.0],[931.0],[624.0],[691.0],[405.0],[405.0],[56.0],[260.0],[931.0],[80.0],[14.0],[466.0],[254.0],[466.0],[966.0],[56.0],[14.0],[220.0],[509.0],[493.0],[288.0],[288.0],[315.0],[544.0],[466.0],[405.0],[877.0],[315.0],[607.0],[613.0],[393.0],[759.0],[431.0],[624.0],[220.0],[171.0],[730.0],[533.0],[472.0],[414.0],[431.0],[229.0],[56.0],[466.0],[290.0],[492.0],[607.0],[254.0],[14.0],[928.0],[980.0],[759.0],[472.0],[952.0],[80.0],[7.0],[511.0],[229.0],[315.0],[701.0],[509.0],[714.0],[980.0],[311.0],[80.0],[14.0],[988.0],[89.0],[966.0],[667.0],[730.0]
653,[533.0],[635.0],[472.0],[906.0],[315.0],[607.0],[624.0],[288.0],[315.0],[691.0],[951.0],[14.0],[73.0],[493.0],[254.0],[229.0],[56.0],[509.0],[931.0],[229.0],[691.0],[898.0],[607.0],[290.0],[220.0],[951.0],[7.0],[607.0],[280.0],[261.0],[466.0],[261.0],[393.0],[931.0],[283.0],[951.0],[294.0],[607.0],[283.0],[966.0],[613.0],[493.0],[229.0],[931.0],[261.0],[544.0],[133.0],[544.0],[544.0],[229.0],[311.0],[171.0],[14.0],[613.0],[966.0],[747.0],[313.0],[730.0],[171.0],[80.0],[751.0],[544.0],[14.0],[88.0],[979.0],[89.0],[966.0],[970.0],[607.0],[254.0],[171.0],[951.0],[288.0],[691.0],[607.0],[730.0],[280.0],[56.0],[906.0],[966.0],[635.0],[970.0],[578.0],[229.0],[184.0],[315.0],[171.0],[171.0],[119.0],[290.0],[88.0],[393.0],[313.0],[283.0],[966.0],[751.0],[613.0],[544.0],[294.0],[988.0]
654,[511.0],[414.0],[970.0],[980.0],[288.0],[405.0],[119.0],[229.0],[582.0],[952.0],[56.0],[254.0],[942.0],[261.0],[14.0],[492.0],[80.0],[980.0],[970.0],[492.0],[254.0],[254.0],[229.0],[691.0],[133.0],[931.0],[894.0],[405.0],[133.0],[405.0],[607.0],[14.0],[254.0],[966.0],[966.0],[261.0],[264.0],[56.0],[493.0],[509.0],[288.0],[533.0],[386.0],[607.0],[951.0],[578.0],[708.0],[578.0],[578.0],[89.0],[313.0],[582.0],[578.0],[171.0],[544.0],[600.0],[582.0],[970.0],[979.0],[290.0],[315.0],[578.0],[578.0],[280.0],[635.0],[315.0],[951.0],[393.0],[730.0],[701.0],[492.0],[931.0],[229.0],[254.0],[635.0],[89.0],[701.0],[261.0],[898.0],[393.0],[386.0],[56.0],[290.0],[283.0],[894.0],[582.0],[492.0],[979.0],[260.0],[980.0],[280.0],[56.0],[511.0],[56.0],[544.0],[313.0],[511.0],[578.0],[88.0],[751.0]
655,[315.0],[472.0],[56.0],[393.0],[229.0],[966.0],[260.0],[171.0],[288.0],[431.0],[261.0],[701.0],[105.0],[405.0],[701.0],[89.0],[283.0],[405.0],[56.0],[635.0],[701.0],[701.0],[492.0],[509.0],[708.0],[966.0],[634.0],[730.0],[708.0],[966.0],[730.0],[509.0],[80.0],[544.0],[493.0],[405.0],[624.0],[261.0],[254.0],[980.0],[171.0],[701.0],[492.0],[544.0],[931.0],[509.0],[877.0],[980.0],[533.0],[492.0],[229.0],[466.0],[290.0],[288.0],[80.0],[792.0],[507.0],[56.0],[472.0],[691.0],[582.0],[290.0],[290.0],[898.0],[414.0],[582.0],[544.0],[283.0],[472.0],[119.0],[635.0],[607.0],[607.0],[264.0],[414.0],[970.0],[119.0],[405.0],[220.0],[544.0],[313.0],[80.0],[691.0],[493.0],[634.0],[466.0],[979.0],[759.0],[294.0],[691.0],[105.0],[80.0],[315.0],[261.0],[578.0],[507.0],[315.0],[80.0],[280.0],[613.0]
656,[582.0],[613.0],[261.0],[80.0],[386.0],[730.0],[294.0],[492.0],[386.0],[254.0],[405.0],[119.0],[376.0],[533.0],[119.0],[613.0],[261.0],[966.0],[607.0],[414.0],[14.0],[952.0],[730.0],[254.0],[600.0],[544.0],[313.0],[966.0],[898.0],[493.0],[288.0],[405.0],[701.0],[607.0],[533.0],[966.0],[14.0],[730.0],[533.0],[393.0],[229.0],[951.0],[635.0],[730.0],[607.0],[980.0],[714.0],[393.0],[290.0],[613.0],[507.0],[229.0],[691.0],[229.0],[578.0],[714.0],[466.0],[261.0],[759.0],[254.0],[386.0],[264.0],[691.0],[952.0],[472.0],[466.0],[578.0],[56.0],[89.0],[264.0],[979.0],[730.0],[730.0],[624.0],[472.0],[56.0],[260.0],[509.0],[708.0],[578.0],[507.0],[283.0],[431.0],[533.0],[79.0],[288.0],[759.0],[582.0],[928.0],[254.0],[898.0],[283.0],[582.0],[493.0],[290.0],[256.0],[582.0],[290.0],[898.0],[511.0]
657,[951.0],[171.0],[405.0],[220.0],[492.0],[89.0],[928.0],[635.0],[229.0],[701.0],[966.0],[260.0],[787.0],[966.0],[509.0],[171.0],[493.0],[544.0],[261.0],[533.0],[119.0],[119.0],[635.0],[701.0],[877.0],[607.0],[79.0],[544.0],[877.0],[533.0],[89.0],[980.0],[119.0],[578.0],[544.0],[931.0],[928.0],[405.0],[951.0],[544.0],[979.0],[119.0],[414.0],[290.0],[405.0],[290.0],[105.0],[80.0],[254.0],[635.0],[492.0],[492.0],[254.0],[979.0],[290.0],[105.0],[256.0],[89.0],[386.0],[701.0],[466.0],[624.0],[254.0],[133.0],[970.0],[613.0],[931.0],[493.0],[970.0],[260.0],[414.0],[89.0],[492.0],[701.0],[970.0],[261.0],[294.0],[980.0],[952.0],[290.0],[256.0],[261.0],[254.0],[635.0],[439.0],[607.0],[386.0],[386.0],[431.0],[701.0],[952.0],[261.0],[466.0],[533.0],[509.0],[511.0],[466.0],[493.0],[928.0],[315.0]
658,[466.0],[970.0],[951.0],[133.0],[311.0],[544.0],[14.0],[414.0],[311.0],[119.0],[931.0],[294.0],[810.0],[951.0],[260.0],[635.0],[533.0],[393.0],[730.0],[472.0],[260.0],[260.0],[414.0],[119.0],[714.0],[578.0],[555.0],[89.0],[714.0],[544.0],[229.0],[393.0],[260.0],[290.0],[578.0],[607.0],[906.0],[89.0],[931.0],[578.0],[759.0],[260.0],[472.0],[89.0],[730.0],[393.0],[376.0],[290.0],[951.0],[171.0],[256.0],[635.0],[980.0],[759.0],[691.0],[376.0],[288.0],[613.0],[311.0],[260.0],[288.0],[691.0],[509.0],[431.0],[56.0],[229.0],[290.0],[261.0],[56.0],[294.0],[472.0],[261.0],[613.0],[14.0],[730.0],[405.0],[898.0],[966.0],[714.0],[80.0],[414.0],[405.0],[264.0],[414.0],[857.0],[229.0],[311.0],[466.0],[906.0],[393.0],[376.0],[405.0],[507.0],[405.0],[980.0],[315.0],[288.0],[691.0],[906.0],[582.0]
659,[288.0],[979.0],[931.0],[283.0],[635.0],[613.0],[906.0],[979.0],[492.0],[264.0],[544.0],[509.0],[85.0],[544.0],[294.0],[979.0],[951.0],[80.0],[405.0],[951.0],[294.0],[431.0],[472.0],[393.0],[792.0],[730.0],[507.0],[613.0],[952.0],[931.0],[492.0],[80.0],[283.0],[254.0],[290.0],[730.0],[220.0],[544.0],[119.0],[290.0],[386.0],[931.0],[970.0],[691.0],[966.0],[80.0],[952.0],[283.0],[931.0],[979.0],[110.0],[414.0],[393.0],[386.0],[701.0],[787.0],[229.0],[405.0],[970.0],[294.0],[229.0],[254.0],[980.0],[708.0],[261.0],[171.0],[691.0],[405.0],[613.0],[928.0],[970.0],[405.0],[635.0],[509.0],[56.0],[613.0],[928.0],[544.0],[431.0],[691.0],[472.0],[966.0],[624.0],[472.0],[494.0],[492.0],[635.0],[311.0],[220.0],[119.0],[431.0],[966.0],[256.0],[966.0],[393.0],[582.0],[229.0],[254.0],[220.0],[466.0]
660,[229.0],[759.0],[966.0],[493.0],[313.0],[171.0],[509.0],[472.0],[635.0],[260.0],[578.0],[928.0],[88.0],[578.0],[980.0],[414.0],[931.0],[578.0],[966.0],[931.0],[928.0],[294.0],[89.0],[80.0],[105.0],[290.0],[988.0],[171.0],[105.0],[290.0],[635.0],[966.0],[493.0],[730.0],[691.0],[544.0],[133.0],[613.0],[260.0],[80.0],[492.0],[294.0],[311.0],[613.0],[89.0],[691.0],[787.0],[691.0],[701.0],[414.0],[635.0],[472.0],[80.0],[492.0],[119.0],[810.0],[492.0],[966.0],[313.0],[928.0],[492.0],[701.0],[393.0],[877.0],[405.0],[492.0],[607.0],[966.0],[261.0],[624.0],[56.0],[966.0],[171.0],[119.0],[89.0],[966.0],[952.0],[578.0],[264.0],[283.0],[970.0],[544.0],[14.0],[970.0],[555.0],[635.0],[414.0],[313.0],[264.0],[260.0],[787.0],[493.0],[288.0],[951.0],[254.0],[110.0],[171.0],[701.0],[133.0],[171.0]
661,[492.0],[386.0],[607.0],[708.0],[507.0],[979.0],[220.0],[970.0],[313.0],[624.0],[607.0],[980.0],[699.0],[290.0],[393.0],[759.0],[607.0],[290.0],[544.0],[970.0],[906.0],[624.0],[970.0],[260.0],[376.0],[691.0],[256.0],[979.0],[376.0],[691.0],[414.0],[544.0],[294.0],[701.0],[951.0],[578.0],[708.0],[578.0],[294.0],[283.0],[635.0],[928.0],[56.0],[254.0],[613.0],[254.0],[810.0],[493.0],[119.0],[472.0],[29.0],[970.0],[283.0],[311.0],[283.0],[73.0],[635.0],[544.0],[56.0],[283.0],[635.0],[14.0],[80.0],[714.0],[966.0],[635.0],[254.0],[544.0],[405.0],[906.0],[261.0],[544.0],[414.0],[260.0],[261.0],[171.0],[906.0],[290.0],[105.0],[493.0],[56.0],[578.0],[509.0],[56.0],[988.0],[730.0],[472.0],[288.0],[624.0],[294.0],[810.0],[578.0],[229.0],[931.0],[80.0],[466.0],[492.0],[119.0],[708.0],[288.0]
662,[635.0],[56.0],[544.0],[533.0],[414.0],[759.0],[980.0],[759.0],[414.0],[14.0],[730.0],[220.0],[280.0],[691.0],[80.0],[386.0],[405.0],[283.0],[89.0],[607.0],[220.0],[14.0],[613.0],[294.0],[787.0],[254.0],[751.0],[759.0],[787.0],[254.0],[472.0],[283.0],[928.0],[89.0],[931.0],[290.0],[877.0],[290.0],[906.0],[691.0],[414.0],[906.0],[313.0],[701.0],[171.0],[701.0],[699.0],[254.0],[260.0],[759.0],[414.0],[56.0],[701.0],[635.0],[260.0],[942.0],[414.0],[578.0],[507.0],[493.0],[414.0],[119.0],[283.0],[264.0],[544.0],[759.0],[730.0],[578.0],[966.0],[220.0],[405.0],[578.0],[472.0],[980.0],[613.0],[544.0],[431.0],[691.0],[376.0],[533.0],[110.0],[493.0],[701.0],[951.0],[677.0],[89.0],[313.0],[229.0],[708.0],[928.0],[264.0],[533.0],[110.0],[607.0],[283.0],[29.0],[979.0],[260.0],[952.0],[229.0]
663,[414.0],[311.0],[89.0],[951.0],[472.0],[386.0],[133.0],[386.0],[472.0],[928.0],[89.0],[133.0],[523.0],[931.0],[928.0],[472.0],[966.0],[493.0],[578.0],[56.0],[509.0],[928.0],[171.0],[283.0],[73.0],[701.0],[29.0],[386.0],[810.0],[607.0],[970.0],[578.0],[906.0],[119.0],[254.0],[691.0],[714.0],[691.0],[607.0],[254.0],[311.0],[220.0],[507.0],[119.0],[544.0],[283.0],[431.0],[701.0],[607.0],[970.0],[487.0],[979.0],[493.0],[414.0],[294.0],[699.0],[472.0],[290.0],[261.0],[906.0],[472.0],[509.0],[493.0],[105.0],[759.0],[414.0],[89.0],[290.0],[171.0],[133.0],[544.0],[171.0],[979.0],[80.0],[405.0],[979.0],[220.0],[393.0],[787.0],[951.0],[261.0],[691.0],[260.0],[261.0],[751.0],[613.0],[970.0],[507.0],[714.0],[80.0],[624.0],[290.0],[635.0],[544.0],[493.0],[487.0],[635.0],[294.0],[877.0],[492.0]
664,[931.0],[313.0],[613.0],[877.0],[970.0],[311.0],[877.0],[311.0],[507.0],[906.0],[290.0],[708.0],[898.0],[254.0],[906.0],[311.0],[544.0],[533.0],[290.0],[730.0],[133.0],[906.0],[979.0],[928.0],[810.0],[89.0],[511.0],[578.0],[699.0],[730.0],[613.0],[290.0],[220.0],[613.0],[607.0],[254.0],[509.0],[171.0],[730.0],[119.0],[313.0],[133.0],[405.0],[171.0],[979.0],[260.0],[523.0],[533.0],[730.0],[56.0],[184.0],[759.0],[119.0],[472.0],[928.0],[523.0],[970.0],[171.0],[405.0],[220.0],[970.0],[260.0],[701.0],[376.0],[578.0],[472.0],[701.0],[691.0],[544.0],[708.0],[578.0],[979.0],[970.0],[283.0],[966.0],[578.0],[264.0],[701.0],[810.0],[931.0],[405.0],[254.0],[980.0],[931.0],[140.0],[414.0],[56.0],[492.0],[14.0],[283.0],[699.0],[691.0],[414.0],[730.0],[533.0],[288.0],[414.0],[533.0],[714.0],[635.0]
665,[607.0],[261.0],[171.0],[931.0],[56.0],[578.0],[393.0],[313.0],[970.0],[980.0],[254.0],[393.0],[952.0],[607.0],[283.0],[970.0],[578.0],[951.0],[613.0],[261.0],[708.0],[509.0],[56.0],[493.0],[942.0],[119.0],[487.0],[290.0],[523.0],[89.0],[56.0],[691.0],[533.0],[294.0],[701.0],[701.0],[376.0],[979.0],[220.0],[260.0],[472.0],[708.0],[110.0],[759.0],[578.0],[493.0],[69.0],[951.0],[294.0],[386.0],[472.0],[386.0],[533.0],[970.0],[906.0],[321.0],[110.0],[691.0],[256.0],[533.0],[56.0],[980.0],[533.0],[624.0],[290.0],[970.0],[613.0],[533.0],[979.0],[14.0],[386.0],[759.0],[759.0],[294.0],[544.0],[290.0],[133.0],[80.0],[699.0],[254.0],[29.0],[701.0],[393.0],[405.0],[343.0],[472.0],[261.0],[256.0],[105.0],[906.0],[523.0],[254.0],[472.0],[89.0],[701.0],[229.0],[472.0],[951.0],[105.0],[472.0]
666,[472.0],[507.0],[578.0],[607.0],[256.0],[290.0],[714.0],[56.0],[56.0],[220.0],[701.0],[877.0],[69.0],[701.0],[220.0],[313.0],[730.0],[691.0],[171.0],[405.0],[980.0],[220.0],[261.0],[220.0],[85.0],[260.0],[315.0],[311.0],[69.0],[701.0],[979.0],[493.0],[133.0],[928.0],[730.0],[89.0],[787.0],[254.0],[89.0],[294.0],[970.0],[877.0],[29.0],[386.0],[759.0],[294.0],[321.0],[260.0],[928.0],[311.0],[439.0],[311.0],[260.0],[56.0],[220.0],[85.0],[56.0],[254.0],[110.0],[951.0],[311.0],[393.0],[119.0],[787.0],[691.0],[56.0],[171.0],[254.0],[578.0],[509.0],[290.0],[290.0],[56.0],[928.0],[578.0],[691.0],[708.0],[119.0],[624.0],[701.0],[487.0],[533.0],[80.0],[544.0],[927.0],[979.0],[507.0],[635.0],[376.0],[220.0],[69.0],[951.0],[29.0],[578.0],[119.0],[184.0],[970.0],[931.0],[376.0],[970.0]
667,[730.0],[405.0],[979.0],[730.0],[110.0],[691.0],[80.0],[507.0],[256.0],[133.0],[119.0],[714.0],[321.0],[730.0],[493.0],[56.0],[691.0],[931.0],[691.0],[966.0],[877.0],[980.0],[405.0],[133.0],[667.0],[613.0],[466.0],[507.0],[431.0],[119.0],[759.0],[254.0],[951.0],[171.0],[89.0],[119.0],[810.0],[759.0],[133.0],[928.0],[261.0],[607.0],[966.0],[311.0],[290.0],[928.0],[636.0],[294.0],[89.0],[313.0],[677.0],[261.0],[294.0],[313.0],[133.0],[636.0],[405.0],[759.0],[29.0],[133.0],[261.0],[80.0],[260.0],[14.0],[254.0],[261.0],[119.0],[119.0],[290.0],[877.0],[311.0],[691.0],[261.0],[951.0],[171.0],[254.0],[877.0],[260.0],[14.0],[119.0],[544.0],[119.0],[294.0],[607.0],[511.0],[970.0],[256.0],[110.0],[509.0],[133.0],[321.0],[701.0],[970.0],[613.0],[951.0],[439.0],[56.0],[928.0],[431.0],[979.0]
668,[970.0],[966.0],[691.0],[714.0],[29.0],[254.0],[283.0],[261.0],[261.0],[80.0],[260.0],[105.0],[431.0],[119.0],[533.0],[261.0],[89.0],[607.0],[254.0],[544.0],[393.0],[133.0],[966.0],[533.0],[88.0],[294.0],[184.0],[691.0],[264.0],[260.0],[261.0],[533.0],[708.0],[906.0],[119.0],[260.0],[980.0],[701.0],[708.0],[493.0],[507.0],[714.0],[487.0],[260.0],[386.0],[906.0],[440.0],[931.0],[906.0],[507.0],[343.0],[405.0],[951.0],[507.0],[708.0],[440.0],[966.0],[701.0],[966.0],[931.0],[405.0],[283.0],[294.0],[810.0],[701.0],[405.0],[260.0],[951.0],[691.0],[714.0],[313.0],[254.0],[405.0],[220.0],[979.0],[759.0],[624.0],[283.0],[509.0],[260.0],[578.0],[260.0],[283.0],[691.0],[315.0],[56.0],[110.0],[414.0],[980.0],[493.0],[636.0],[931.0],[487.0],[290.0],[931.0],[857.0],[261.0],[607.0],[264.0],[759.0]
669,[56.0],[256.0],[254.0],[89.0],[487.0],[701.0],[105.0],[405.0],[405.0],[708.0],[294.0],[376.0],[636.0],[260.0],[133.0],[405.0],[613.0],[730.0],[701.0],[89.0],[714.0],[708.0],[759.0],[708.0],[699.0],[171.0],[288.0],[256.0],[624.0],[294.0],[405.0],[951.0],[877.0],[979.0],[260.0],[613.0],[699.0],[119.0],[877.0],[533.0],[544.0],[105.0],[184.0],[313.0],[691.0],[220.0],[733.0],[928.0],[613.0],[256.0],[970.0],[313.0],[931.0],[256.0],[493.0],[733.0],[544.0],[119.0],[487.0],[607.0],[966.0],[493.0],[928.0],[509.0],[119.0],[966.0],[294.0],[260.0],[759.0],[105.0],[691.0],[701.0],[966.0],[931.0],[290.0],[701.0],[14.0],[493.0],[523.0],[607.0],[290.0],[951.0],[493.0],[254.0],[28.0],[759.0],[405.0],[29.0],[787.0],[708.0],[440.0],[730.0],[56.0],[171.0],[260.0],[677.0],[759.0],[730.0],[787.0],[56.0]
670,[261.0],[544.0],[701.0],[613.0],[261.0],[119.0],[493.0],[966.0],[110.0],[877.0],[613.0],[80.0],[440.0],[613.0],[708.0],[966.0],[254.0],[254.0],[979.0],[578.0],[105.0],[877.0],[544.0],[951.0],[280.0],[979.0],[229.0],[701.0],[636.0],[928.0],[966.0],[931.0],[714.0],[220.0],[294.0],[171.0],[523.0],[294.0],[714.0],[906.0],[578.0],[376.0],[544.0],[507.0],[311.0],[533.0],[264.0],[906.0],[220.0],[110.0],[56.0],[507.0],[906.0],[261.0],[877.0],[667.0],[29.0],[260.0],[544.0],[708.0],[544.0],[533.0],[906.0],[980.0],[386.0],[386.0],[928.0],[294.0],[254.0],[376.0],[254.0],[119.0],[544.0],[607.0],[759.0],[386.0],[714.0],[294.0],[980.0],[730.0],[184.0],[294.0],[533.0],[701.0],[959.0],[386.0],[966.0],[487.0],[393.0],[533.0],[14.0],[119.0],[184.0],[691.0],[294.0],[492.0],[405.0],[89.0],[810.0],[386.0]
671,[613.0],[110.0],[759.0],[171.0],[184.0],[313.0],[533.0],[544.0],[966.0],[283.0],[171.0],[787.0],[20.0],[294.0],[877.0],[507.0],[171.0],[701.0],[119.0],[613.0],[80.0],[714.0],[386.0],[931.0],[523.0],[928.0],[439.0],[119.0],[14.0],[906.0],[544.0],[701.0],[931.0],[759.0],[928.0],[979.0],[80.0],[386.0],[171.0],[220.0],[290.0],[787.0],[439.0],[294.0],[254.0],[951.0],[20.0],[220.0],[133.0],[29.0],[261.0],[966.0],[220.0],[405.0],[714.0],[20.0],[487.0],[386.0],[184.0],[877.0],[313.0],[294.0],[951.0],[393.0],[260.0],[311.0],[979.0],[928.0],[701.0],[787.0],[701.0],[386.0],[386.0],[133.0],[119.0],[119.0],[509.0],[533.0],[69.0],[294.0],[439.0],[931.0],[951.0],[119.0],[98.0],[311.0],[544.0],[970.0],[810.0],[877.0],[733.0],[260.0],[439.0],[254.0],[607.0],[635.0],[966.0],[906.0],[624.0],[261.0]
672,[171.0],[29.0],[119.0],[105.0],[405.0],[260.0],[376.0],[290.0],[29.0],[714.0],[928.0],[810.0],[400.0],[171.0],[951.0],[544.0],[979.0],[119.0],[759.0],[290.0],[376.0],[105.0],[578.0],[607.0],[69.0],[906.0],[857.0],[260.0],[440.0],[220.0],[578.0],[607.0],[105.0],[386.0],[906.0],[759.0],[283.0],[928.0],[979.0],[133.0],[691.0],[730.0],[578.0],[928.0],[313.0],[931.0],[400.0],[133.0],[171.0],[261.0],[28.0],[578.0],[607.0],[110.0],[533.0],[400.0],[578.0],[311.0],[578.0],[714.0],[507.0],[928.0],[220.0],[523.0],[294.0],[544.0],[759.0],[906.0],[119.0],[980.0],[507.0],[260.0],[578.0],[708.0],[386.0],[311.0],[980.0],[951.0],[393.0],[928.0],[691.0],[928.0],[931.0],[730.0],[582.0],[313.0],[29.0],[56.0],[699.0],[951.0],[20.0],[294.0],[261.0],[701.0],[928.0],[140.0],[544.0],[220.0],[14.0],[311.0]
673,[405.0],[487.0],[386.0],[979.0],[966.0],[507.0],[787.0],[256.0],[544.0],[493.0],[906.0],[283.0],[191.0],[928.0],[714.0],[256.0],[759.0],[89.0],[260.0],[691.0],[787.0],[376.0],[290.0],[877.0],[898.0],[220.0],[677.0],[110.0],[733.0],[133.0],[386.0],[260.0],[607.0],[311.0],[220.0],[294.0],[321.0],[311.0],[105.0],[708.0],[254.0],[89.0],[857.0],[256.0],[701.0],[133.0],[191.0],[708.0],[708.0],[487.0],[959.0],[256.0],[133.0],[544.0],[105.0],[88.0],[184.0],[313.0],[290.0],[730.0],[578.0],[951.0],[931.0],[69.0],[928.0],[578.0],[386.0],[607.0],[386.0],[810.0],[119.0],[294.0],[311.0],[877.0],[311.0],[313.0],[393.0],[928.0],[321.0],[906.0],[857.0],[906.0],[607.0],[260.0],[466.0],[261.0],[578.0],[184.0],[523.0],[105.0],[400.0],[89.0],[405.0],[979.0],[730.0],[414.0],[578.0],[133.0],[509.0],[405.0]
674,[979.0],[184.0],[260.0],[759.0],[439.0],[110.0],[951.0],[691.0],[487.0],[931.0],[979.0],[699.0],[543.0],[979.0],[931.0],[110.0],[701.0],[260.0],[294.0],[254.0],[283.0],[787.0],[691.0],[730.0],[952.0],[133.0],[492.0],[294.0],[20.0],[708.0],[290.0],[730.0],[730.0],[133.0],[708.0],[386.0],[636.0],[906.0],[376.0],[931.0],[256.0],[613.0],[290.0],[906.0],[507.0],[607.0],[624.0],[607.0],[877.0],[405.0],[405.0],[290.0],[730.0],[578.0],[951.0],[280.0],[290.0],[294.0],[439.0],[105.0],[290.0],[931.0],[133.0],[321.0],[906.0],[290.0],[906.0],[220.0],[260.0],[699.0],[260.0],[311.0],[290.0],[730.0],[260.0],[507.0],[105.0],[607.0],[80.0],[220.0],[254.0],[607.0],[928.0],[294.0],[288.0],[405.0],[290.0],[439.0],[69.0],[376.0],[509.0],[928.0],[966.0],[759.0],[613.0],[472.0],[290.0],[613.0],[980.0],[966.0]
675,[966.0],[439.0],[294.0],[386.0],[544.0],[294.0],[810.0],[110.0],[578.0],[105.0],[759.0],[493.0],[651.0],[906.0],[607.0],[578.0],[119.0],[613.0],[928.0],[171.0],[493.0],[810.0],[311.0],[714.0],[321.0],[708.0],[635.0],[928.0],[400.0],[613.0],[691.0],[294.0],[89.0],[313.0],[613.0],[928.0],[440.0],[313.0],[759.0],[877.0],[110.0],[171.0],[691.0],[110.0],[256.0],[730.0],[543.0],[877.0],[714.0],[966.0],[966.0],[110.0],[708.0],[290.0],[931.0],[898.0],[439.0],[507.0],[691.0],[89.0],[256.0],[607.0],[607.0],[80.0],[311.0],[691.0],[220.0],[133.0],[294.0],[523.0],[256.0],[313.0],[691.0],[714.0],[294.0],[110.0],[80.0],[906.0],[636.0],[89.0],[677.0],[220.0],[906.0],[928.0],[229.0],[966.0],[487.0],[261.0],[80.0],[787.0],[980.0],[906.0],[544.0],[119.0],[171.0],[343.0],[311.0],[171.0],[699.0],[313.0]
676,[759.0],[578.0],[928.0],[311.0],[578.0],[29.0],[699.0],[254.0],[184.0],[607.0],[386.0],[523.0],[264.0],[220.0],[105.0],[290.0],[386.0],[171.0],[906.0],[701.0],[810.0],[393.0],[313.0],[105.0],[431.0],[877.0],[414.0],[906.0],[543.0],[171.0],[311.0],[928.0],[376.0],[708.0],[877.0],[906.0],[733.0],[507.0],[386.0],[105.0],[29.0],[979.0],[254.0],[220.0],[119.0],[708.0],[651.0],[105.0],[105.0],[184.0],[544.0],[691.0],[89.0],[691.0],[376.0],[952.0],[857.0],[928.0],[254.0],[613.0],[110.0],[730.0],[730.0],[636.0],[220.0],[254.0],[311.0],[730.0],[928.0],[69.0],[110.0],[906.0],[313.0],[105.0],[313.0],[260.0],[283.0],[220.0],[283.0],[613.0],[119.0],[730.0],[220.0],[906.0],[492.0],[544.0],[184.0],[857.0],[283.0],[810.0],[191.0],[613.0],[677.0],[386.0],[906.0],[970.0],[691.0],[708.0],[523.0],[507.0]
677,[578.0],[290.0],[311.0],[376.0],[290.0],[487.0],[523.0],[29.0],[439.0],[376.0],[220.0],[69.0],[485.0],[759.0],[376.0],[29.0],[311.0],[979.0],[220.0],[119.0],[533.0],[699.0],[254.0],[376.0],[636.0],[759.0],[140.0],[220.0],[980.0],[979.0],[313.0],[906.0],[787.0],[877.0],[714.0],[311.0],[493.0],[256.0],[787.0],[376.0],[487.0],[759.0],[677.0],[133.0],[260.0],[877.0],[485.0],[730.0],[376.0],[439.0],[578.0],[701.0],[877.0],[29.0],[607.0],[191.0],[677.0],[256.0],[701.0],[787.0],[691.0],[906.0],[708.0],[440.0],[133.0],[701.0],[133.0],[708.0],[311.0],[321.0],[29.0],[220.0],[254.0],[376.0],[928.0],[294.0],[376.0],[730.0],[440.0],[171.0],[260.0],[133.0],[133.0],[220.0],[635.0],[578.0],[691.0],[405.0],[321.0],[931.0],[543.0],[220.0],[578.0],[260.0],[220.0],[56.0],[254.0],[979.0],[393.0],[256.0]
678,[386.0],[691.0],[906.0],[313.0],[691.0],[928.0],[931.0],[487.0],[290.0],[730.0],[311.0],[321.0],[926.0],[133.0],[787.0],[691.0],[260.0],[759.0],[386.0],[260.0],[951.0],[523.0],[507.0],[787.0],[440.0],[714.0],[472.0],[29.0],[393.0],[877.0],[254.0],[220.0],[613.0],[714.0],[171.0],[220.0],[533.0],[220.0],[810.0],[607.0],[184.0],[386.0],[701.0],[29.0],[110.0],[714.0],[926.0],[376.0],[979.0],[857.0],[98.0],[29.0],[613.0],[487.0],[787.0],[543.0],[691.0],[906.0],[857.0],[810.0],[29.0],[133.0],[89.0],[733.0],[313.0],[119.0],[708.0],[714.0],[313.0],[393.0],[487.0],[507.0],[507.0],[787.0],[507.0],[29.0],[493.0],[133.0],[493.0],[979.0],[294.0],[708.0],[708.0],[133.0],[414.0],[290.0],[701.0],[966.0],[493.0],[699.0],[393.0],[133.0],[290.0],[294.0],[133.0],[261.0],[119.0],[877.0],[69.0],[544.0]
679,[290.0],[254.0],[313.0],[787.0],[254.0],[184.0],[607.0],[701.0],[691.0],[89.0],[133.0],[636.0],[679.0],[708.0],[730.0],[254.0],[928.0],[386.0],[133.0],[294.0],[931.0],[69.0],[119.0],[810.0],[264.0],[105.0],[343.0],[133.0],[80.0],[714.0],[507.0],[89.0],[810.0],[376.0],[376.0],[313.0],[20.0],[110.0],[311.0],[787.0],[701.0],[810.0],[119.0],[487.0],[294.0],[89.0],[679.0],[89.0],[787.0],[677.0],[290.0],[487.0],[171.0],[184.0],[810.0],[431.0],[254.0],[110.0],[119.0],[699.0],[487.0],[877.0],[613.0],[283.0],[708.0],[260.0],[877.0],[376.0],[507.0],[283.0],[184.0],[133.0],[701.0],[89.0],[256.0],[487.0],[787.0],[89.0],[733.0],[133.0],[928.0],[877.0],[877.0],[89.0],[261.0],[691.0],[119.0],[544.0],[636.0],[523.0],[651.0],[708.0],[691.0],[928.0],[979.0],[405.0],[260.0],[759.0],[80.0],[578.0]
680,[313.0],[701.0],[507.0],[810.0],[857.0],[906.0],[69.0],[119.0],[254.0],[613.0],[708.0],[533.0],[624.0],[877.0],[810.0],[487.0],[313.0],[294.0],[311.0],[979.0],[607.0],[636.0],[256.0],[699.0],[624.0],[376.0],[927.0],[708.0],[283.0],[759.0],[701.0],[613.0],[171.0],[787.0],[787.0],[507.0],[951.0],[133.0],[699.0],[730.0],[119.0],[311.0],[260.0],[184.0],[29.0],[613.0],[924.0],[613.0],[810.0],[544.0],[691.0],[184.0],[979.0],[254.0],[699.0],[264.0],[140.0],[220.0],[260.0],[171.0],[184.0],[89.0],[171.0],[400.0],[507.0],[313.0],[714.0],[787.0],[906.0],[493.0],[294.0],[256.0],[119.0],[613.0],[906.0],[184.0],[810.0],[708.0],[20.0],[759.0],[906.0],[89.0],[714.0],[613.0],[405.0],[507.0],[260.0],[677.0],[533.0],[607.0],[485.0],[877.0],[254.0],[311.0],[708.0],[927.0],[294.0],[714.0],[493.0],[110.0]
681,[691.0],[119.0],[220.0],[699.0],[701.0],[439.0],[730.0],[184.0],[701.0],[787.0],[877.0],[951.0],[924.0],[714.0],[89.0],[701.0],[906.0],[928.0],[313.0],[759.0],[699.0],[440.0],[260.0],[523.0],[733.0],[386.0],[970.0],[877.0],[651.0],[386.0],[256.0],[171.0],[979.0],[810.0],[979.0],[256.0],[931.0],[708.0],[523.0],[810.0],[260.0],[699.0],[140.0],[877.0],[928.0],[105.0],[199.0],[787.0],[699.0],[578.0],[254.0],[439.0],[759.0],[701.0],[730.0],[651.0],[343.0],[133.0],[677.0],[979.0],[439.0],[613.0],[877.0],[543.0],[877.0],[507.0],[105.0],[810.0],[220.0],[533.0],[928.0],[708.0],[260.0],[810.0],[220.0],[439.0],[699.0],[877.0],[533.0],[386.0],[220.0],[613.0],[730.0],[171.0],[911.0],[254.0],[294.0],[140.0],[733.0],[69.0],[926.0],[714.0],[140.0],[313.0],[877.0],[966.0],[313.0],[105.0],[321.0],[290.0]
682,[701.0],[260.0],[256.0],[507.0],[119.0],[857.0],[321.0],[439.0],[857.0],[171.0],[313.0],[440.0],[199.0],[105.0],[613.0],[119.0],[507.0],[311.0],[507.0],[386.0],[523.0],[733.0],[294.0],[89.0],[20.0],[787.0],[28.0],[714.0],[485.0],[311.0],[119.0],[979.0],[759.0],[507.0],[810.0],[133.0],[400.0],[877.0],[69.0],[699.0],[294.0],[313.0],[343.0],[714.0],[487.0],[376.0],[237.0],[810.0],[759.0],[290.0],[701.0],[119.0],[386.0],[439.0],[523.0],[485.0],[701.0],[29.0],[294.0],[523.0],[254.0],[171.0],[979.0],[493.0],[256.0],[256.0],[313.0],[699.0],[133.0],[931.0],[906.0],[877.0],[928.0],[171.0],[133.0],[857.0],[523.0],[714.0],[951.0],[311.0],[140.0],[714.0],[105.0],[979.0],[777.0],[701.0],[439.0],[578.0],[951.0],[321.0],[80.0],[105.0],[343.0],[507.0],[714.0],[28.0],[928.0],[376.0],[636.0],[29.0]
683,[119.0],[857.0],[110.0],[523.0],[260.0],[677.0],[636.0],[857.0],[119.0],[810.0],[714.0],[733.0],[14.0],[376.0],[171.0],[260.0],[256.0],[906.0],[708.0],[313.0],[69.0],[80.0],[928.0],[613.0],[14.0],[810.0],[56.0],[105.0],[926.0],[105.0],[260.0],[759.0],[386.0],[256.0],[699.0],[708.0],[191.0],[29.0],[321.0],[523.0],[928.0],[507.0],[294.0],[376.0],[906.0],[787.0],[566.0],[979.0],[523.0],[691.0],[119.0],[260.0],[714.0],[119.0],[69.0],[926.0],[927.0],[487.0],[928.0],[759.0],[701.0],[714.0],[714.0],[651.0],[714.0],[294.0],[507.0],[523.0],[256.0],[636.0],[439.0],[714.0],[906.0],[699.0],[708.0],[928.0],[69.0],[613.0],[400.0],[313.0],[133.0],[105.0],[376.0],[708.0],[966.0],[119.0],[928.0],[343.0],[931.0],[636.0],[679.0],[171.0],[28.0],[906.0],[759.0],[959.0],[256.0],[386.0],[533.0],[487.0]
684,[507.0],[294.0],[29.0],[69.0],[294.0],[140.0],[89.0],[677.0],[677.0],[699.0],[105.0],[931.0],[509.0],[386.0],[979.0],[294.0],[220.0],[220.0],[877.0],[928.0],[321.0],[20.0],[906.0],[69.0],[400.0],[699.0],[261.0],[376.0],[493.0],[313.0],[928.0],[133.0],[311.0],[699.0],[759.0],[110.0],[543.0],[714.0],[636.0],[69.0],[439.0],[256.0],[928.0],[787.0],[220.0],[171.0],[14.0],[699.0],[386.0],[140.0],[260.0],[294.0],[311.0],[260.0],[321.0],[624.0],[119.0],[184.0],[906.0],[69.0],[119.0],[979.0],[105.0],[533.0],[110.0],[928.0],[376.0],[89.0],[708.0],[607.0],[857.0],[110.0],[220.0],[979.0],[877.0],[220.0],[533.0],[105.0],[191.0],[507.0],[708.0],[171.0],[613.0],[877.0],[429.0],[256.0],[906.0],[927.0],[607.0],[440.0],[283.0],[376.0],[959.0],[256.0],[105.0],[544.0],[110.0],[787.0],[951.0],[691.0]
685,[260.0],[928.0],[487.0],[321.0],[928.0],[220.0],[440.0],[260.0],[140.0],[523.0],[376.0],[607.0],[237.0],[787.0],[699.0],[928.0],[110.0],[133.0],[714.0],[906.0],[636.0],[493.0],[220.0],[321.0],[509.0],[311.0],[405.0],[787.0],[533.0],[376.0],[110.0],[708.0],[699.0],[523.0],[386.0],[29.0],[651.0],[105.0],[440.0],[321.0],[857.0],[523.0],[906.0],[810.0],[133.0],[810.0],[509.0],[523.0],[69.0],[343.0],[294.0],[857.0],[313.0],[857.0],[89.0],[14.0],[260.0],[439.0],[140.0],[321.0],[857.0],[759.0],[376.0],[951.0],[29.0],[110.0],[256.0],[69.0],[110.0],[440.0],[220.0],[105.0],[256.0],[523.0],[29.0],[133.0],[321.0],[171.0],[931.0],[708.0],[877.0],[979.0],[787.0],[714.0],[544.0],[110.0],[857.0],[290.0],[20.0],[733.0],[493.0],[979.0],[98.0],[110.0],[376.0],[98.0],[906.0],[810.0],[440.0],[184.0]
686,[294.0],[906.0],[133.0],[256.0],[906.0],[133.0],[613.0],[140.0],[260.0],[979.0],[787.0],[89.0],[566.0],[810.0],[759.0],[184.0],[708.0],[708.0],[256.0],[220.0],[440.0],[533.0],[133.0],[171.0],[980.0],[523.0],[959.0],[487.0],[951.0],[787.0],[906.0],[714.0],[523.0],[110.0],[311.0],[487.0],[607.0],[376.0],[733.0],[636.0],[677.0],[110.0],[927.0],[699.0],[708.0],[979.0],[545.0],[69.0],[311.0],[254.0],[928.0],[928.0],[105.0],[677.0],[636.0],[679.0],[28.0],[708.0],[343.0],[440.0],[260.0],[105.0],[787.0],[485.0],[487.0],[29.0],[787.0],[613.0],[877.0],[730.0],[133.0],[376.0],[133.0],[69.0],[714.0],[708.0],[951.0],[376.0],[543.0],[877.0],[714.0],[376.0],[171.0],[759.0],[578.0],[29.0],[677.0],[691.0],[730.0],[20.0],[924.0],[787.0],[701.0],[29.0],[787.0],[578.0],[220.0],[699.0],[931.0],[439.0]
687,[256.0],[677.0],[184.0],[636.0],[677.0],[708.0],[171.0],[343.0],[294.0],[69.0],[810.0],[20.0],[980.0],[699.0],[386.0],[906.0],[29.0],[877.0],[110.0],[133.0],[733.0],[951.0],[708.0],[440.0],[191.0],[69.0],[98.0],[810.0],[679.0],[810.0],[220.0],[105.0],[69.0],[69.0],[313.0],[184.0],[485.0],[487.0],[20.0],[89.0],[906.0],[69.0],[28.0],[523.0],[877.0],[699.0],[393.0],[321.0],[321.0],[927.0],[906.0],[906.0],[376.0],[140.0],[440.0],[924.0],[959.0],[857.0],[220.0],[733.0],[294.0],[376.0],[810.0],[926.0],[105.0],[487.0],[810.0],[636.0],[29.0],[733.0],[677.0],[29.0],[110.0],[759.0],[487.0],[677.0],[636.0],[810.0],[607.0],[256.0],[343.0],[759.0],[810.0],[386.0],[793.0],[260.0],[220.0],[254.0],[89.0],[400.0],[199.0],[810.0],[119.0],[220.0],[810.0],[911.0],[29.0],[523.0],[733.0],[857.0]
688,[110.0],[140.0],[439.0],[440.0],[220.0],[343.0],[733.0],[294.0],[928.0],[759.0],[699.0],[613.0],[545.0],[311.0],[523.0],[439.0],[487.0],[714.0],[29.0],[708.0],[20.0],[400.0],[110.0],[979.0],[393.0],[321.0],[911.0],[699.0],[924.0],[699.0],[29.0],[376.0],[321.0],[321.0],[523.0],[439.0],[679.0],[184.0],[400.0],[440.0],[220.0],[321.0],[220.0],[69.0],[184.0],[759.0],[80.0],[636.0],[313.0],[701.0],[220.0],[677.0],[507.0],[294.0],[613.0],[199.0],[294.0],[677.0],[927.0],[20.0],[906.0],[386.0],[759.0],[931.0],[439.0],[184.0],[110.0],[171.0],[714.0],[613.0],[140.0],[487.0],[708.0],[321.0],[184.0],[140.0],[440.0],[979.0],[651.0],[110.0],[105.0],[810.0],[699.0],[105.0],[290.0],[294.0],[133.0],[701.0],[613.0],[191.0],[237.0],[699.0],[911.0],[877.0],[386.0],[290.0],[487.0],[69.0],[607.0],[254.0]
689,[29.0],[220.0],[708.0],[110.0],[140.0],[927.0],[20.0],[927.0],[343.0],[321.0],[523.0],[400.0],[393.0],[523.0],[69.0],[857.0],[184.0],[313.0],[487.0],[877.0],[730.0],[191.0],[29.0],[733.0],[543.0],[313.0],[966.0],[184.0],[931.0],[523.0],[133.0],[787.0],[636.0],[636.0],[256.0],[877.0],[924.0],[439.0],[313.0],[733.0],[140.0],[29.0],[133.0],[321.0],[439.0],[386.0],[150.0],[440.0],[507.0],[119.0],[911.0],[140.0],[787.0],[928.0],[171.0],[566.0],[98.0],[877.0],[133.0],[400.0],[677.0],[787.0],[699.0],[679.0],[376.0],[906.0],[699.0],[979.0],[105.0],[171.0],[708.0],[184.0],[877.0],[636.0],[439.0],[877.0],[733.0],[759.0],[730.0],[714.0],[927.0],[386.0],[523.0],[311.0],[900.0],[928.0],[140.0],[119.0],[400.0],[651.0],[566.0],[759.0],[260.0],[487.0],[699.0],[691.0],[184.0],[311.0],[20.0],[701.0]
690,[487.0],[343.0],[857.0],[733.0],[133.0],[877.0],[400.0],[28.0],[906.0],[386.0],[69.0],[191.0],[80.0],[69.0],[321.0],[220.0],[439.0],[507.0],[439.0],[105.0],[89.0],[543.0],[877.0],[759.0],[651.0],[636.0],[777.0],[439.0],[199.0],[69.0],[708.0],[386.0],[440.0],[29.0],[69.0],[714.0],[730.0],[787.0],[191.0],[20.0],[133.0],[636.0],[959.0],[636.0],[714.0],[311.0],[283.0],[733.0],[636.0],[959.0],[777.0],[220.0],[810.0],[906.0],[733.0],[545.0],[928.0],[140.0],[708.0],[386.0],[140.0],[311.0],[386.0],[924.0],[857.0],[220.0],[523.0],[759.0],[487.0],[20.0],[343.0],[787.0],[714.0],[440.0],[105.0],[714.0],[20.0],[523.0],[485.0],[487.0],[28.0],[311.0],[69.0],[376.0],[678.0],[487.0],[708.0],[260.0],[191.0],[485.0],[533.0],[69.0],[777.0],[714.0],[523.0],[777.0],[439.0],[321.0],[400.0],[119.0]
691,[184.0],[133.0],[877.0],[29.0],[708.0],[28.0],[191.0],[959.0],[220.0],[636.0],[507.0],[171.0],[150.0],[321.0],[636.0],[133.0],[857.0],[256.0],[105.0],[507.0],[613.0],[651.0],[714.0],[20.0],[80.0],[507.0],[544.0],[523.0],[237.0],[321.0],[877.0],[311.0],[313.0],[440.0],[321.0],[105.0],[199.0],[857.0],[507.0],[400.0],[343.0],[440.0],[98.0],[440.0],[105.0],[313.0],[168.0],[759.0],[440.0],[260.0],[133.0],[133.0],[699.0],[220.0],[400.0],[150.0],[906.0],[343.0],[877.0],[311.0],[343.0],[810.0],[311.0],[607.0],[787.0],[133.0],[29.0],[386.0],[376.0],[979.0],[927.0],[810.0],[29.0],[733.0],[857.0],[343.0],[931.0],[386.0],[89.0],[184.0],[376.0],[313.0],[321.0],[787.0],[691.0],[906.0],[877.0],[28.0],[543.0],[926.0],[951.0],[386.0],[830.0],[184.0],[69.0],[830.0],[133.0],[636.0],[730.0],[260.0]
692,[928.0],[708.0],[677.0],[20.0],[343.0],[714.0],[543.0],[98.0],[927.0],[311.0],[321.0],[979.0],[283.0],[636.0],[440.0],[708.0],[677.0],[110.0],[376.0],[376.0],[171.0],[931.0],[105.0],[386.0],[485.0],[440.0],[578.0],[69.0],[566.0],[440.0],[487.0],[313.0],[733.0],[733.0],[636.0],[376.0],[89.0],[810.0],[543.0],[191.0],[927.0],[487.0],[708.0],[439.0],[857.0],[523.0],[493.0],[20.0],[256.0],[98.0],[877.0],[708.0],[523.0],[133.0],[191.0],[168.0],[220.0],[105.0],[28.0],[313.0],[220.0],[699.0],[523.0],[730.0],[810.0],[439.0],[487.0],[311.0],[787.0],[759.0],[28.0],[699.0],[105.0],[386.0],[677.0],[105.0],[400.0],[69.0],[613.0],[439.0],[959.0],[523.0],[979.0],[699.0],[254.0],[220.0],[927.0],[294.0],[171.0],[730.0],[931.0],[321.0],[429.0],[105.0],[311.0],[254.0],[708.0],[440.0],[89.0],[294.0]
693,[439.0],[877.0],[140.0],[487.0],[877.0],[105.0],[979.0],[911.0],[28.0],[440.0],[636.0],[759.0],[168.0],[440.0],[733.0],[877.0],[140.0],[29.0],[787.0],[256.0],[400.0],[485.0],[487.0],[311.0],[926.0],[256.0],[290.0],[321.0],[607.0],[733.0],[184.0],[507.0],[20.0],[20.0],[440.0],[787.0],[613.0],[677.0],[256.0],[543.0],[28.0],[184.0],[877.0],[857.0],[787.0],[69.0],[23.0],[386.0],[733.0],[911.0],[105.0],[343.0],[256.0],[343.0],[543.0],[23.0],[133.0],[376.0],[959.0],[507.0],[28.0],[507.0],[313.0],[89.0],[677.0],[857.0],[69.0],[313.0],[184.0],[400.0],[877.0],[523.0],[376.0],[20.0],[140.0],[376.0],[191.0],[321.0],[171.0],[105.0],[787.0],[507.0],[759.0],[313.0],[701.0],[184.0],[714.0],[928.0],[651.0],[89.0],[545.0],[311.0],[793.0],[376.0],[636.0],[701.0],[877.0],[733.0],[191.0],[928.0]
694,[906.0],[714.0],[343.0],[400.0],[714.0],[376.0],[759.0],[928.0],[133.0],[733.0],[256.0],[651.0],[23.0],[313.0],[20.0],[677.0],[877.0],[105.0],[810.0],[810.0],[979.0],[607.0],[376.0],[400.0],[679.0],[733.0],[691.0],[636.0],[545.0],[507.0],[714.0],[699.0],[400.0],[400.0],[733.0],[810.0],[237.0],[699.0],[651.0],[485.0],[708.0],[733.0],[911.0],[677.0],[810.0],[507.0],[218.0],[400.0],[20.0],[294.0],[376.0],[927.0],[321.0],[708.0],[979.0],[509.0],[911.0],[787.0],[714.0],[191.0],[959.0],[523.0],[507.0],[199.0],[699.0],[708.0],[321.0],[733.0],[810.0],[386.0],[959.0],[69.0],[787.0],[400.0],[376.0],[787.0],[607.0],[636.0],[979.0],[857.0],[98.0],[69.0],[386.0],[507.0],[119.0],[133.0],[28.0],[959.0],[979.0],[613.0],[607.0],[313.0],[678.0],[857.0],[440.0],[429.0],[714.0],[313.0],[543.0],[906.0]
695,[220.0],[927.0],[714.0],[184.0],[105.0],[787.0],[311.0],[906.0],[877.0],[507.0],[440.0],[386.0],[218.0],[733.0],[400.0],[140.0],[714.0],[376.0],[699.0],[110.0],[191.0],[89.0],[184.0],[191.0],[924.0],[110.0],[254.0],[857.0],[730.0],[256.0],[105.0],[256.0],[191.0],[191.0],[110.0],[857.0],[566.0],[140.0],[485.0],[613.0],[959.0],[20.0],[777.0],[140.0],[699.0],[321.0],[533.0],[311.0],[400.0],[928.0],[787.0],[28.0],[636.0],[877.0],[759.0],[980.0],[777.0],[927.0],[105.0],[543.0],[98.0],[69.0],[69.0],[237.0],[523.0],[877.0],[636.0],[20.0],[439.0],[311.0],[714.0],[439.0],[487.0],[311.0],[343.0],[810.0],[543.0],[440.0],[759.0],[677.0],[810.0],[321.0],[636.0],[523.0],[550.0],[708.0],[959.0],[906.0],[485.0],[679.0],[730.0],[507.0],[294.0],[787.0],[313.0],[119.0],[105.0],[20.0],[613.0],[220.0]
696,[133.0],[105.0],[105.0],[439.0],[376.0],[810.0],[651.0],[220.0],[959.0],[20.0],[29.0],[485.0],[493.0],[20.0],[311.0],[343.0],[105.0],[787.0],[857.0],[29.0],[759.0],[926.0],[787.0],[313.0],[283.0],[29.0],[830.0],[440.0],[150.0],[20.0],[376.0],[523.0],[543.0],[543.0],[29.0],[677.0],[171.0],[523.0],[926.0],[926.0],[98.0],[400.0],[714.0],[343.0],[677.0],[636.0],[951.0],[313.0],[110.0],[220.0],[830.0],[959.0],[110.0],[714.0],[386.0],[218.0],[708.0],[810.0],[376.0],[256.0],[911.0],[256.0],[321.0],[613.0],[140.0],[105.0],[440.0],[400.0],[699.0],[191.0],[105.0],[857.0],[810.0],[191.0],[927.0],[927.0],[730.0],[311.0],[926.0],[376.0],[699.0],[256.0],[440.0],[256.0],[260.0],[439.0],[105.0],[220.0],[926.0],[171.0],[89.0],[636.0],[928.0],[677.0],[507.0],[793.0],[857.0],[400.0],[171.0],[133.0]
697,[857.0],[376.0],[376.0],[857.0],[927.0],[959.0],[485.0],[133.0],[98.0],[256.0],[733.0],[926.0],[360.0],[400.0],[191.0],[714.0],[376.0],[810.0],[677.0],[487.0],[543.0],[613.0],[810.0],[543.0],[493.0],[487.0],[701.0],[677.0],[168.0],[400.0],[787.0],[321.0],[507.0],[651.0],[487.0],[140.0],[545.0],[69.0],[679.0],[679.0],[877.0],[439.0],[830.0],[927.0],[140.0],[440.0],[360.0],[191.0],[191.0],[133.0],[429.0],[877.0],[29.0],[927.0],[651.0],[393.0],[877.0],[28.0],[787.0],[110.0],[777.0],[110.0],[256.0],[171.0],[69.0],[677.0],[733.0],[191.0],[857.0],[543.0],[376.0],[321.0],[184.0],[313.0],[787.0],[28.0],[89.0],[313.0],[386.0],[787.0],[523.0],[636.0],[311.0],[110.0],[294.0],[877.0],[376.0],[133.0],[679.0],[979.0],[613.0],[256.0],[275.0],[140.0],[110.0],[260.0],[677.0],[507.0],[979.0],[708.0]
698,[708.0],[28.0],[810.0],[140.0],[28.0],[98.0],[313.0],[708.0],[714.0],[400.0],[487.0],[311.0],[789.0],[191.0],[543.0],[105.0],[810.0],[487.0],[140.0],[439.0],[386.0],[679.0],[699.0],[651.0],[199.0],[184.0],[429.0],[140.0],[23.0],[191.0],[439.0],[636.0],[256.0],[926.0],[20.0],[699.0],[150.0],[321.0],[199.0],[171.0],[714.0],[191.0],[429.0],[28.0],[523.0],[733.0],[607.0],[543.0],[29.0],[708.0],[810.0],[105.0],[487.0],[105.0],[311.0],[80.0],[714.0],[699.0],[810.0],[651.0],[830.0],[321.0],[110.0],[566.0],[321.0],[376.0],[439.0],[543.0],[523.0],[651.0],[787.0],[677.0],[69.0],[256.0],[28.0],[699.0],[651.0],[507.0],[679.0],[343.0],[911.0],[29.0],[313.0],[69.0],[928.0],[714.0],[787.0],[708.0],[924.0],[924.0],[171.0],[440.0],[906.0],[810.0],[20.0],[294.0],[376.0],[256.0],[759.0],[877.0]
699,[877.0],[787.0],[927.0],[343.0],[787.0],[699.0],[926.0],[777.0],[911.0],[191.0],[184.0],[679.0],[359.0],[543.0],[313.0],[376.0],[699.0],[699.0],[523.0],[699.0],[651.0],[171.0],[439.0],[926.0],[237.0],[20.0],[119.0],[343.0],[89.0],[543.0],[810.0],[110.0],[485.0],[679.0],[400.0],[523.0],[168.0],[636.0],[237.0],[979.0],[105.0],[543.0],[105.0],[959.0],[69.0],[20.0],[789.0],[651.0],[184.0],[877.0],[793.0],[376.0],[440.0],[28.0],[485.0],[283.0],[105.0],[523.0],[98.0],[485.0],[133.0],[636.0],[636.0],[545.0],[927.0],[140.0],[857.0],[507.0],[69.0],[313.0],[810.0],[636.0],[321.0],[110.0],[959.0],[959.0],[485.0],[256.0],[924.0],[810.0],[777.0],[487.0],[733.0],[29.0],[906.0],[857.0],[810.0],[877.0],[199.0],[199.0],[979.0],[733.0],[220.0],[343.0],[400.0],[678.0],[787.0],[191.0],[386.0],[677.0]
700,[714.0],[810.0],[28.0],[191.0],[810.0],[911.0],[679.0],[830.0],[105.0],[110.0],[439.0],[924.0],[533.0],[485.0],[507.0],[927.0],[343.0],[523.0],[69.0],[523.0],[311.0],[924.0],[857.0],[507.0],[566.0],[400.0],[793.0],[733.0],[218.0],[651.0],[699.0],[440.0],[926.0],[924.0],[191.0],[69.0],[979.0],[343.0],[566.0],[924.0],[911.0],[651.0],[793.0],[733.0],[636.0],[256.0],[359.0],[485.0],[439.0],[714.0],[699.0],[98.0],[184.0],[376.0],[313.0],[493.0],[376.0],[69.0],[699.0],[926.0],[429.0],[29.0],[440.0],[150.0],[636.0],[343.0],[20.0],[256.0],[677.0],[485.0],[699.0],[140.0],[439.0],[543.0],[810.0],[523.0],[613.0],[733.0],[199.0],[699.0],[830.0],[440.0],[507.0],[321.0],[167.0],[140.0],[98.0],[714.0],[759.0],[386.0],[150.0],[20.0],[550.0],[699.0],[191.0],[928.0],[140.0],[543.0],[651.0],[105.0]
701,[105.0],[959.0],[699.0],[927.0],[959.0],[777.0],[507.0],[877.0],[376.0],[543.0],[20.0],[313.0],[951.0],[926.0],[256.0],[787.0],[927.0],[439.0],[321.0],[857.0],[485.0],[979.0],[677.0],[679.0],[533.0],[191.0],[900.0],[927.0],[360.0],[110.0],[523.0],[733.0],[679.0],[487.0],[543.0],[321.0],[23.0],[440.0],[545.0],[199.0],[376.0],[857.0],[376.0],[98.0],[343.0],[110.0],[902.0],[110.0],[543.0],[777.0],[523.0],[787.0],[439.0],[787.0],[926.0],[360.0],[787.0],[321.0],[523.0],[679.0],[793.0],[487.0],[733.0],[168.0],[440.0],[927.0],[677.0],[651.0],[321.0],[926.0],[523.0],[343.0],[857.0],[29.0],[699.0],[69.0],[679.0],[29.0],[237.0],[28.0],[69.0],[733.0],[256.0],[487.0],[361.0],[105.0],[699.0],[98.0],[386.0],[311.0],[168.0],[29.0],[361.0],[523.0],[29.0],[275.0],[343.0],[651.0],[311.0],[787.0]
702,[376.0],[699.0],[523.0],[543.0],[98.0],[830.0],[924.0],[429.0],[787.0],[651.0],[857.0],[199.0],[902.0],[679.0],[110.0],[28.0],[523.0],[69.0],[343.0],[677.0],[926.0],[759.0],[140.0],[256.0],[545.0],[543.0],[260.0],[20.0],[613.0],[29.0],[857.0],[20.0],[924.0],[237.0],[184.0],[343.0],[759.0],[733.0],[150.0],[759.0],[777.0],[677.0],[787.0],[20.0],[440.0],[400.0],[645.0],[926.0],[651.0],[830.0],[69.0],[810.0],[857.0],[810.0],[507.0],[533.0],[810.0],[636.0],[69.0],[924.0],[708.0],[184.0],[20.0],[23.0],[28.0],[28.0],[140.0],[110.0],[636.0],[507.0],[69.0],[440.0],[677.0],[487.0],[523.0],[98.0],[924.0],[20.0],[566.0],[959.0],[321.0],[20.0],[29.0],[636.0],[220.0],[376.0],[777.0],[911.0],[237.0],[237.0],[23.0],[487.0],[133.0],[69.0],[543.0],[550.0],[810.0],[485.0],[507.0],[810.0]
703,[787.0],[523.0],[69.0],[28.0],[911.0],[523.0],[199.0],[714.0],[810.0],[29.0],[400.0],[507.0],[645.0],[507.0],[651.0],[810.0],[28.0],[857.0],[636.0],[69.0],[679.0],[386.0],[523.0],[110.0],[150.0],[651.0],[678.0],[28.0],[979.0],[487.0],[69.0],[29.0],[110.0],[566.0],[651.0],[636.0],[218.0],[20.0],[110.0],[386.0],[787.0],[485.0],[900.0],[911.0],[733.0],[191.0],[147.0],[29.0],[857.0],[429.0],[321.0],[911.0],[677.0],[699.0],[679.0],[951.0],[429.0],[733.0],[321.0],[199.0],[877.0],[439.0],[400.0],[979.0],[959.0],[959.0],[400.0],[485.0],[440.0],[679.0],[321.0],[733.0],[636.0],[651.0],[98.0],[321.0],[171.0],[400.0],[545.0],[523.0],[636.0],[400.0],[20.0],[440.0],[133.0],[787.0],[523.0],[105.0],[566.0],[566.0],[759.0],[184.0],[708.0],[321.0],[651.0],[167.0],[699.0],[110.0],[485.0],[140.0]
704,[343.0],[69.0],[321.0],[651.0],[699.0],[429.0],[256.0],[105.0],[699.0],[485.0],[677.0],[237.0],[931.0],[256.0],[29.0],[699.0],[69.0],[321.0],[440.0],[321.0],[924.0],[311.0],[69.0],[29.0],[951.0],[439.0],[275.0],[400.0],[759.0],[184.0],[321.0],[487.0],[29.0],[184.0],[439.0],[927.0],[386.0],[400.0],[29.0],[311.0],[830.0],[140.0],[810.0],[777.0],[927.0],[543.0],[258.0],[487.0],[677.0],[105.0],[636.0],[523.0],[733.0],[523.0],[924.0],[789.0],[699.0],[20.0],[636.0],[237.0],[900.0],[733.0],[29.0],[759.0],[733.0],[98.0],[191.0],[29.0],[140.0],[924.0],[636.0],[20.0],[440.0],[485.0],[69.0],[636.0],[979.0],[487.0],[150.0],[98.0],[429.0],[191.0],[400.0],[733.0],[708.0],[810.0],[69.0],[376.0],[545.0],[545.0],[386.0],[439.0],[449.0],[636.0],[487.0],[906.0],[523.0],[926.0],[926.0],[343.0]
705,[927.0],[98.0],[636.0],[485.0],[777.0],[69.0],[237.0],[376.0],[777.0],[926.0],[140.0],[256.0],[607.0],[924.0],[485.0],[523.0],[959.0],[636.0],[733.0],[636.0],[313.0],[199.0],[343.0],[924.0],[931.0],[485.0],[550.0],[191.0],[789.0],[439.0],[677.0],[400.0],[487.0],[439.0],[485.0],[959.0],[360.0],[927.0],[168.0],[313.0],[429.0],[926.0],[699.0],[830.0],[20.0],[651.0],[806.0],[679.0],[140.0],[900.0],[440.0],[69.0],[20.0],[959.0],[256.0],[359.0],[793.0],[959.0],[911.0],[566.0],[714.0],[20.0],[191.0],[218.0],[20.0],[787.0],[543.0],[926.0],[733.0],[256.0],[98.0],[191.0],[343.0],[679.0],[777.0],[911.0],[199.0],[191.0],[311.0],[69.0],[440.0],[184.0],[191.0],[184.0],[449.0],[699.0],[321.0],[810.0],[311.0],[313.0],[311.0],[400.0],[877.0],[927.0],[184.0],[220.0],[927.0],[679.0],[256.0],[699.0]
706,[28.0],[911.0],[440.0],[959.0],[830.0],[321.0],[110.0],[787.0],[523.0],[679.0],[343.0],[566.0],[730.0],[110.0],[487.0],[69.0],[98.0],[440.0],[927.0],[733.0],[199.0],[237.0],[927.0],[487.0],[23.0],[857.0],[167.0],[959.0],[359.0],[485.0],[140.0],[184.0],[199.0],[545.0],[926.0],[440.0],[789.0],[191.0],[23.0],[237.0],[810.0],[679.0],[523.0],[400.0],[400.0],[29.0],[89.0],[924.0],[485.0],[678.0],[900.0],[321.0],[140.0],[69.0],[199.0],[902.0],[523.0],[400.0],[777.0],[29.0],[678.0],[857.0],[487.0],[360.0],[400.0],[810.0],[651.0],[487.0],[20.0],[110.0],[440.0],[927.0],[733.0],[184.0],[321.0],[777.0],[237.0],[543.0],[168.0],[911.0],[733.0],[439.0],[487.0],[439.0],[877.0],[523.0],[636.0],[699.0],[150.0],[150.0],[218.0],[857.0],[714.0],[440.0],[439.0],[361.0],[69.0],[924.0],[679.0],[927.0]
707,[959.0],[777.0],[959.0],[98.0],[523.0],[636.0],[29.0],[810.0],[830.0],[487.0],[191.0],[545.0],[613.0],[29.0],[926.0],[959.0],[321.0],[20.0],[20.0],[20.0],[237.0],[566.0],[636.0],[199.0],[218.0],[926.0],[294.0],[543.0],[386.0],[926.0],[636.0],[439.0],[237.0],[150.0],[857.0],[20.0],[359.0],[543.0],[487.0],[566.0],[793.0],[924.0],[69.0],[191.0],[28.0],[485.0],[613.0],[199.0],[926.0],[275.0],[20.0],[636.0],[343.0],[98.0],[237.0],[645.0],[900.0],[98.0],[440.0],[487.0],[275.0],[400.0],[543.0],[789.0],[191.0],[699.0],[926.0],[184.0],[343.0],[199.0],[733.0],[543.0],[927.0],[439.0],[830.0],[440.0],[566.0],[651.0],[313.0],[321.0],[793.0],[543.0],[543.0],[20.0],[948.0],[69.0],[440.0],[777.0],[313.0],[168.0],[313.0],[677.0],[105.0],[28.0],[485.0],[133.0],[28.0],[29.0],[924.0],[523.0]
708,[810.0],[321.0],[733.0],[911.0],[69.0],[900.0],[487.0],[699.0],[69.0],[924.0],[927.0],[150.0],[171.0],[487.0],[679.0],[321.0],[636.0],[400.0],[28.0],[400.0],[507.0],[545.0],[440.0],[184.0],[360.0],[677.0],[361.0],[98.0],[902.0],[679.0],[927.0],[191.0],[566.0],[857.0],[677.0],[98.0],[902.0],[651.0],[184.0],[507.0],[699.0],[343.0],[321.0],[429.0],[191.0],[487.0],[450.0],[184.0],[343.0],[376.0],[400.0],[440.0],[927.0],[321.0],[110.0],[931.0],[69.0],[191.0],[830.0],[184.0],[105.0],[191.0],[651.0],[359.0],[98.0],[523.0],[343.0],[679.0],[400.0],[29.0],[20.0],[28.0],[20.0],[857.0],[636.0],[830.0],[545.0],[485.0],[23.0],[636.0],[20.0],[857.0],[651.0],[857.0],[714.0],[927.0],[733.0],[523.0],[168.0],[23.0],[360.0],[140.0],[948.0],[959.0],[857.0],[449.0],[321.0],[487.0],[199.0],[69.0]
709,[699.0],[830.0],[20.0],[926.0],[321.0],[440.0],[566.0],[523.0],[429.0],[184.0],[959.0],[168.0],[147.0],[199.0],[184.0],[636.0],[911.0],[677.0],[400.0],[140.0],[545.0],[150.0],[28.0],[237.0],[89.0],[679.0],[449.0],[911.0],[645.0],[924.0],[440.0],[857.0],[545.0],[168.0],[140.0],[911.0],[311.0],[28.0],[218.0],[256.0],[523.0],[927.0],[678.0],[543.0],[543.0],[926.0],[171.0],[237.0],[679.0],[787.0],[678.0],[733.0],[28.0],[911.0],[566.0],[147.0],[321.0],[543.0],[733.0],[545.0],[376.0],[677.0],[184.0],[386.0],[911.0],[69.0],[927.0],[924.0],[191.0],[237.0],[400.0],[651.0],[28.0],[924.0],[440.0],[733.0],[150.0],[926.0],[507.0],[440.0],[900.0],[677.0],[485.0],[400.0],[105.0],[321.0],[20.0],[830.0],[23.0],[218.0],[789.0],[191.0],[376.0],[733.0],[926.0],[708.0],[636.0],[184.0],[110.0],[28.0]
710,[523.0],[636.0],[98.0],[679.0],[429.0],[733.0],[184.0],[69.0],[321.0],[857.0],[98.0],[110.0],[258.0],[237.0],[439.0],[98.0],[440.0],[191.0],[191.0],[343.0],[110.0],[313.0],[959.0],[566.0],[613.0],[140.0],[928.0],[777.0],[311.0],[857.0],[28.0],[543.0],[184.0],[23.0],[679.0],[400.0],[645.0],[959.0],[360.0],[545.0],[900.0],[199.0],[636.0],[793.0],[959.0],[857.0],[432.0],[566.0],[924.0],[550.0],[275.0],[777.0],[400.0],[636.0],[29.0],[607.0],[636.0],[911.0],[20.0],[439.0],[810.0],[140.0],[485.0],[311.0],[777.0],[321.0],[28.0],[199.0],[543.0],[566.0],[191.0],[959.0],[400.0],[199.0],[733.0],[429.0],[759.0],[184.0],[256.0],[733.0],[400.0],[651.0],[184.0],[191.0],[376.0],[636.0],[400.0],[69.0],[507.0],[360.0],[359.0],[543.0],[787.0],[20.0],[679.0],[877.0],[959.0],[199.0],[566.0],[321.0]
711,[321.0],[440.0],[911.0],[830.0],[636.0],[678.0],[545.0],[793.0],[636.0],[199.0],[911.0],[23.0],[979.0],[566.0],[924.0],[777.0],[777.0],[543.0],[959.0],[927.0],[150.0],[507.0],[733.0],[545.0],[789.0],[924.0],[906.0],[651.0],[147.0],[677.0],[733.0],[651.0],[150.0],[677.0],[343.0],[777.0],[313.0],[98.0],[789.0],[110.0],[69.0],[28.0],[550.0],[651.0],[98.0],[679.0],[979.0],[150.0],[927.0],[810.0],[550.0],[830.0],[959.0],[440.0],[545.0],[258.0],[678.0],[777.0],[400.0],[857.0],[523.0],[543.0],[439.0],[902.0],[543.0],[636.0],[679.0],[857.0],[651.0],[545.0],[543.0],[98.0],[191.0],[237.0],[429.0],[793.0],[168.0],[679.0],[360.0],[20.0],[191.0],[485.0],[439.0],[677.0],[787.0],[440.0],[191.0],[321.0],[218.0],[507.0],[902.0],[651.0],[803.0],[98.0],[677.0],[714.0],[98.0],[237.0],[545.0],[636.0]
712,[98.0],[733.0],[400.0],[429.0],[440.0],[275.0],[150.0],[900.0],[440.0],[237.0],[543.0],[29.0],[806.0],[545.0],[857.0],[440.0],[830.0],[140.0],[98.0],[28.0],[168.0],[168.0],[98.0],[439.0],[171.0],[199.0],[948.0],[830.0],[258.0],[140.0],[400.0],[485.0],[168.0],[218.0],[924.0],[830.0],[507.0],[911.0],[439.0],[150.0],[678.0],[959.0],[440.0],[900.0],[651.0],[924.0],[364.0],[168.0],[28.0],[699.0],[167.0],[400.0],[98.0],[733.0],[487.0],[806.0],[440.0],[830.0],[191.0],[150.0],[69.0],[343.0],[926.0],[645.0],[651.0],[440.0],[959.0],[677.0],[927.0],[150.0],[777.0],[911.0],[543.0],[566.0],[20.0],[20.0],[386.0],[924.0],[110.0],[777.0],[678.0],[926.0],[857.0],[543.0],[810.0],[28.0],[830.0],[429.0],[256.0],[256.0],[507.0],[485.0],[810.0],[911.0],[924.0],[948.0],[440.0],[439.0],[29.0],[440.0]
713,[636.0],[20.0],[777.0],[924.0],[793.0],[20.0],[439.0],[678.0],[793.0],[677.0],[777.0],[487.0],[450.0],[184.0],[677.0],[733.0],[429.0],[927.0],[911.0],[959.0],[23.0],[256.0],[20.0],[857.0],[359.0],[566.0],[803.0],[485.0],[806.0],[343.0],[191.0],[926.0],[439.0],[140.0],[199.0],[191.0],[256.0],[485.0],[857.0],[168.0],[275.0],[237.0],[733.0],[678.0],[485.0],[677.0],[795.0],[23.0],[199.0],[167.0],[191.0],[191.0],[191.0],[20.0],[150.0],[450.0],[733.0],[429.0],[543.0],[168.0],[550.0],[927.0],[679.0],[147.0],[485.0],[911.0],[924.0],[140.0],[28.0],[487.0],[830.0],[777.0],[651.0],[677.0],[191.0],[900.0],[311.0],[439.0],[789.0],[400.0],[543.0],[140.0],[926.0],[651.0],[699.0],[733.0],[429.0],[793.0],[110.0],[789.0],[645.0],[926.0],[699.0],[400.0],[140.0],[803.0],[911.0],[566.0],[150.0],[733.0]
714,[440.0],[191.0],[191.0],[793.0],[900.0],[400.0],[857.0],[275.0],[733.0],[566.0],[651.0],[218.0],[759.0],[150.0],[199.0],[830.0],[733.0],[28.0],[543.0],[98.0],[218.0],[218.0],[400.0],[677.0],[979.0],[545.0],[220.0],[429.0],[313.0],[199.0],[543.0],[679.0],[857.0],[343.0],[237.0],[543.0],[147.0],[777.0],[677.0],[29.0],[550.0],[98.0],[20.0],[485.0],[926.0],[199.0],[759.0],[439.0],[237.0],[523.0],[449.0],[429.0],[911.0],[400.0],[23.0],[432.0],[275.0],[651.0],[429.0],[23.0],[321.0],[28.0],[857.0],[507.0],[926.0],[733.0],[199.0],[237.0],[959.0],[168.0],[651.0],[830.0],[959.0],[545.0],[793.0],[400.0],[23.0],[199.0],[29.0],[191.0],[275.0],[679.0],[679.0],[140.0],[523.0],[400.0],[543.0],[440.0],[789.0],[359.0],[147.0],[679.0],[984.0],[777.0],[343.0],[984.0],[733.0],[545.0],[168.0],[959.0]
715,[733.0],[429.0],[543.0],[199.0],[678.0],[191.0],[677.0],[321.0],[20.0],[140.0],[485.0],[184.0],[386.0],[439.0],[237.0],[429.0],[20.0],[485.0],[651.0],[911.0],[360.0],[360.0],[191.0],[140.0],[902.0],[343.0],[133.0],[926.0],[507.0],[927.0],[959.0],[677.0],[677.0],[360.0],[927.0],[429.0],[110.0],[830.0],[140.0],[23.0],[321.0],[911.0],[167.0],[275.0],[911.0],[140.0],[178.0],[218.0],[566.0],[69.0],[948.0],[543.0],[777.0],[191.0],[218.0],[364.0],[20.0],[485.0],[793.0],[677.0],[636.0],[651.0],[924.0],[258.0],[679.0],[20.0],[911.0],[343.0],[485.0],[218.0],[429.0],[485.0],[98.0],[140.0],[543.0],[678.0],[218.0],[237.0],[359.0],[543.0],[550.0],[924.0],[677.0],[485.0],[803.0],[959.0],[793.0],[900.0],[359.0],[902.0],[256.0],[924.0],[16.0],[191.0],[927.0],[105.0],[777.0],[150.0],[23.0],[98.0]
716,[20.0],[793.0],[651.0],[237.0],[733.0],[550.0],[168.0],[636.0],[900.0],[545.0],[926.0],[439.0],[432.0],[857.0],[545.0],[20.0],[400.0],[959.0],[485.0],[191.0],[789.0],[110.0],[543.0],[343.0],[645.0],[927.0],[708.0],[679.0],[256.0],[237.0],[98.0],[924.0],[140.0],[789.0],[28.0],[651.0],[29.0],[926.0],[359.0],[487.0],[167.0],[777.0],[400.0],[926.0],[679.0],[237.0],[386.0],[857.0],[959.0],[321.0],[543.0],[793.0],[543.0],[543.0],[184.0],[730.0],[400.0],[926.0],[651.0],[140.0],[440.0],[959.0],[237.0],[256.0],[924.0],[777.0],[237.0],[566.0],[926.0],[360.0],[793.0],[926.0],[485.0],[150.0],[651.0],[191.0],[313.0],[566.0],[902.0],[830.0],[651.0],[343.0],[140.0],[926.0],[69.0],[191.0],[900.0],[733.0],[29.0],[645.0],[110.0],[343.0],[350.0],[543.0],[28.0],[16.0],[20.0],[857.0],[487.0],[911.0]
717,[911.0],[900.0],[485.0],[900.0],[20.0],[167.0],[23.0],[550.0],[400.0],[150.0],[679.0],[857.0],[311.0],[168.0],[150.0],[400.0],[793.0],[926.0],[926.0],[777.0],[29.0],[789.0],[651.0],[150.0],[759.0],[150.0],[714.0],[924.0],[450.0],[566.0],[651.0],[140.0],[23.0],[359.0],[566.0],[793.0],[258.0],[429.0],[343.0],[218.0],[636.0],[830.0],[361.0],[679.0],[777.0],[343.0],[827.0],[360.0],[545.0],[449.0],[651.0],[900.0],[651.0],[651.0],[360.0],[89.0],[550.0],[793.0],[485.0],[218.0],[361.0],[485.0],[566.0],[110.0],[830.0],[830.0],[777.0],[545.0],[679.0],[789.0],[485.0],[679.0],[926.0],[343.0],[485.0],[543.0],[360.0],[857.0],[645.0],[651.0],[485.0],[566.0],[924.0],[343.0],[321.0],[543.0],[651.0],[20.0],[487.0],[147.0],[258.0],[199.0],[491.0],[651.0],[959.0],[376.0],[400.0],[168.0],[218.0],[20.0]
718,[400.0],[651.0],[830.0],[678.0],[400.0],[543.0],[218.0],[440.0],[678.0],[927.0],[924.0],[789.0],[313.0],[23.0],[23.0],[191.0],[900.0],[679.0],[777.0],[543.0],[184.0],[359.0],[911.0],[168.0],[386.0],[168.0],[984.0],[793.0],[432.0],[28.0],[485.0],[199.0],[343.0],[902.0],[545.0],[485.0],[806.0],[793.0],[902.0],[360.0],[440.0],[429.0],[191.0],[924.0],[830.0],[566.0],[311.0],[677.0],[150.0],[636.0],[485.0],[651.0],[485.0],[485.0],[789.0],[795.0],[167.0],[679.0],[900.0],[360.0],[733.0],[926.0],[677.0],[806.0],[199.0],[429.0],[566.0],[150.0],[98.0],[359.0],[900.0],[924.0],[679.0],[168.0],[678.0],[651.0],[789.0],[545.0],[147.0],[429.0],[167.0],[927.0],[199.0],[679.0],[636.0],[98.0],[485.0],[400.0],[184.0],[110.0],[806.0],[927.0],[523.0],[830.0],[98.0],[350.0],[191.0],[23.0],[360.0],[400.0]
719,[191.0],[678.0],[429.0],[275.0],[191.0],[361.0],[360.0],[167.0],[191.0],[168.0],[830.0],[677.0],[364.0],[218.0],[218.0],[543.0],[191.0],[924.0],[679.0],[651.0],[359.0],[645.0],[777.0],[23.0],[147.0],[28.0],[105.0],[199.0],[364.0],[545.0],[911.0],[343.0],[927.0],[645.0],[150.0],[926.0],[450.0],[900.0],[927.0],[789.0],[361.0],[566.0],[948.0],[550.0],[924.0],[927.0],[406.0],[140.0],[168.0],[948.0],[926.0],[678.0],[830.0],[926.0],[439.0],[178.0],[543.0],[924.0],[678.0],[343.0],[449.0],[679.0],[140.0],[450.0],[237.0],[400.0],[545.0],[927.0],[924.0],[902.0],[926.0],[429.0],[924.0],[927.0],[926.0],[485.0],[359.0],[150.0],[487.0],[793.0],[926.0],[545.0],[237.0],[924.0],[984.0],[911.0],[926.0],[191.0],[439.0],[29.0],[29.0],[28.0],[69.0],[429.0],[911.0],[787.0],[543.0],[677.0],[789.0],[191.0]
720,[543.0],[485.0],[926.0],[550.0],[275.0],[651.0],[789.0],[361.0],[275.0],[28.0],[199.0],[140.0],[795.0],[677.0],[343.0],[651.0],[678.0],[98.0],[924.0],[485.0],[902.0],[147.0],[429.0],[927.0],[311.0],[23.0],[376.0],[237.0],[795.0],[150.0],[926.0],[237.0],[218.0],[927.0],[168.0],[679.0],[364.0],[678.0],[28.0],[439.0],[733.0],[545.0],[543.0],[199.0],[429.0],[28.0],[313.0],[359.0],[98.0],[440.0],[803.0],[485.0],[429.0],[679.0],[359.0],[827.0],[449.0],[199.0],[550.0],[927.0],[20.0],[98.0],[545.0],[29.0],[566.0],[191.0],[150.0],[168.0],[199.0],[645.0],[678.0],[199.0],[199.0],[28.0],[275.0],[275.0],[258.0],[677.0],[184.0],[485.0],[361.0],[150.0],[566.0],[28.0],[440.0],[651.0],[678.0],[678.0],[857.0],[258.0],[450.0],[959.0],[321.0],[485.0],[199.0],[491.0],[429.0],[218.0],[184.0],[777.0]
721,[651.0],[679.0],[679.0],[566.0],[651.0],[926.0],[359.0],[733.0],[543.0],[23.0],[237.0],[359.0],[178.0],[140.0],[360.0],[485.0],[543.0],[199.0],[830.0],[830.0],[645.0],[29.0],[485.0],[218.0],[507.0],[959.0],[810.0],[566.0],[110.0],[959.0],[777.0],[927.0],[360.0],[28.0],[959.0],[924.0],[487.0],[924.0],[98.0],[359.0],[20.0],[793.0],[803.0],[237.0],[793.0],[959.0],[36.0],[902.0],[911.0],[803.0],[679.0],[275.0],[926.0],[924.0],[902.0],[406.0],[485.0],[237.0],[926.0],[789.0],[948.0],[924.0],[150.0],[487.0],[429.0],[543.0],[168.0],[23.0],[566.0],[184.0],[679.0],[237.0],[911.0],[23.0],[550.0],[550.0],[806.0],[140.0],[439.0],[926.0],[449.0],[28.0],[343.0],[199.0],[20.0],[485.0],[275.0],[543.0],[902.0],[806.0],[432.0],[98.0],[636.0],[926.0],[777.0],[845.0],[651.0],[343.0],[439.0],[830.0]
722,[777.0],[924.0],[793.0],[545.0],[550.0],[679.0],[902.0],[449.0],[167.0],[218.0],[429.0],[343.0],[827.0],[343.0],[789.0],[926.0],[485.0],[911.0],[429.0],[429.0],[439.0],[258.0],[926.0],[360.0],[258.0],[218.0],[16.0],[545.0],[29.0],[98.0],[830.0],[566.0],[789.0],[959.0],[98.0],[199.0],[184.0],[275.0],[645.0],[902.0],[449.0],[900.0],[984.0],[566.0],[199.0],[545.0],[507.0],[645.0],[777.0],[733.0],[984.0],[550.0],[793.0],[566.0],[645.0],[613.0],[948.0],[900.0],[167.0],[359.0],[400.0],[199.0],[168.0],[184.0],[545.0],[651.0],[23.0],[218.0],[545.0],[147.0],[275.0],[793.0],[237.0],[959.0],[167.0],[167.0],[507.0],[343.0],[258.0],[679.0],[679.0],[168.0],[545.0],[959.0],[16.0],[679.0],[679.0],[275.0],[645.0],[450.0],[487.0],[911.0],[845.0],[793.0],[830.0],[810.0],[793.0],[360.0],[359.0],[543.0]
723,[830.0],[199.0],[900.0],[167.0],[485.0],[449.0],[645.0],[948.0],[651.0],[789.0],[793.0],[902.0],[406.0],[360.0],[359.0],[679.0],[926.0],[237.0],[199.0],[793.0],[677.0],[487.0],[793.0],[789.0],[256.0],[360.0],[699.0],[900.0],[178.0],[911.0],[679.0],[28.0],[359.0],[98.0],[23.0],[237.0],[795.0],[550.0],[911.0],[645.0],[803.0],[150.0],[651.0],[545.0],[237.0],[150.0],[256.0],[147.0],[23.0],[984.0],[924.0],[926.0],[679.0],[777.0],[147.0],[36.0],[926.0],[566.0],[361.0],[28.0],[191.0],[237.0],[218.0],[439.0],[793.0],[793.0],[218.0],[360.0],[150.0],[258.0],[550.0],[566.0],[566.0],[218.0],[679.0],[926.0],[450.0],[168.0],[806.0],[900.0],[948.0],[23.0],[927.0],[237.0],[350.0],[924.0],[550.0],[651.0],[677.0],[487.0],[184.0],[237.0],[27.0],[900.0],[429.0],[699.0],[926.0],[927.0],[902.0],[651.0]
724,[429.0],[237.0],[678.0],[150.0],[926.0],[948.0],[140.0],[400.0],[485.0],[959.0],[566.0],[147.0],[507.0],[927.0],[902.0],[793.0],[679.0],[777.0],[793.0],[926.0],[140.0],[184.0],[679.0],[28.0],[806.0],[789.0],[491.0],[150.0],[487.0],[168.0],[924.0],[959.0],[645.0],[147.0],[360.0],[566.0],[178.0],[199.0],[147.0],[147.0],[984.0],[678.0],[485.0],[150.0],[900.0],[168.0],[994.0],[343.0],[218.0],[20.0],[199.0],[167.0],[924.0],[830.0],[857.0],[994.0],[679.0],[678.0],[679.0],[902.0],[984.0],[911.0],[343.0],[857.0],[900.0],[926.0],[830.0],[789.0],[168.0],[806.0],[924.0],[545.0],[777.0],[360.0],[924.0],[361.0],[256.0],[927.0],[857.0],[924.0],[803.0],[360.0],[28.0],[98.0],[491.0],[199.0],[924.0],[550.0],[147.0],[364.0],[439.0],[566.0],[440.0],[678.0],[793.0],[27.0],[679.0],[28.0],[645.0],[429.0]
725,[485.0],[566.0],[275.0],[361.0],[924.0],[924.0],[343.0],[191.0],[926.0],[359.0],[545.0],[927.0],[36.0],[789.0],[927.0],[924.0],[924.0],[566.0],[237.0],[900.0],[343.0],[439.0],[900.0],[359.0],[110.0],[359.0],[523.0],[168.0],[827.0],[23.0],[199.0],[98.0],[147.0],[911.0],[789.0],[545.0],[439.0],[237.0],[777.0],[258.0],[400.0],[275.0],[926.0],[167.0],[678.0],[23.0],[963.0],[806.0],[830.0],[400.0],[237.0],[679.0],[199.0],[545.0],[677.0],[963.0],[924.0],[275.0],[449.0],[645.0],[16.0],[830.0],[28.0],[432.0],[678.0],[900.0],[429.0],[359.0],[911.0],[439.0],[199.0],[678.0],[545.0],[789.0],[199.0],[679.0],[432.0],[28.0],[677.0],[199.0],[984.0],[789.0],[150.0],[911.0],[400.0],[237.0],[199.0],[167.0],[140.0],[795.0],[857.0],[545.0],[579.0],[924.0],[237.0],[523.0],[900.0],[959.0],[857.0],[793.0]
726,[793.0],[545.0],[361.0],[168.0],[199.0],[199.0],[147.0],[651.0],[924.0],[902.0],[150.0],[258.0],[994.0],[28.0],[28.0],[199.0],[199.0],[545.0],[566.0],[679.0],[147.0],[857.0],[924.0],[902.0],[29.0],[902.0],[69.0],[23.0],[184.0],[218.0],[429.0],[777.0],[258.0],[777.0],[359.0],[150.0],[677.0],[566.0],[830.0],[857.0],[191.0],[23.0],[679.0],[361.0],[566.0],[98.0],[971.0],[927.0],[360.0],[16.0],[566.0],[924.0],[237.0],[150.0],[258.0],[171.0],[803.0],[550.0],[924.0],[959.0],[543.0],[429.0],[360.0],[677.0],[275.0],[678.0],[360.0],[902.0],[777.0],[450.0],[167.0],[150.0],[830.0],[359.0],[237.0],[449.0],[364.0],[959.0],[140.0],[237.0],[924.0],[359.0],[959.0],[777.0],[191.0],[777.0],[167.0],[926.0],[343.0],[178.0],[364.0],[150.0],[733.0],[199.0],[566.0],[69.0],[924.0],[789.0],[677.0],[485.0]
727,[900.0],[275.0],[449.0],[23.0],[237.0],[803.0],[258.0],[485.0],[199.0],[98.0],[900.0],[806.0],[256.0],[959.0],[645.0],[900.0],[275.0],[150.0],[900.0],[924.0],[258.0],[806.0],[275.0],[959.0],[487.0],[645.0],[321.0],[678.0],[439.0],[360.0],[793.0],[545.0],[806.0],[258.0],[902.0],[900.0],[140.0],[545.0],[258.0],[806.0],[350.0],[218.0],[924.0],[449.0],[545.0],[218.0],[289.0],[28.0],[429.0],[543.0],[545.0],[199.0],[566.0],[429.0],[806.0],[971.0],[199.0],[167.0],[199.0],[98.0],[651.0],[566.0],[789.0],[364.0],[550.0],[275.0],[793.0],[645.0],[23.0],[857.0],[237.0],[168.0],[150.0],[98.0],[566.0],[924.0],[110.0],[98.0],[343.0],[566.0],[199.0],[902.0],[168.0],[566.0],[543.0],[566.0],[237.0],[679.0],[258.0],[184.0],[677.0],[777.0],[20.0],[237.0],[900.0],[321.0],[199.0],[98.0],[147.0],[926.0]
728,[926.0],[150.0],[924.0],[449.0],[566.0],[237.0],[450.0],[926.0],[361.0],[911.0],[678.0],[28.0],[110.0],[911.0],[147.0],[237.0],[550.0],[168.0],[678.0],[678.0],[806.0],[677.0],[550.0],[98.0],[450.0],[98.0],[636.0],[218.0],[857.0],[777.0],[237.0],[830.0],[28.0],[830.0],[645.0],[678.0],[827.0],[167.0],[806.0],[450.0],[543.0],[360.0],[199.0],[168.0],[150.0],[360.0],[878.0],[450.0],[789.0],[651.0],[150.0],[237.0],[545.0],[168.0],[140.0],[289.0],[237.0],[361.0],[237.0],[147.0],[485.0],[545.0],[359.0],[795.0],[150.0],[679.0],[900.0],[147.0],[218.0],[432.0],[449.0],[275.0],[429.0],[902.0],[361.0],[199.0],[29.0],[23.0],[450.0],[678.0],[237.0],[645.0],[23.0],[545.0],[845.0],[429.0],[361.0],[924.0],[806.0],[827.0],[343.0],[168.0],[400.0],[566.0],[678.0],[579.0],[678.0],[359.0],[140.0],[679.0]
729,[679.0],[168.0],[199.0],[218.0],[545.0],[545.0],[432.0],[679.0],[449.0],[777.0],[168.0],[450.0],[29.0],[777.0],[258.0],[566.0],[237.0],[830.0],[545.0],[275.0],[450.0],[450.0],[167.0],[911.0],[432.0],[147.0],[440.0],[275.0],[406.0],[789.0],[900.0],[429.0],[450.0],[429.0],[806.0],[275.0],[406.0],[361.0],[450.0],[432.0],[651.0],[789.0],[237.0],[948.0],[275.0],[789.0],[110.0],[432.0],[359.0],[491.0],[16.0],[566.0],[900.0],[23.0],[343.0],[91.0],[984.0],[545.0],[948.0],[911.0],[350.0],[793.0],[902.0],[178.0],[167.0],[199.0],[789.0],[258.0],[830.0],[677.0],[948.0],[550.0],[168.0],[645.0],[545.0],[237.0],[487.0],[777.0],[927.0],[545.0],[16.0],[959.0],[218.0],[830.0],[27.0],[545.0],[566.0],[199.0],[927.0],[406.0],[927.0],[23.0],[191.0],[545.0],[275.0],[442.0],[275.0],[902.0],[343.0],[924.0]
730,[924.0],[23.0],[237.0],[360.0],[167.0],[150.0],[927.0],[924.0],[237.0],[645.0],[23.0],[432.0],[487.0],[830.0],[806.0],[545.0],[566.0],[23.0],[150.0],[550.0],[432.0],[140.0],[361.0],[777.0],[184.0],[777.0],[845.0],[360.0],[677.0],[359.0],[678.0],[150.0],[959.0],[806.0],[450.0],[168.0],[36.0],[150.0],[432.0],[677.0],[491.0],[359.0],[16.0],[803.0],[550.0],[911.0],[91.0],[364.0],[793.0],[926.0],[350.0],[545.0],[150.0],[218.0],[450.0],[272.0],[566.0],[150.0],[566.0],[258.0],[926.0],[900.0],[147.0],[827.0],[361.0],[237.0],[359.0],[806.0],[360.0],[343.0],[566.0],[23.0],[23.0],[147.0],[449.0],[566.0],[184.0],[830.0],[28.0],[275.0],[566.0],[147.0],[360.0],[150.0],[651.0],[793.0],[150.0],[361.0],[28.0],[439.0],[795.0],[218.0],[543.0],[150.0],[550.0],[995.0],[550.0],[911.0],[258.0],[199.0]
731,[199.0],[218.0],[566.0],[948.0],[150.0],[168.0],[28.0],[199.0],[948.0],[830.0],[275.0],[959.0],[184.0],[359.0],[450.0],[150.0],[167.0],[429.0],[275.0],[167.0],[364.0],[343.0],[199.0],[830.0],[439.0],[830.0],[27.0],[789.0],[140.0],[902.0],[566.0],[793.0],[432.0],[793.0],[911.0],[23.0],[343.0],[168.0],[364.0],[140.0],[485.0],[550.0],[566.0],[23.0],[168.0],[359.0],[29.0],[98.0],[900.0],[845.0],[168.0],[361.0],[678.0],[360.0],[432.0],[979.0],[545.0],[449.0],[803.0],[777.0],[679.0],[678.0],[258.0],[406.0],[23.0],[550.0],[902.0],[450.0],[429.0],[364.0],[803.0],[167.0],[218.0],[258.0],[150.0],[545.0],[857.0],[218.0],[432.0],[150.0],[350.0],[98.0],[789.0],[793.0],[579.0],[900.0],[449.0],[449.0],[450.0],[857.0],[178.0],[360.0],[651.0],[168.0],[150.0],[636.0],[237.0],[777.0],[806.0],[237.0]
732,[237.0],[360.0],[545.0],[803.0],[361.0],[23.0],[364.0],[237.0],[566.0],[147.0],[218.0],[364.0],[439.0],[902.0],[432.0],[678.0],[545.0],[218.0],[550.0],[199.0],[795.0],[927.0],[237.0],[645.0],[364.0],[258.0],[733.0],[359.0],[343.0],[830.0],[545.0],[900.0],[364.0],[900.0],[432.0],[218.0],[994.0],[449.0],[429.0],[343.0],[845.0],[902.0],[545.0],[218.0],[23.0],[902.0],[487.0],[911.0],[678.0],[27.0],[491.0],[449.0],[275.0],[789.0],[364.0],[720.0],[16.0],[168.0],[984.0],[830.0],[924.0],[275.0],[959.0],[36.0],[218.0],[566.0],[678.0],[432.0],[789.0],[927.0],[984.0],[218.0],[793.0],[806.0],[948.0],[150.0],[795.0],[360.0],[364.0],[550.0],[545.0],[258.0],[359.0],[168.0],[442.0],[678.0],[168.0],[948.0],[432.0],[677.0],[827.0],[789.0],[442.0],[275.0],[167.0],[267.0],[545.0],[645.0],[450.0],[900.0]
733,[678.0],[789.0],[150.0],[984.0],[168.0],[984.0],[795.0],[984.0],[150.0],[429.0],[360.0],[98.0],[857.0],[429.0],[364.0],[168.0],[150.0],[360.0],[167.0],[361.0],[178.0],[28.0],[449.0],[258.0],[857.0],[806.0],[579.0],[550.0],[36.0],[147.0],[150.0],[168.0],[795.0],[678.0],[364.0],[360.0],[28.0],[23.0],[795.0],[364.0],[926.0],[645.0],[350.0],[360.0],[167.0],[645.0],[272.0],[795.0],[902.0],[679.0],[845.0],[948.0],[168.0],[359.0],[178.0],[241.0],[150.0],[23.0],[545.0],[806.0],[199.0],[150.0],[98.0],[140.0],[449.0],[545.0],[275.0],[364.0],[359.0],[795.0],[545.0],[360.0],[900.0],[911.0],[803.0],[948.0],[178.0],[429.0],[795.0],[168.0],[150.0],[806.0],[98.0],[23.0],[485.0],[150.0],[23.0],[237.0],[959.0],[36.0],[406.0],[359.0],[485.0],[218.0],[361.0],[440.0],[167.0],[147.0],[432.0],[566.0]
734,[275.0],[902.0],[948.0],[16.0],[23.0],[16.0],[178.0],[566.0],[803.0],[793.0],[789.0],[795.0],[963.0],[793.0],[795.0],[23.0],[361.0],[793.0],[168.0],[237.0],[927.0],[432.0],[948.0],[806.0],[677.0],[793.0],[125.0],[902.0],[927.0],[429.0],[275.0],[678.0],[178.0],[450.0],[777.0],[789.0],[963.0],[218.0],[793.0],[795.0],[679.0],[167.0],[491.0],[789.0],[218.0],[777.0],[184.0],[178.0],[645.0],[924.0],[27.0],[803.0],[23.0],[902.0],[927.0],[843.0],[350.0],[948.0],[16.0],[429.0],[491.0],[550.0],[911.0],[994.0],[360.0],[167.0],[550.0],[795.0],[793.0],[178.0],[150.0],[789.0],[678.0],[450.0],[168.0],[803.0],[827.0],[789.0],[959.0],[167.0],[168.0],[450.0],[902.0],[218.0],[926.0],[275.0],[218.0],[803.0],[364.0],[140.0],[28.0],[830.0],[926.0],[550.0],[168.0],[733.0],[150.0],[258.0],[927.0],[545.0]
735,[550.0],[645.0],[168.0],[789.0],[218.0],[218.0],[827.0],[16.0],[23.0],[900.0],[359.0],[178.0],[289.0],[645.0],[178.0],[275.0],[449.0],[900.0],[361.0],[449.0],[28.0],[959.0],[566.0],[432.0],[795.0],[450.0],[20.0],[147.0],[994.0],[258.0],[168.0],[275.0],[827.0],[432.0],[830.0],[359.0],[971.0],[948.0],[900.0],[927.0],[199.0],[361.0],[150.0],[359.0],[360.0],[147.0],[439.0],[777.0],[275.0],[199.0],[23.0],[984.0],[218.0],[645.0],[827.0],[759.0],[491.0],[803.0],[150.0],[793.0],[845.0],[361.0],[806.0],[927.0],[789.0],[150.0],[645.0],[28.0],[902.0],[827.0],[168.0],[359.0],[360.0],[429.0],[984.0],[168.0],[36.0],[793.0],[98.0],[23.0],[23.0],[911.0],[911.0],[900.0],[679.0],[550.0],[948.0],[984.0],[795.0],[343.0],[36.0],[902.0],[125.0],[360.0],[449.0],[675.0],[361.0],[830.0],[28.0],[150.0]
736,[167.0],[147.0],[23.0],[350.0],[449.0],[360.0],[959.0],[168.0],[218.0],[258.0],[550.0],[827.0],[878.0],[147.0],[959.0],[218.0],[168.0],[789.0],[449.0],[948.0],[827.0],[98.0],[545.0],[364.0],[178.0],[432.0],[995.0],[258.0],[959.0],[793.0],[23.0],[550.0],[406.0],[275.0],[429.0],[902.0],[289.0],[360.0],[178.0],[178.0],[27.0],[147.0],[168.0],[984.0],[789.0],[450.0],[720.0],[429.0],[550.0],[579.0],[579.0],[16.0],[360.0],[793.0],[28.0],[937.0],[845.0],[984.0],[168.0],[450.0],[237.0],[449.0],[777.0],[28.0],[948.0],[361.0],[258.0],[959.0],[645.0],[406.0],[16.0],[902.0],[789.0],[432.0],[16.0],[16.0],[994.0],[900.0],[178.0],[218.0],[218.0],[777.0],[645.0],[360.0],[995.0],[168.0],[360.0],[566.0],[178.0],[927.0],[994.0],[429.0],[679.0],[789.0],[948.0],[20.0],[168.0],[806.0],[98.0],[168.0]
737,[566.0],[550.0],[803.0],[491.0],[360.0],[491.0],[98.0],[350.0],[984.0],[806.0],[167.0],[406.0],[91.0],[258.0],[827.0],[550.0],[23.0],[359.0],[23.0],[566.0],[406.0],[364.0],[803.0],[795.0],[140.0],[900.0],[400.0],[167.0],[98.0],[806.0],[218.0],[23.0],[98.0],[364.0],[795.0],[550.0],[959.0],[803.0],[678.0],[827.0],[237.0],[258.0],[845.0],[902.0],[359.0],[830.0],[857.0],[793.0],[147.0],[442.0],[218.0],[350.0],[789.0],[147.0],[959.0],[386.0],[27.0],[16.0],[23.0],[432.0],[545.0],[168.0],[450.0],[959.0],[359.0],[168.0],[167.0],[406.0],[147.0],[28.0],[350.0],[645.0],[275.0],[793.0],[23.0],[23.0],[963.0],[359.0],[827.0],[361.0],[360.0],[432.0],[147.0],[789.0],[924.0],[167.0],[803.0],[545.0],[98.0],[994.0],[963.0],[645.0],[995.0],[167.0],[23.0],[400.0],[449.0],[450.0],[911.0],[23.0]
738,[361.0],[258.0],[218.0],[27.0],[789.0],[789.0],[406.0],[23.0],[789.0],[450.0],[361.0],[911.0],[677.0],[806.0],[406.0],[360.0],[218.0],[645.0],[948.0],[168.0],[959.0],[911.0],[150.0],[178.0],[827.0],[364.0],[267.0],[361.0],[963.0],[900.0],[550.0],[167.0],[36.0],[795.0],[178.0],[167.0],[878.0],[789.0],[275.0],[406.0],[579.0],[806.0],[27.0],[645.0],[902.0],[432.0],[677.0],[827.0],[258.0],[237.0],[442.0],[150.0],[359.0],[258.0],[98.0],[311.0],[168.0],[218.0],[350.0],[900.0],[150.0],[23.0],[432.0],[98.0],[803.0],[23.0],[806.0],[98.0],[258.0],[36.0],[491.0],[147.0],[359.0],[900.0],[350.0],[218.0],[971.0],[645.0],[911.0],[360.0],[789.0],[364.0],[777.0],[359.0],[199.0],[23.0],[984.0],[150.0],[406.0],[28.0],[971.0],[147.0],[924.0],[361.0],[218.0],[451.0],[23.0],[432.0],[777.0],[218.0]
739,[545.0],[167.0],[984.0],[902.0],[948.0],[845.0],[911.0],[218.0],[902.0],[678.0],[902.0],[36.0],[272.0],[450.0],[98.0],[167.0],[360.0],[678.0],[803.0],[803.0],[36.0],[777.0],[984.0],[429.0],[343.0],[678.0],[675.0],[449.0],[911.0],[450.0],[167.0],[361.0],[994.0],[550.0],[793.0],[645.0],[98.0],[984.0],[827.0],[36.0],[442.0],[449.0],[23.0],[147.0],[645.0],[364.0],[241.0],[900.0],[167.0],[566.0],[360.0],[491.0],[902.0],[450.0],[911.0],[554.0],[23.0],[360.0],[218.0],[678.0],[168.0],[948.0],[830.0],[911.0],[984.0],[449.0],[450.0],[911.0],[806.0],[959.0],[845.0],[258.0],[550.0],[678.0],[218.0],[350.0],[289.0],[678.0],[36.0],[449.0],[902.0],[830.0],[258.0],[902.0],[237.0],[361.0],[789.0],[16.0],[911.0],[959.0],[959.0],[793.0],[267.0],[359.0],[360.0],[470.0],[218.0],[364.0],[364.0],[678.0]
740,[150.0],[806.0],[16.0],[645.0],[803.0],[359.0],[36.0],[360.0],[16.0],[275.0],[645.0],[994.0],[140.0],[432.0],[911.0],[361.0],[948.0],[275.0],[218.0],[23.0],[98.0],[795.0],[168.0],[793.0],[927.0],[275.0],[451.0],[806.0],[971.0],[432.0],[360.0],[449.0],[911.0],[178.0],[827.0],[147.0],[91.0],[16.0],[406.0],[994.0],[566.0],[948.0],[579.0],[258.0],[361.0],[429.0],[140.0],[406.0],[806.0],[545.0],[125.0],[168.0],[645.0],[900.0],[406.0],[313.0],[218.0],[350.0],[360.0],[364.0],[23.0],[803.0],[364.0],[777.0],[16.0],[360.0],[432.0],[777.0],[900.0],[994.0],[23.0],[361.0],[902.0],[364.0],[491.0],[360.0],[677.0],[147.0],[830.0],[789.0],[645.0],[795.0],[830.0],[678.0],[566.0],[449.0],[359.0],[350.0],[36.0],[98.0],[289.0],[258.0],[675.0],[449.0],[789.0],[191.0],[948.0],[429.0],[830.0],[275.0]
741,[168.0],[361.0],[360.0],[258.0],[359.0],[902.0],[994.0],[27.0],[645.0],[550.0],[449.0],[777.0],[720.0],[795.0],[830.0],[449.0],[803.0],[550.0],[360.0],[984.0],[994.0],[178.0],[16.0],[900.0],[406.0],[795.0],[515.0],[450.0],[777.0],[364.0],[361.0],[218.0],[963.0],[827.0],[406.0],[361.0],[272.0],[350.0],[36.0],[963.0],[545.0],[450.0],[218.0],[16.0],[147.0],[795.0],[843.0],[36.0],[361.0],[150.0],[789.0],[23.0],[550.0],[432.0],[777.0],[513.0],[360.0],[491.0],[789.0],[795.0],[218.0],[984.0],[429.0],[963.0],[350.0],[948.0],[361.0],[830.0],[678.0],[963.0],[27.0],[806.0],[645.0],[275.0],[360.0],[491.0],[878.0],[258.0],[429.0],[359.0],[147.0],[827.0],[806.0],[275.0],[545.0],[218.0],[16.0],[491.0],[994.0],[963.0],[98.0],[900.0],[199.0],[948.0],[803.0],[515.0],[803.0],[795.0],[429.0],[360.0]
742,[449.0],[432.0],[350.0],[806.0],[984.0],[27.0],[963.0],[442.0],[350.0],[167.0],[948.0],[963.0],[343.0],[900.0],[36.0],[789.0],[789.0],[167.0],[789.0],[789.0],[963.0],[830.0],[23.0],[678.0],[28.0],[550.0],[802.0],[432.0],[289.0],[795.0],[449.0],[948.0],[971.0],[406.0],[36.0],[258.0],[911.0],[491.0],[994.0],[28.0],[125.0],[803.0],[360.0],[806.0],[449.0],[793.0],[937.0],[994.0],[449.0],[168.0],[359.0],[845.0],[147.0],[678.0],[429.0],[507.0],[579.0],[789.0],[359.0],[178.0],[360.0],[218.0],[793.0],[971.0],[902.0],[789.0],[364.0],[36.0],[450.0],[971.0],[218.0],[449.0],[147.0],[550.0],[845.0],[789.0],[272.0],[806.0],[994.0],[902.0],[258.0],[429.0],[429.0],[645.0],[267.0],[360.0],[902.0],[845.0],[963.0],[971.0],[878.0],[806.0],[237.0],[902.0],[984.0],[802.0],[360.0],[793.0],[795.0],[550.0]
743,[948.0],[364.0],[491.0],[579.0],[902.0],[579.0],[971.0],[789.0],[147.0],[432.0],[803.0],[971.0],[927.0],[178.0],[994.0],[948.0],[984.0],[361.0],[359.0],[16.0],[971.0],[827.0],[218.0],[275.0],[36.0],[178.0],[251.0],[948.0],[878.0],[178.0],[948.0],[803.0],[777.0],[167.0],[900.0],[449.0],[720.0],[845.0],[550.0],[971.0],[150.0],[984.0],[789.0],[450.0],[258.0],[178.0],[554.0],[963.0],[948.0],[23.0],[902.0],[579.0],[258.0],[275.0],[36.0],[664.0],[442.0],[845.0],[902.0],[275.0],[789.0],[16.0],[900.0],[289.0],[645.0],[359.0],[795.0],[429.0],[275.0],[98.0],[360.0],[450.0],[258.0],[167.0],[789.0],[359.0],[140.0],[275.0],[793.0],[948.0],[491.0],[793.0],[793.0],[147.0],[150.0],[948.0],[350.0],[27.0],[971.0],[289.0],[777.0],[678.0],[566.0],[645.0],[16.0],[543.0],[789.0],[178.0],[178.0],[789.0]
744,[803.0],[795.0],[845.0],[450.0],[645.0],[442.0],[777.0],[125.0],[258.0],[361.0],[147.0],[289.0],[241.0],[827.0],[429.0],[803.0],[16.0],[147.0],[984.0],[350.0],[289.0],[406.0],[350.0],[550.0],[994.0],[167.0],[543.0],[803.0],[91.0],[678.0],[803.0],[360.0],[289.0],[361.0],[678.0],[806.0],[843.0],[359.0],[963.0],[98.0],[995.0],[432.0],[359.0],[350.0],[948.0],[827.0],[343.0],[971.0],[450.0],[125.0],[995.0],[218.0],[806.0],[364.0],[793.0],[781.0],[125.0],[359.0],[491.0],[827.0],[359.0],[350.0],[678.0],[878.0],[147.0],[803.0],[178.0],[963.0],[432.0],[911.0],[579.0],[948.0],[167.0],[361.0],[579.0],[845.0],[343.0],[450.0],[900.0],[803.0],[845.0],[406.0],[450.0],[550.0],[168.0],[789.0],[491.0],[168.0],[289.0],[878.0],[91.0],[450.0],[545.0],[803.0],[359.0],[651.0],[984.0],[900.0],[793.0],[359.0]
745,[23.0],[449.0],[789.0],[442.0],[16.0],[645.0],[289.0],[995.0],[491.0],[449.0],[258.0],[429.0],[28.0],[678.0],[963.0],[359.0],[350.0],[449.0],[16.0],[359.0],[878.0],[36.0],[491.0],[827.0],[971.0],[361.0],[651.0],[984.0],[272.0],[550.0],[789.0],[789.0],[830.0],[36.0],[275.0],[450.0],[777.0],[27.0],[971.0],[289.0],[168.0],[350.0],[902.0],[432.0],[803.0],[406.0],[513.0],[678.0],[803.0],[995.0],[267.0],[360.0],[449.0],[167.0],[994.0],[256.0],[359.0],[902.0],[845.0],[406.0],[27.0],[491.0],[795.0],[830.0],[491.0],[984.0],[827.0],[793.0],[364.0],[289.0],[442.0],[364.0],[361.0],[795.0],[442.0],[902.0],[927.0],[550.0],[963.0],[984.0],[27.0],[36.0],[900.0],[258.0],[675.0],[359.0],[845.0],[23.0],[830.0],[91.0],[830.0],[432.0],[150.0],[147.0],[902.0],[764.0],[359.0],[827.0],[827.0],[902.0]
746,[984.0],[948.0],[359.0],[125.0],[147.0],[125.0],[878.0],[267.0],[845.0],[948.0],[806.0],[878.0],[959.0],[36.0],[971.0],[984.0],[845.0],[258.0],[350.0],[902.0],[91.0],[994.0],[360.0],[167.0],[289.0],[827.0],[485.0],[16.0],[830.0],[827.0],[359.0],[359.0],[878.0],[994.0],[550.0],[432.0],[937.0],[645.0],[289.0],[878.0],[267.0],[491.0],[442.0],[491.0],[806.0],[900.0],[927.0],[289.0],[984.0],[218.0],[645.0],[442.0],[948.0],[361.0],[963.0],[110.0],[902.0],[27.0],[27.0],[36.0],[579.0],[845.0],[275.0],[91.0],[845.0],[16.0],[406.0],[900.0],[167.0],[777.0],[789.0],[795.0],[449.0],[449.0],[125.0],[645.0],[720.0],[432.0],[971.0],[645.0],[806.0],[994.0],[364.0],[806.0],[451.0],[803.0],[27.0],[218.0],[878.0],[272.0],[429.0],[275.0],[168.0],[258.0],[645.0],[200.0],[16.0],[406.0],[900.0],[167.0]
747,[16.0],[178.0],[902.0],[995.0],[258.0],[147.0],[91.0],[675.0],[27.0],[803.0],[984.0],[793.0],[98.0],[994.0],[289.0],[902.0],[27.0],[948.0],[902.0],[491.0],[777.0],[429.0],[789.0],[406.0],[959.0],[449.0],[926.0],[350.0],[720.0],[167.0],[984.0],[902.0],[429.0],[963.0],[994.0],[948.0],[830.0],[579.0],[878.0],[911.0],[23.0],[845.0],[645.0],[845.0],[984.0],[678.0],[28.0],[275.0],[432.0],[267.0],[147.0],[789.0],[803.0],[449.0],[971.0],[93.0],[645.0],[645.0],[645.0],[994.0],[645.0],[360.0],[550.0],[272.0],[258.0],[350.0],[36.0],[971.0],[795.0],[878.0],[125.0],[803.0],[948.0],[178.0],[359.0],[27.0],[28.0],[364.0],[678.0],[147.0],[442.0],[963.0],[795.0],[167.0],[470.0],[984.0],[645.0],[579.0],[91.0],[911.0],[793.0],[364.0],[23.0],[806.0],[350.0],[856.0],[902.0],[36.0],[678.0],[645.0]
748,[350.0],[827.0],[645.0],[432.0],[350.0],[995.0],[830.0],[359.0],[806.0],[364.0],[16.0],[900.0],[911.0],[275.0],[878.0],[645.0],[579.0],[803.0],[147.0],[645.0],[830.0],[793.0],[359.0],[36.0],[911.0],[406.0],[679.0],[364.0],[241.0],[361.0],[16.0],[645.0],[793.0],[971.0],[167.0],[803.0],[554.0],[147.0],[167.0],[91.0],[218.0],[364.0],[125.0],[27.0],[450.0],[36.0],[959.0],[550.0],[364.0],[360.0],[675.0],[359.0],[450.0],[948.0],[289.0],[29.0],[147.0],[147.0],[147.0],[550.0],[442.0],[789.0],[167.0],[720.0],[806.0],[902.0],[994.0],[678.0],[361.0],[272.0],[995.0],[16.0],[803.0],[827.0],[995.0],[147.0],[959.0],[167.0],[289.0],[16.0],[450.0],[971.0],[178.0],[361.0],[23.0],[16.0],[579.0],[359.0],[429.0],[720.0],[900.0],[550.0],[218.0],[984.0],[491.0],[485.0],[350.0],[994.0],[275.0],[147.0]
749,[218.0],[406.0],[27.0],[364.0],[491.0],[258.0],[429.0],[451.0],[579.0],[795.0],[450.0],[678.0],[830.0],[963.0],[793.0],[147.0],[442.0],[806.0],[258.0],[258.0],[272.0],[963.0],[902.0],[361.0],[878.0],[948.0],[924.0],[491.0],[429.0],[406.0],[902.0],[258.0],[900.0],[289.0],[963.0],[364.0],[429.0],[442.0],[91.0],[272.0],[675.0],[795.0],[995.0],[364.0],[432.0],[994.0],[98.0],[167.0],[795.0],[789.0],[451.0],[902.0],[432.0],[795.0],[900.0],[560.0],[258.0],[258.0],[258.0],[167.0],[125.0],[359.0],[361.0],[241.0],[450.0],[645.0],[449.0],[289.0],[449.0],[830.0],[267.0],[350.0],[984.0],[948.0],[902.0],[579.0],[241.0],[795.0],[275.0],[350.0],[432.0],[900.0],[827.0],[449.0],[515.0],[902.0],[442.0],[442.0],[272.0],[241.0],[272.0],[167.0],[360.0],[450.0],[147.0],[926.0],[645.0],[678.0],[550.0],[258.0]
750,[360.0],[803.0],[147.0],[267.0],[845.0],[806.0],[793.0],[470.0],[442.0],[178.0],[432.0],[91.0],[843.0],[971.0],[91.0],[258.0],[902.0],[450.0],[491.0],[806.0],[720.0],[900.0],[845.0],[994.0],[777.0],[36.0],[199.0],[795.0],[843.0],[36.0],[645.0],[450.0],[91.0],[449.0],[971.0],[795.0],[513.0],[258.0],[272.0],[720.0],[451.0],[27.0],[147.0],[579.0],[795.0],[963.0],[911.0],[361.0],[16.0],[675.0],[258.0],[645.0],[984.0],[178.0],[678.0],[418.0],[995.0],[579.0],[579.0],[361.0],[147.0],[27.0],[178.0],[843.0],[364.0],[147.0],[963.0],[275.0],[178.0],[429.0],[675.0],[491.0],[806.0],[406.0],[267.0],[442.0],[98.0],[178.0],[878.0],[258.0],[364.0],[678.0],[406.0],[450.0],[802.0],[645.0],[147.0],[125.0],[720.0],[777.0],[678.0],[795.0],[789.0],[432.0],[258.0],[679.0],[147.0],[963.0],[167.0],[361.0]
751,[491.0],[984.0],[442.0],[675.0],[806.0],[450.0],[272.0],[515.0],[125.0],[827.0],[364.0],[275.0],[429.0],[550.0],[900.0],[16.0],[645.0],[432.0],[845.0],[845.0],[241.0],[971.0],[27.0],[971.0],[830.0],[994.0],[237.0],[827.0],[937.0],[449.0],[147.0],[984.0],[678.0],[878.0],[878.0],[984.0],[793.0],[806.0],[361.0],[241.0],[470.0],[178.0],[258.0],[795.0],[178.0],[971.0],[664.0],[878.0],[178.0],[451.0],[806.0],[147.0],[364.0],[803.0],[275.0],[571.0],[806.0],[806.0],[806.0],[963.0],[258.0],[902.0],[827.0],[429.0],[795.0],[491.0],[948.0],[550.0],[827.0],[720.0],[359.0],[845.0],[450.0],[36.0],[675.0],[258.0],[843.0],[361.0],[550.0],[491.0],[125.0],[289.0],[36.0],[432.0],[218.0],[147.0],[258.0],[902.0],[793.0],[843.0],[275.0],[178.0],[359.0],[364.0],[806.0],[946.0],[491.0],[971.0],[36.0],[806.0]
752,[845.0],[36.0],[258.0],[451.0],[27.0],[432.0],[900.0],[902.0],[432.0],[406.0],[350.0],[272.0],[937.0],[289.0],[678.0],[350.0],[125.0],[364.0],[806.0],[450.0],[429.0],[678.0],[645.0],[289.0],[793.0],[803.0],[566.0],[406.0],[554.0],[948.0],[258.0],[432.0],[272.0],[91.0],[91.0],[178.0],[664.0],[450.0],[449.0],[777.0],[360.0],[827.0],[267.0],[442.0],[16.0],[289.0],[781.0],[91.0],[827.0],[470.0],[450.0],[258.0],[795.0],[984.0],[878.0],[327.0],[450.0],[450.0],[442.0],[449.0],[995.0],[579.0],[406.0],[937.0],[27.0],[845.0],[971.0],[878.0],[948.0],[241.0],[902.0],[27.0],[16.0],[803.0],[645.0],[806.0],[554.0],[827.0],[91.0],[845.0],[795.0],[878.0],[994.0],[948.0],[251.0],[258.0],[806.0],[645.0],[241.0],[429.0],[720.0],[827.0],[902.0],[16.0],[845.0],[924.0],[845.0],[289.0],[994.0],[450.0]
753,[27.0],[994.0],[806.0],[795.0],[450.0],[267.0],[678.0],[645.0],[364.0],[36.0],[795.0],[550.0],[554.0],[167.0],[275.0],[806.0],[147.0],[984.0],[450.0],[27.0],[793.0],[289.0],[147.0],[449.0],[900.0],[984.0],[764.0],[36.0],[513.0],[803.0],[350.0],[350.0],[720.0],[272.0],[272.0],[350.0],[93.0],[432.0],[720.0],[843.0],[789.0],[406.0],[675.0],[125.0],[827.0],[878.0],[777.0],[449.0],[406.0],[515.0],[432.0],[806.0],[16.0],[16.0],[550.0],[487.0],[267.0],[432.0],[450.0],[971.0],[806.0],[442.0],[36.0],[554.0],[579.0],[258.0],[803.0],[91.0],[803.0],[793.0],[451.0],[178.0],[350.0],[984.0],[451.0],[450.0],[513.0],[449.0],[167.0],[806.0],[995.0],[275.0],[971.0],[364.0],[789.0],[350.0],[450.0],[147.0],[900.0],[937.0],[550.0],[406.0],[645.0],[795.0],[27.0],[561.0],[27.0],[878.0],[963.0],[984.0]
754,[579.0],[350.0],[450.0],[178.0],[432.0],[675.0],[720.0],[147.0],[995.0],[984.0],[491.0],[720.0],[513.0],[878.0],[272.0],[491.0],[995.0],[795.0],[432.0],[432.0],[678.0],[878.0],[258.0],[948.0],[678.0],[16.0],[200.0],[994.0],[664.0],[984.0],[806.0],[364.0],[275.0],[720.0],[720.0],[827.0],[900.0],[125.0],[948.0],[830.0],[359.0],[579.0],[806.0],[995.0],[350.0],[91.0],[93.0],[272.0],[350.0],[359.0],[364.0],[450.0],[178.0],[350.0],[167.0],[304.0],[675.0],[442.0],[125.0],[289.0],[450.0],[645.0],[994.0],[513.0],[442.0],[806.0],[289.0],[272.0],[406.0],[678.0],[470.0],[579.0],[491.0],[994.0],[470.0],[432.0],[911.0],[406.0],[361.0],[579.0],[178.0],[91.0],[289.0],[803.0],[764.0],[806.0],[125.0],[258.0],[678.0],[554.0],[167.0],[361.0],[147.0],[350.0],[450.0],[987.0],[579.0],[275.0],[361.0],[350.0]
755,[789.0],[491.0],[125.0],[827.0],[364.0],[364.0],[241.0],[258.0],[795.0],[994.0],[827.0],[167.0],[793.0],[361.0],[550.0],[845.0],[267.0],[178.0],[364.0],[579.0],[843.0],[275.0],[442.0],[803.0],[91.0],[963.0],[856.0],[963.0],[781.0],[994.0],[450.0],[795.0],[550.0],[241.0],[241.0],[491.0],[560.0],[364.0],[803.0],[937.0],[902.0],[36.0],[450.0],[267.0],[406.0],[272.0],[560.0],[948.0],[491.0],[902.0],[795.0],[125.0],[827.0],[845.0],[361.0],[862.0],[432.0],[125.0],[995.0],[948.0],[432.0],[147.0],[948.0],[664.0],[178.0],[450.0],[878.0],[720.0],[984.0],[843.0],[645.0],[827.0],[845.0],[16.0],[147.0],[125.0],[777.0],[36.0],[272.0],[432.0],[267.0],[272.0],[878.0],[984.0],[200.0],[491.0],[995.0],[995.0],[843.0],[513.0],[241.0],[449.0],[451.0],[178.0],[432.0],[199.0],[442.0],[91.0],[449.0],[491.0]
756,[442.0],[845.0],[364.0],[470.0],[795.0],[470.0],[843.0],[806.0],[178.0],[963.0],[406.0],[361.0],[900.0],[91.0],[167.0],[450.0],[675.0],[827.0],[795.0],[364.0],[275.0],[91.0],[125.0],[878.0],[275.0],[350.0],[545.0],[971.0],[93.0],[16.0],[432.0],[178.0],[241.0],[843.0],[361.0],[845.0],[678.0],[795.0],[984.0],[554.0],[515.0],[125.0],[432.0],[178.0],[36.0],[720.0],[418.0],[720.0],[36.0],[802.0],[470.0],[995.0],[406.0],[827.0],[91.0],[703.0],[364.0],[364.0],[267.0],[803.0],[364.0],[125.0],[803.0],[781.0],[827.0],[27.0],[91.0],[241.0],[16.0],[275.0],[147.0],[406.0],[432.0],[963.0],[258.0],[364.0],[664.0],[994.0],[449.0],[364.0],[675.0],[550.0],[91.0],[16.0],[856.0],[845.0],[267.0],[267.0],[937.0],[793.0],[843.0],[948.0],[470.0],[827.0],[364.0],[237.0],[258.0],[272.0],[971.0],[845.0]
757,[125.0],[963.0],[795.0],[515.0],[178.0],[795.0],[275.0],[450.0],[267.0],[971.0],[36.0],[241.0],[664.0],[449.0],[361.0],[27.0],[451.0],[406.0],[178.0],[795.0],[550.0],[272.0],[806.0],[984.0],[550.0],[971.0],[946.0],[289.0],[560.0],[350.0],[491.0],[827.0],[843.0],[948.0],[843.0],[27.0],[275.0],[178.0],[843.0],[513.0],[645.0],[995.0],[364.0],[827.0],[994.0],[241.0],[830.0],[241.0],[994.0],[251.0],[515.0],[432.0],[350.0],[27.0],[272.0],[439.0],[451.0],[795.0],[432.0],[878.0],[795.0],[258.0],[984.0],[93.0],[406.0],[579.0],[272.0],[843.0],[350.0],[937.0],[258.0],[442.0],[364.0],[971.0],[515.0],[795.0],[830.0],[948.0],[720.0],[442.0],[451.0],[167.0],[678.0],[350.0],[359.0],[27.0],[451.0],[675.0],[554.0],[664.0],[937.0],[803.0],[258.0],[406.0],[579.0],[566.0],[125.0],[720.0],[289.0],[432.0]
758,[359.0],[971.0],[995.0],[802.0],[827.0],[178.0],[937.0],[432.0],[675.0],[289.0],[845.0],[449.0],[781.0],[948.0],[720.0],[432.0],[470.0],[16.0],[827.0],[178.0],[937.0],[241.0],[450.0],[91.0],[167.0],[289.0],[150.0],[845.0],[793.0],[963.0],[364.0],[491.0],[167.0],[803.0],[449.0],[579.0],[418.0],[827.0],[350.0],[664.0],[258.0],[994.0],[451.0],[675.0],[491.0],[937.0],[571.0],[803.0],[845.0],[764.0],[802.0],[364.0],[491.0],[406.0],[984.0],[484.0],[795.0],[995.0],[675.0],[91.0],[267.0],[806.0],[963.0],[418.0],[36.0],[432.0],[984.0],[167.0],[36.0],[550.0],[515.0],[36.0],[27.0],[289.0],[802.0],[178.0],[781.0],[963.0],[241.0],[125.0],[827.0],[361.0],[275.0],[491.0],[902.0],[450.0],[432.0],[806.0],[275.0],[781.0],[554.0],[984.0],[806.0],[36.0],[442.0],[441.0],[267.0],[241.0],[878.0],[364.0]
759,[902.0],[289.0],[267.0],[251.0],[406.0],[827.0],[513.0],[802.0],[451.0],[878.0],[27.0],[948.0],[678.0],[803.0],[241.0],[364.0],[258.0],[350.0],[406.0],[827.0],[167.0],[550.0],[995.0],[272.0],[361.0],[878.0],[168.0],[878.0],[418.0],[971.0],[795.0],[845.0],[937.0],[984.0],[554.0],[406.0],[571.0],[406.0],[491.0],[781.0],[802.0],[963.0],[470.0],[406.0],[845.0],[275.0],[429.0],[984.0],[27.0],[645.0],[178.0],[795.0],[36.0],[579.0],[720.0],[154.0],[178.0],[267.0],[451.0],[272.0],[178.0],[450.0],[971.0],[571.0],[994.0],[364.0],[16.0],[361.0],[491.0],[167.0],[802.0],[125.0],[795.0],[878.0],[251.0],[675.0],[429.0],[803.0],[843.0],[178.0],[470.0],[720.0],[550.0],[845.0],[946.0],[579.0],[364.0],[450.0],[513.0],[900.0],[513.0],[16.0],[515.0],[994.0],[995.0],[545.0],[806.0],[937.0],[948.0],[27.0]
760,[645.0],[878.0],[178.0],[406.0],[36.0],[515.0],[664.0],[364.0],[470.0],[91.0],[994.0],[843.0],[275.0],[16.0],[449.0],[579.0],[806.0],[36.0],[27.0],[406.0],[361.0],[843.0],[267.0],[720.0],[272.0],[91.0],[561.0],[27.0],[571.0],[289.0],[178.0],[406.0],[513.0],[937.0],[948.0],[442.0],[550.0],[995.0],[937.0],[429.0],[806.0],[971.0],[795.0],[36.0],[963.0],[554.0],[793.0],[843.0],[963.0],[147.0],[251.0],[267.0],[845.0],[36.0],[241.0],[780.0],[827.0],[675.0],[470.0],[720.0],[406.0],[432.0],[16.0],[327.0],[963.0],[442.0],[350.0],[449.0],[994.0],[554.0],[806.0],[994.0],[178.0],[350.0],[764.0],[827.0],[93.0],[971.0],[937.0],[827.0],[406.0],[241.0],[272.0],[178.0],[561.0],[432.0],[795.0],[470.0],[550.0],[678.0],[361.0],[350.0],[450.0],[491.0],[267.0],[299.0],[675.0],[554.0],[803.0],[579.0]
761,[147.0],[91.0],[827.0],[36.0],[994.0],[802.0],[781.0],[251.0],[515.0],[16.0],[963.0],[803.0],[93.0],[350.0],[843.0],[442.0],[515.0],[491.0],[36.0],[125.0],[449.0],[937.0],[432.0],[241.0],[720.0],[272.0],[458.0],[579.0],[327.0],[878.0],[827.0],[27.0],[664.0],[554.0],[513.0],[36.0],[327.0],[36.0],[554.0],[793.0],[450.0],[267.0],[178.0],[451.0],[27.0],[550.0],[327.0],[937.0],[971.0],[200.0],[764.0],[675.0],[27.0],[994.0],[843.0],[857.0],[406.0],[178.0],[515.0],[241.0],[675.0],[795.0],[350.0],[304.0],[971.0],[125.0],[720.0],[948.0],[963.0],[513.0],[450.0],[963.0],[579.0],[91.0],[806.0],[451.0],[560.0],[289.0],[554.0],[36.0],[36.0],[843.0],[720.0],[27.0],[645.0],[442.0],[178.0],[515.0],[664.0],[275.0],[664.0],[491.0],[432.0],[963.0],[795.0],[150.0],[450.0],[513.0],[91.0],[442.0]
762,[267.0],[27.0],[406.0],[994.0],[963.0],[406.0],[93.0],[795.0],[827.0],[272.0],[579.0],[937.0],[560.0],[272.0],[948.0],[125.0],[802.0],[994.0],[963.0],[995.0],[554.0],[554.0],[364.0],[843.0],[241.0],[720.0],[987.0],[91.0],[304.0],[91.0],[845.0],[579.0],[361.0],[16.0],[664.0],[994.0],[304.0],[994.0],[845.0],[93.0],[364.0],[289.0],[827.0],[994.0],[579.0],[361.0],[900.0],[554.0],[579.0],[856.0],[200.0],[178.0],[579.0],[442.0],[16.0],[19.0],[36.0],[827.0],[802.0],[984.0],[36.0],[178.0],[289.0],[862.0],[125.0],[995.0],[491.0],[803.0],[971.0],[664.0],[251.0],[971.0],[827.0],[272.0],[200.0],[470.0],[418.0],[878.0],[513.0],[994.0],[963.0],[937.0],[167.0],[827.0],[147.0],[364.0],[470.0],[432.0],[781.0],[550.0],[781.0],[994.0],[364.0],[845.0],[178.0],[168.0],[432.0],[550.0],[272.0],[795.0]
763,[258.0],[272.0],[675.0],[963.0],[971.0],[36.0],[560.0],[200.0],[802.0],[720.0],[971.0],[984.0],[418.0],[720.0],[937.0],[995.0],[450.0],[845.0],[971.0],[267.0],[513.0],[513.0],[675.0],[937.0],[843.0],[241.0],[441.0],[272.0],[862.0],[272.0],[27.0],[442.0],[449.0],[513.0],[803.0],[963.0],[167.0],[963.0],[513.0],[900.0],[795.0],[675.0],[515.0],[963.0],[442.0],[449.0],[678.0],[513.0],[442.0],[946.0],[856.0],[451.0],[994.0],[971.0],[350.0],[205.0],[994.0],[470.0],[251.0],[843.0],[451.0],[995.0],[878.0],[703.0],[995.0],[795.0],[241.0],[937.0],[289.0],[361.0],[432.0],[289.0],[406.0],[720.0],[856.0],[406.0],[571.0],[91.0],[664.0],[995.0],[971.0],[449.0],[937.0],[579.0],[258.0],[125.0],[515.0],[364.0],[93.0],[93.0],[93.0],[963.0],[795.0],[971.0],[827.0],[218.0],[795.0],[664.0],[720.0],[125.0]
764,[675.0],[720.0],[451.0],[971.0],[579.0],[251.0],[571.0],[178.0],[251.0],[241.0],[289.0],[16.0],[571.0],[241.0],[803.0],[795.0],[251.0],[963.0],[289.0],[36.0],[664.0],[664.0],[451.0],[16.0],[449.0],[843.0],[23.0],[720.0],[900.0],[491.0],[406.0],[125.0],[948.0],[350.0],[984.0],[125.0],[862.0],[267.0],[27.0],[560.0],[178.0],[451.0],[802.0],[971.0],[125.0],[948.0],[275.0],[781.0],[289.0],[258.0],[946.0],[827.0],[442.0],[125.0],[937.0],[677.0],[470.0],[406.0],[364.0],[937.0],[470.0],[827.0],[91.0],[484.0],[267.0],[178.0],[843.0],[554.0],[27.0],[781.0],[764.0],[878.0],[36.0],[491.0],[450.0],[36.0],[900.0],[272.0],[948.0],[971.0],[289.0],[948.0],[361.0],[442.0],[806.0],[795.0],[827.0],[802.0],[167.0],[560.0],[449.0],[289.0],[178.0],[289.0],[406.0],[655.0],[451.0],[167.0],[984.0],[178.0]
765,[806.0],[241.0],[36.0],[764.0],[289.0],[994.0],[327.0],[827.0],[764.0],[350.0],[878.0],[350.0],[327.0],[491.0],[984.0],[178.0],[432.0],[971.0],[878.0],[994.0],[781.0],[781.0],[178.0],[350.0],[948.0],[937.0],[218.0],[241.0],[703.0],[845.0],[579.0],[36.0],[803.0],[664.0],[16.0],[971.0],[703.0],[971.0],[664.0],[418.0],[251.0],[470.0],[251.0],[289.0],[971.0],[513.0],[550.0],[93.0],[878.0],[561.0],[827.0],[406.0],[971.0],[289.0],[554.0],[869.0],[515.0],[36.0],[764.0],[554.0],[515.0],[406.0],[491.0],[154.0],[675.0],[267.0],[845.0],[513.0],[878.0],[449.0],[364.0],[91.0],[442.0],[241.0],[946.0],[515.0],[327.0],[720.0],[803.0],[267.0],[515.0],[554.0],[449.0],[125.0],[450.0],[178.0],[406.0],[795.0],[560.0],[418.0],[560.0],[878.0],[827.0],[27.0],[675.0],[271.0],[470.0],[93.0],[843.0],[827.0]
766,[450.0],[579.0],[994.0],[289.0],[878.0],[764.0],[550.0],[406.0],[200.0],[491.0],[91.0],[491.0],[550.0],[845.0],[350.0],[267.0],[364.0],[27.0],[579.0],[963.0],[948.0],[93.0],[470.0],[491.0],[803.0],[554.0],[655.0],[442.0],[484.0],[27.0],[36.0],[995.0],[984.0],[781.0],[350.0],[289.0],[484.0],[289.0],[579.0],[678.0],[764.0],[515.0],[764.0],[878.0],[289.0],[984.0],[304.0],[16.0],[125.0],[806.0],[406.0],[36.0],[289.0],[878.0],[513.0],[169.0],[963.0],[994.0],[795.0],[513.0],[802.0],[36.0],[845.0],[780.0],[451.0],[827.0],[937.0],[984.0],[579.0],[93.0],[200.0],[272.0],[994.0],[843.0],[432.0],[994.0],[304.0],[241.0],[781.0],[289.0],[802.0],[803.0],[554.0],[406.0],[432.0],[995.0],[36.0],[178.0],[418.0],[571.0],[418.0],[91.0],[802.0],[878.0],[36.0],[360.0],[178.0],[361.0],[937.0],[406.0]
767,[432.0],[442.0],[470.0],[200.0],[442.0],[200.0],[304.0],[36.0],[406.0],[845.0],[272.0],[845.0],[304.0],[843.0],[554.0],[470.0],[200.0],[289.0],[442.0],[451.0],[803.0],[418.0],[515.0],[554.0],[984.0],[513.0],[360.0],[125.0],[678.0],[579.0],[994.0],[994.0],[16.0],[491.0],[781.0],[878.0],[361.0],[675.0],[442.0],[550.0],[827.0],[878.0],[200.0],[91.0],[995.0],[664.0],[862.0],[560.0],[91.0],[450.0],[561.0],[994.0],[125.0],[995.0],[491.0],[140.0],[971.0],[515.0],[200.0],[664.0],[251.0],[994.0],[272.0],[19.0],[878.0],[675.0],[27.0],[16.0],[442.0],[560.0],[795.0],[995.0],[125.0],[845.0],[364.0],[802.0],[678.0],[937.0],[93.0],[878.0],[251.0],[513.0],[513.0],[995.0],[364.0],[267.0],[802.0],[251.0],[571.0],[167.0],[948.0],[272.0],[36.0],[91.0],[994.0],[789.0],[515.0],[449.0],[16.0],[36.0]
768,[451.0],[843.0],[515.0],[856.0],[995.0],[856.0],[167.0],[856.0],[36.0],[27.0],[720.0],[554.0],[167.0],[937.0],[491.0],[827.0],[795.0],[878.0],[91.0],[971.0],[93.0],[571.0],[827.0],[664.0],[16.0],[491.0],[789.0],[843.0],[154.0],[720.0],[963.0],[267.0],[491.0],[27.0],[93.0],[91.0],[449.0],[878.0],[781.0],[167.0],[200.0],[91.0],[856.0],[272.0],[91.0],[16.0],[703.0],[350.0],[272.0],[432.0],[458.0],[470.0],[878.0],[91.0],[664.0],[343.0],[289.0],[963.0],[827.0],[350.0],[994.0],[267.0],[27.0],[205.0],[91.0],[406.0],[579.0],[664.0],[125.0],[948.0],[178.0],[267.0],[963.0],[937.0],[795.0],[963.0],[862.0],[513.0],[560.0],[675.0],[878.0],[984.0],[664.0],[36.0],[795.0],[827.0],[994.0],[827.0],[327.0],[327.0],[803.0],[720.0],[251.0],[579.0],[451.0],[232.0],[827.0],[560.0],[554.0],[995.0]
769,[364.0],[937.0],[802.0],[878.0],[91.0],[963.0],[361.0],[994.0],[994.0],[843.0],[241.0],[27.0],[449.0],[554.0],[513.0],[406.0],[856.0],[579.0],[272.0],[470.0],[560.0],[304.0],[406.0],[781.0],[937.0],[664.0],[271.0],[995.0],[780.0],[442.0],[442.0],[675.0],[781.0],[579.0],[560.0],[995.0],[948.0],[451.0],[125.0],[361.0],[406.0],[272.0],[946.0],[515.0],[267.0],[350.0],[484.0],[418.0],[720.0],[458.0],[36.0],[515.0],[91.0],[272.0],[781.0],[964.0],[878.0],[802.0],[856.0],[491.0],[963.0],[675.0],[579.0],[793.0],[272.0],[36.0],[442.0],[350.0],[91.0],[418.0],[827.0],[720.0],[289.0],[513.0],[178.0],[971.0],[703.0],[664.0],[418.0],[91.0],[764.0],[664.0],[803.0],[963.0],[178.0],[36.0],[963.0],[764.0],[304.0],[304.0],[571.0],[241.0],[994.0],[720.0],[963.0],[690.0],[802.0],[418.0],[513.0],[994.0]
770,[795.0],[125.0],[963.0],[946.0],[272.0],[289.0],[449.0],[963.0],[963.0],[937.0],[442.0],[579.0],[862.0],[513.0],[845.0],[515.0],[178.0],[91.0],[125.0],[515.0],[418.0],[167.0],[36.0],[93.0],[491.0],[781.0],[359.0],[267.0],[275.0],[125.0],[125.0],[451.0],[845.0],[442.0],[418.0],[272.0],[803.0],[91.0],[93.0],[327.0],[36.0],[720.0],[561.0],[720.0],[272.0],[491.0],[167.0],[571.0],[995.0],[364.0],[994.0],[251.0],[272.0],[267.0],[845.0],[927.0],[91.0],[251.0],[946.0],[845.0],[289.0],[963.0],[720.0],[869.0],[720.0],[994.0],[125.0],[491.0],[995.0],[803.0],[856.0],[241.0],[995.0],[664.0],[827.0],[251.0],[484.0],[984.0],[984.0],[451.0],[200.0],[16.0],[781.0],[267.0],[458.0],[675.0],[971.0],[406.0],[862.0],[862.0],[327.0],[845.0],[764.0],[241.0],[971.0],[359.0],[406.0],[948.0],[350.0],[267.0]
771,[178.0],[554.0],[971.0],[561.0],[720.0],[878.0],[948.0],[971.0],[856.0],[554.0],[125.0],[513.0],[703.0],[27.0],[664.0],[36.0],[827.0],[442.0],[720.0],[289.0],[571.0],[361.0],[994.0],[560.0],[845.0],[93.0],[902.0],[937.0],[19.0],[241.0],[995.0],[470.0],[27.0],[125.0],[571.0],[720.0],[154.0],[470.0],[995.0],[449.0],[856.0],[241.0],[406.0],[241.0],[675.0],[845.0],[154.0],[327.0],[267.0],[987.0],[963.0],[963.0],[720.0],[675.0],[93.0],[28.0],[272.0],[971.0],[561.0],[27.0],[878.0],[971.0],[442.0],[900.0],[241.0],[451.0],[554.0],[781.0],[272.0],[984.0],[406.0],[675.0],[878.0],[781.0],[561.0],[764.0],[154.0],[781.0],[16.0],[470.0],[91.0],[350.0],[984.0],[971.0],[987.0],[451.0],[251.0],[36.0],[484.0],[703.0],[304.0],[27.0],[963.0],[843.0],[470.0],[902.0],[36.0],[571.0],[664.0],[675.0]
772,[470.0],[995.0],[251.0],[91.0],[241.0],[91.0],[862.0],[289.0],[946.0],[513.0],[995.0],[442.0],[484.0],[579.0],[27.0],[994.0],[406.0],[125.0],[995.0],[878.0],[327.0],[449.0],[963.0],[418.0],[554.0],[845.0],[232.0],[554.0],[869.0],[267.0],[971.0],[963.0],[579.0],[995.0],[491.0],[267.0],[984.0],[272.0],[267.0],[304.0],[946.0],[843.0],[458.0],[843.0],[451.0],[27.0],[361.0],[304.0],[241.0],[441.0],[971.0],[764.0],[995.0],[451.0],[560.0],[879.0],[720.0],[289.0],[406.0],[579.0],[764.0],[451.0],[241.0],[678.0],[843.0],[963.0],[513.0],[93.0],[720.0],[571.0],[36.0],[451.0],[91.0],[27.0],[458.0],[289.0],[780.0],[93.0],[571.0],[515.0],[272.0],[781.0],[93.0],[675.0],[827.0],[470.0],[878.0],[200.0],[154.0],[361.0],[984.0],[579.0],[289.0],[937.0],[289.0],[645.0],[963.0],[327.0],[781.0],[963.0]
773,[515.0],[267.0],[764.0],[458.0],[843.0],[946.0],[803.0],[946.0],[561.0],[664.0],[843.0],[664.0],[948.0],[664.0],[781.0],[802.0],[36.0],[995.0],[267.0],[251.0],[984.0],[803.0],[971.0],[845.0],[27.0],[418.0],[645.0],[664.0],[169.0],[843.0],[267.0],[971.0],[93.0],[93.0],[845.0],[241.0],[780.0],[720.0],[560.0],[862.0],[561.0],[937.0],[987.0],[937.0],[470.0],[579.0],[449.0],[862.0],[675.0],[299.0],[289.0],[971.0],[843.0],[470.0],[27.0],[459.0],[251.0],[878.0],[36.0],[781.0],[91.0],[470.0],[843.0],[275.0],[470.0],[971.0],[995.0],[560.0],[267.0],[16.0],[946.0],[470.0],[267.0],[93.0],[987.0],[878.0],[275.0],[560.0],[304.0],[272.0],[720.0],[491.0],[16.0],[451.0],[406.0],[994.0],[91.0],[856.0],[449.0],[449.0],[862.0],[442.0],[878.0],[554.0],[515.0],[147.0],[971.0],[304.0],[93.0],[451.0]
774,[827.0],[513.0],[289.0],[272.0],[937.0],[272.0],[984.0],[561.0],[971.0],[579.0],[937.0],[125.0],[154.0],[442.0],[579.0],[963.0],[946.0],[272.0],[675.0],[91.0],[350.0],[862.0],[802.0],[27.0],[513.0],[27.0],[147.0],[781.0],[879.0],[675.0],[675.0],[289.0],[442.0],[560.0],[27.0],[675.0],[16.0],[515.0],[675.0],[948.0],[994.0],[802.0],[441.0],[554.0],[720.0],[442.0],[948.0],[491.0],[937.0],[795.0],[987.0],[289.0],[267.0],[720.0],[418.0],[661.0],[764.0],[272.0],[994.0],[93.0],[200.0],[515.0],[125.0],[169.0],[937.0],[470.0],[664.0],[418.0],[241.0],[327.0],[994.0],[515.0],[720.0],[560.0],[406.0],[91.0],[550.0],[418.0],[862.0],[802.0],[241.0],[93.0],[560.0],[289.0],[36.0],[963.0],[272.0],[946.0],[780.0],[948.0],[703.0],[843.0],[91.0],[442.0],[878.0],[460.0],[251.0],[803.0],[491.0],[289.0]
775,[406.0],[664.0],[200.0],[720.0],[267.0],[561.0],[16.0],[878.0],[289.0],[442.0],[554.0],[781.0],[803.0],[125.0],[442.0],[764.0],[994.0],[267.0],[241.0],[272.0],[491.0],[984.0],[289.0],[579.0],[579.0],[571.0],[690.0],[675.0],[459.0],[470.0],[289.0],[515.0],[125.0],[418.0],[327.0],[843.0],[19.0],[802.0],[418.0],[703.0],[963.0],[251.0],[299.0],[513.0],[515.0],[125.0],[780.0],[703.0],[451.0],[178.0],[878.0],[878.0],[675.0],[241.0],[579.0],[8.0],[200.0],[720.0],[458.0],[442.0],[272.0],[802.0],[937.0],[550.0],[554.0],[515.0],[781.0],[571.0],[843.0],[304.0],[561.0],[802.0],[241.0],[418.0],[36.0],[272.0],[19.0],[16.0],[703.0],[720.0],[843.0],[27.0],[350.0],[470.0],[441.0],[971.0],[720.0],[994.0],[948.0],[484.0],[484.0],[937.0],[272.0],[513.0],[802.0],[806.0],[764.0],[862.0],[560.0],[470.0]
776,[802.0],[781.0],[856.0],[241.0],[554.0],[720.0],[703.0],[91.0],[458.0],[125.0],[267.0],[995.0],[780.0],[995.0],[93.0],[971.0],[561.0],[241.0],[843.0],[764.0],[304.0],[703.0],[878.0],[442.0],[664.0],[327.0],[258.0],[93.0],[550.0],[937.0],[878.0],[878.0],[560.0],[571.0],[304.0],[937.0],[205.0],[251.0],[571.0],[484.0],[458.0],[764.0],[36.0],[802.0],[241.0],[995.0],[984.0],[484.0],[554.0],[655.0],[91.0],[200.0],[937.0],[843.0],[571.0],[710.0],[856.0],[764.0],[963.0],[560.0],[856.0],[251.0],[554.0],[964.0],[513.0],[289.0],[93.0],[845.0],[937.0],[350.0],[963.0],[251.0],[843.0],[579.0],[994.0],[200.0],[167.0],[571.0],[484.0],[241.0],[937.0],[560.0],[491.0],[878.0],[994.0],[515.0],[764.0],[561.0],[803.0],[154.0],[154.0],[125.0],[720.0],[664.0],[251.0],[136.0],[289.0],[984.0],[418.0],[515.0]
777,[36.0],[93.0],[878.0],[843.0],[675.0],[241.0],[484.0],[458.0],[987.0],[781.0],[513.0],[560.0],[205.0],[267.0],[125.0],[200.0],[458.0],[843.0],[451.0],[200.0],[845.0],[16.0],[251.0],[125.0],[442.0],[579.0],[460.0],[560.0],[661.0],[554.0],[451.0],[251.0],[571.0],[327.0],[579.0],[554.0],[869.0],[764.0],[304.0],[154.0],[971.0],[856.0],[655.0],[664.0],[843.0],[781.0],[16.0],[154.0],[513.0],[827.0],[441.0],[856.0],[554.0],[515.0],[327.0],[713.0],[946.0],[843.0],[971.0],[418.0],[946.0],[289.0],[513.0],[167.0],[515.0],[802.0],[267.0],[327.0],[554.0],[862.0],[971.0],[764.0],[937.0],[571.0],[963.0],[720.0],[361.0],[327.0],[350.0],[251.0],[856.0],[418.0],[571.0],[91.0],[299.0],[251.0],[241.0],[963.0],[19.0],[780.0],[19.0],[995.0],[241.0],[125.0],[764.0],[450.0],[878.0],[703.0],[845.0],[802.0]
778,[994.0],[560.0],[946.0],[937.0],[451.0],[843.0],[154.0],[272.0],[878.0],[995.0],[664.0],[418.0],[984.0],[781.0],[560.0],[946.0],[963.0],[675.0],[937.0],[720.0],[862.0],[350.0],[91.0],[995.0],[781.0],[442.0],[136.0],[418.0],[167.0],[513.0],[91.0],[764.0],[327.0],[267.0],[862.0],[451.0],[350.0],[200.0],[451.0],[803.0],[987.0],[946.0],[994.0],[781.0],[937.0],[267.0],[19.0],[845.0],[664.0],[271.0],[299.0],[91.0],[513.0],[802.0],[304.0],[959.0],[241.0],[200.0],[289.0],[571.0],[720.0],[878.0],[664.0],[361.0],[802.0],[91.0],[560.0],[304.0],[513.0],[484.0],[289.0],[200.0],[554.0],[442.0],[441.0],[241.0],[449.0],[304.0],[845.0],[843.0],[554.0],[571.0],[327.0],[720.0],[963.0],[289.0],[200.0],[971.0],[205.0],[803.0],[16.0],[513.0],[200.0],[995.0],[91.0],[432.0],[200.0],[154.0],[27.0],[251.0]
779,[251.0],[418.0],[91.0],[987.0],[470.0],[937.0],[780.0],[720.0],[91.0],[93.0],[781.0],[571.0],[16.0],[675.0],[418.0],[289.0],[987.0],[554.0],[554.0],[856.0],[703.0],[845.0],[272.0],[571.0],[125.0],[125.0],[337.0],[451.0],[8.0],[781.0],[470.0],[91.0],[995.0],[304.0],[703.0],[513.0],[169.0],[241.0],[862.0],[984.0],[289.0],[554.0],[271.0],[93.0],[802.0],[93.0],[491.0],[780.0],[515.0],[232.0],[272.0],[946.0],[451.0],[251.0],[862.0],[98.0],[561.0],[937.0],[91.0],[327.0],[241.0],[91.0],[995.0],[449.0],[251.0],[272.0],[675.0],[27.0],[675.0],[491.0],[878.0],[856.0],[513.0],[327.0],[971.0],[856.0],[948.0],[491.0],[442.0],[937.0],[946.0],[579.0],[304.0],[515.0],[971.0],[878.0],[843.0],[458.0],[869.0],[984.0],[205.0],[267.0],[843.0],[781.0],[856.0],[337.0],[91.0],[16.0],[571.0],[91.0]
780,[963.0],[675.0],[272.0],[441.0],[515.0],[554.0],[19.0],[241.0],[272.0],[267.0],[93.0],[304.0],[869.0],[93.0],[571.0],[561.0],[971.0],[513.0],[470.0],[241.0],[27.0],[484.0],[720.0],[327.0],[995.0],[995.0],[806.0],[470.0],[361.0],[93.0],[515.0],[272.0],[267.0],[862.0],[484.0],[470.0],[964.0],[843.0],[703.0],[780.0],[878.0],[513.0],[963.0],[251.0],[554.0],[675.0],[205.0],[19.0],[781.0],[690.0],[720.0],[561.0],[664.0],[937.0],[703.0],[198.0],[458.0],[856.0],[272.0],[125.0],[561.0],[764.0],[267.0],[879.0],[664.0],[251.0],[418.0],[579.0],[664.0],[845.0],[91.0],[946.0],[664.0],[995.0],[289.0],[843.0],[803.0],[845.0],[125.0],[764.0],[513.0],[327.0],[862.0],[802.0],[655.0],[91.0],[937.0],[289.0],[169.0],[16.0],[869.0],[675.0],[937.0],[93.0],[272.0],[364.0],[272.0],[350.0],[327.0],[200.0]
781,[764.0],[571.0],[561.0],[554.0],[802.0],[513.0],[350.0],[843.0],[720.0],[560.0],[675.0],[267.0],[350.0],[451.0],[995.0],[458.0],[289.0],[451.0],[515.0],[946.0],[579.0],[27.0],[241.0],[304.0],[93.0],[267.0],[450.0],[571.0],[710.0],[515.0],[272.0],[720.0],[675.0],[703.0],[780.0],[781.0],[879.0],[937.0],[470.0],[19.0],[441.0],[664.0],[971.0],[560.0],[251.0],[560.0],[845.0],[205.0],[251.0],[460.0],[241.0],[272.0],[470.0],[764.0],[442.0],[911.0],[987.0],[561.0],[720.0],[995.0],[843.0],[200.0],[781.0],[8.0],[764.0],[720.0],[571.0],[862.0],[781.0],[154.0],[272.0],[561.0],[781.0],[304.0],[299.0],[946.0],[869.0],[27.0],[154.0],[554.0],[561.0],[304.0],[703.0],[251.0],[271.0],[272.0],[554.0],[878.0],[984.0],[19.0],[169.0],[451.0],[554.0],[560.0],[946.0],[815.0],[856.0],[491.0],[304.0],[272.0]
782,[200.0],[470.0],[458.0],[299.0],[251.0],[664.0],[205.0],[937.0],[241.0],[675.0],[451.0],[862.0],[491.0],[560.0],[267.0],[987.0],[878.0],[470.0],[513.0],[561.0],[442.0],[154.0],[764.0],[267.0],[267.0],[304.0],[432.0],[327.0],[449.0],[802.0],[720.0],[241.0],[304.0],[675.0],[442.0],[93.0],[459.0],[856.0],[515.0],[205.0],[91.0],[781.0],[232.0],[418.0],[513.0],[418.0],[869.0],[27.0],[764.0],[406.0],[655.0],[458.0],[781.0],[200.0],[484.0],[958.0],[843.0],[554.0],[241.0],[267.0],[458.0],[856.0],[93.0],[710.0],[200.0],[241.0],[304.0],[703.0],[93.0],[27.0],[720.0],[843.0],[93.0],[267.0],[878.0],[937.0],[984.0],[579.0],[780.0],[513.0],[664.0],[862.0],[484.0],[241.0],[289.0],[764.0],[856.0],[91.0],[16.0],[491.0],[964.0],[470.0],[513.0],[267.0],[561.0],[934.0],[720.0],[845.0],[579.0],[720.0]
783,[856.0],[515.0],[720.0],[513.0],[513.0],[781.0],[491.0],[987.0],[843.0],[418.0],[560.0],[484.0],[169.0],[470.0],[327.0],[878.0],[91.0],[664.0],[664.0],[843.0],[125.0],[780.0],[843.0],[862.0],[675.0],[675.0],[815.0],[515.0],[948.0],[560.0],[241.0],[843.0],[862.0],[451.0],[125.0],[515.0],[491.0],[554.0],[802.0],[869.0],[299.0],[93.0],[690.0],[571.0],[764.0],[451.0],[169.0],[579.0],[200.0],[136.0],[843.0],[987.0],[515.0],[554.0],[154.0],[777.0],[441.0],[458.0],[987.0],[304.0],[937.0],[272.0],[560.0],[948.0],[781.0],[764.0],[862.0],[484.0],[418.0],[780.0],[241.0],[937.0],[560.0],[451.0],[91.0],[554.0],[169.0],[862.0],[19.0],[664.0],[781.0],[442.0],[845.0],[843.0],[878.0],[720.0],[513.0],[987.0],[879.0],[205.0],[879.0],[664.0],[856.0],[418.0],[720.0],[795.0],[241.0],[780.0],[442.0],[241.0]
784,[971.0],[327.0],[987.0],[655.0],[764.0],[93.0],[869.0],[554.0],[441.0],[451.0],[418.0],[154.0],[964.0],[418.0],[675.0],[441.0],[272.0],[781.0],[781.0],[458.0],[484.0],[19.0],[200.0],[703.0],[470.0],[862.0],[364.0],[304.0],[876.0],[418.0],[937.0],[200.0],[451.0],[484.0],[995.0],[802.0],[661.0],[946.0],[484.0],[169.0],[272.0],[560.0],[460.0],[764.0],[664.0],[571.0],[27.0],[869.0],[856.0],[36.0],[271.0],[441.0],[93.0],[856.0],[780.0],[269.0],[299.0],[513.0],[441.0],[862.0],[987.0],[720.0],[571.0],[876.0],[93.0],[937.0],[703.0],[125.0],[451.0],[19.0],[843.0],[458.0],[418.0],[862.0],[272.0],[513.0],[964.0],[703.0],[205.0],[200.0],[93.0],[125.0],[27.0],[764.0],[232.0],[241.0],[664.0],[272.0],[350.0],[869.0],[459.0],[515.0],[561.0],[571.0],[241.0],[178.0],[843.0],[27.0],[125.0],[937.0]
785,[289.0],[304.0],[241.0],[271.0],[664.0],[458.0],[169.0],[513.0],[937.0],[571.0],[470.0],[675.0],[845.0],[571.0],[451.0],[91.0],[441.0],[515.0],[93.0],[937.0],[154.0],[579.0],[937.0],[675.0],[560.0],[703.0],[795.0],[862.0],[984.0],[327.0],[802.0],[856.0],[703.0],[470.0],[267.0],[251.0],[8.0],[561.0],[154.0],[16.0],[720.0],[418.0],[289.0],[327.0],[200.0],[470.0],[964.0],[169.0],[946.0],[994.0],[937.0],[720.0],[802.0],[946.0],[19.0],[830.0],[937.0],[987.0],[299.0],[703.0],[299.0],[946.0],[675.0],[803.0],[560.0],[554.0],[451.0],[154.0],[470.0],[205.0],[937.0],[987.0],[571.0],[470.0],[241.0],[561.0],[879.0],[442.0],[869.0],[856.0],[560.0],[995.0],[579.0],[200.0],[690.0],[843.0],[781.0],[720.0],[459.0],[845.0],[350.0],[781.0],[458.0],[675.0],[843.0],[827.0],[937.0],[579.0],[862.0],[554.0]
786,[91.0],[802.0],[843.0],[232.0],[781.0],[987.0],[964.0],[664.0],[554.0],[327.0],[571.0],[780.0],[27.0],[515.0],[515.0],[272.0],[299.0],[802.0],[802.0],[987.0],[780.0],[442.0],[856.0],[484.0],[418.0],[484.0],[934.0],[703.0],[16.0],[251.0],[554.0],[946.0],[484.0],[154.0],[675.0],[560.0],[710.0],[513.0],[251.0],[964.0],[241.0],[571.0],[136.0],[200.0],[781.0],[327.0],[442.0],[964.0],[93.0],[337.0],[554.0],[241.0],[560.0],[561.0],[205.0],[930.0],[513.0],[441.0],[655.0],[451.0],[554.0],[241.0],[327.0],[713.0],[856.0],[200.0],[515.0],[995.0],[571.0],[869.0],[554.0],[441.0],[675.0],[703.0],[843.0],[458.0],[459.0],[125.0],[995.0],[93.0],[458.0],[703.0],[442.0],[937.0],[460.0],[937.0],[946.0],[441.0],[491.0],[27.0],[491.0],[93.0],[987.0],[327.0],[937.0],[0.0],[946.0],[442.0],[703.0],[856.0]
787,[720.0],[251.0],[441.0],[664.0],[93.0],[441.0],[845.0],[441.0],[513.0],[304.0],[327.0],[451.0],[579.0],[802.0],[802.0],[299.0],[720.0],[93.0],[418.0],[441.0],[19.0],[205.0],[946.0],[451.0],[571.0],[154.0],[178.0],[802.0],[350.0],[304.0],[513.0],[937.0],[470.0],[515.0],[19.0],[418.0],[845.0],[664.0],[764.0],[879.0],[655.0],[561.0],[878.0],[856.0],[856.0],[515.0],[125.0],[879.0],[561.0],[815.0],[513.0],[299.0],[251.0],[513.0],[869.0],[429.0],[664.0],[664.0],[271.0],[470.0],[513.0],[561.0],[304.0],[198.0],[418.0],[513.0],[802.0],[267.0],[515.0],[442.0],[458.0],[299.0],[327.0],[515.0],[655.0],[664.0],[16.0],[995.0],[267.0],[560.0],[987.0],[484.0],[154.0],[856.0],[91.0],[200.0],[561.0],[299.0],[661.0],[169.0],[661.0],[560.0],[664.0],[451.0],[554.0],[406.0],[561.0],[125.0],[484.0],[946.0]
788,[946.0],[764.0],[299.0],[690.0],[560.0],[560.0],[27.0],[781.0],[655.0],[470.0],[515.0],[205.0],[442.0],[327.0],[304.0],[720.0],[655.0],[560.0],[571.0],[554.0],[205.0],[869.0],[554.0],[154.0],[515.0],[780.0],[0.0],[251.0],[713.0],[764.0],[251.0],[561.0],[154.0],[802.0],[205.0],[764.0],[876.0],[781.0],[200.0],[350.0],[271.0],[327.0],[337.0],[946.0],[93.0],[304.0],[879.0],[442.0],[560.0],[934.0],[664.0],[655.0],[200.0],[664.0],[125.0],[793.0],[781.0],[299.0],[232.0],[484.0],[655.0],[458.0],[451.0],[958.0],[946.0],[856.0],[251.0],[451.0],[327.0],[995.0],[513.0],[554.0],[862.0],[802.0],[937.0],[987.0],[350.0],[154.0],[169.0],[946.0],[441.0],[154.0],[780.0],[946.0],[136.0],[856.0],[93.0],[241.0],[845.0],[579.0],[8.0],[418.0],[781.0],[304.0],[513.0],[341.0],[554.0],[995.0],[995.0],[513.0]
789,[561.0],[862.0],[655.0],[781.0],[418.0],[655.0],[579.0],[93.0],[271.0],[515.0],[251.0],[869.0],[879.0],[251.0],[251.0],[241.0],[271.0],[418.0],[327.0],[513.0],[995.0],[169.0],[561.0],[470.0],[327.0],[451.0],[827.0],[764.0],[198.0],[862.0],[664.0],[458.0],[780.0],[251.0],[451.0],[571.0],[27.0],[93.0],[780.0],[459.0],[232.0],[304.0],[91.0],[862.0],[946.0],[862.0],[459.0],[459.0],[458.0],[0.0],[781.0],[937.0],[856.0],[458.0],[964.0],[900.0],[93.0],[781.0],[843.0],[154.0],[781.0],[843.0],[862.0],[984.0],[561.0],[664.0],[764.0],[780.0],[304.0],[169.0],[664.0],[513.0],[703.0],[251.0],[554.0],[781.0],[491.0],[267.0],[964.0],[418.0],[418.0],[267.0],[125.0],[561.0],[272.0],[554.0],[458.0],[843.0],[27.0],[964.0],[710.0],[802.0],[93.0],[862.0],[664.0],[552.0],[458.0],[19.0],[154.0],[561.0]
790,[241.0],[703.0],[271.0],[93.0],[571.0],[271.0],[879.0],[560.0],[232.0],[862.0],[304.0],[169.0],[661.0],[304.0],[764.0],[843.0],[241.0],[571.0],[862.0],[664.0],[169.0],[125.0],[513.0],[780.0],[304.0],[470.0],[406.0],[200.0],[491.0],[200.0],[93.0],[987.0],[19.0],[764.0],[869.0],[200.0],[579.0],[458.0],[856.0],[491.0],[843.0],[862.0],[272.0],[703.0],[560.0],[703.0],[995.0],[661.0],[418.0],[963.0],[93.0],[271.0],[946.0],[781.0],[995.0],[784.0],[560.0],[93.0],[937.0],[780.0],[93.0],[937.0],[703.0],[269.0],[458.0],[781.0],[200.0],[19.0],[802.0],[964.0],[781.0],[655.0],[451.0],[764.0],[513.0],[441.0],[845.0],[780.0],[879.0],[458.0],[327.0],[780.0],[19.0],[554.0],[843.0],[513.0],[560.0],[655.0],[8.0],[442.0],[876.0],[251.0],[560.0],[703.0],[458.0],[296.0],[987.0],[205.0],[780.0],[664.0]
791,[843.0],[484.0],[232.0],[560.0],[327.0],[232.0],[442.0],[418.0],[664.0],[802.0],[862.0],[964.0],[8.0],[862.0],[200.0],[937.0],[232.0],[251.0],[703.0],[299.0],[964.0],[267.0],[664.0],[19.0],[862.0],[515.0],[36.0],[484.0],[958.0],[856.0],[560.0],[299.0],[205.0],[780.0],[169.0],[327.0],[442.0],[560.0],[19.0],[661.0],[937.0],[458.0],[815.0],[484.0],[571.0],[802.0],[661.0],[125.0],[987.0],[341.0],[560.0],[232.0],[418.0],[93.0],[267.0],[750.0],[418.0],[560.0],[690.0],[19.0],[560.0],[554.0],[484.0],[16.0],[571.0],[93.0],[856.0],[205.0],[862.0],[879.0],[987.0],[271.0],[470.0],[200.0],[271.0],[560.0],[661.0],[19.0],[675.0],[571.0],[299.0],[19.0],[205.0],[513.0],[937.0],[664.0],[987.0],[271.0],[579.0],[125.0],[845.0],[571.0],[441.0],[470.0],[987.0],[36.0],[441.0],[675.0],[19.0],[458.0]
792,[458.0],[154.0],[690.0],[418.0],[200.0],[418.0],[459.0],[571.0],[781.0],[251.0],[703.0],[879.0],[710.0],[764.0],[856.0],[655.0],[843.0],[200.0],[484.0],[655.0],[879.0],[675.0],[781.0],[515.0],[802.0],[19.0],[994.0],[154.0],[845.0],[946.0],[764.0],[554.0],[869.0],[200.0],[470.0],[856.0],[713.0],[987.0],[205.0],[8.0],[554.0],[987.0],[934.0],[561.0],[327.0],[484.0],[267.0],[995.0],[441.0],[971.0],[418.0],[690.0],[571.0],[987.0],[675.0],[678.0],[655.0],[655.0],[460.0],[515.0],[271.0],[513.0],[470.0],[350.0],[987.0],[946.0],[946.0],[470.0],[703.0],[459.0],[441.0],[664.0],[484.0],[484.0],[232.0],[299.0],[8.0],[205.0],[459.0],[327.0],[304.0],[675.0],[869.0],[458.0],[337.0],[946.0],[441.0],[937.0],[442.0],[879.0],[27.0],[764.0],[418.0],[515.0],[441.0],[944.0],[513.0],[869.0],[205.0],[987.0]
793,[987.0],[200.0],[460.0],[571.0],[856.0],[571.0],[125.0],[327.0],[690.0],[703.0],[484.0],[459.0],[125.0],[200.0],[862.0],[513.0],[554.0],[327.0],[251.0],[781.0],[267.0],[451.0],[93.0],[802.0],[703.0],[802.0],[963.0],[780.0],[27.0],[561.0],[200.0],[513.0],[515.0],[856.0],[964.0],[304.0],[198.0],[418.0],[869.0],[710.0],[513.0],[703.0],[720.0],[154.0],[561.0],[251.0],[8.0],[267.0],[299.0],[289.0],[232.0],[460.0],[561.0],[560.0],[879.0],[774.0],[271.0],[418.0],[554.0],[205.0],[418.0],[987.0],[154.0],[930.0],[327.0],[560.0],[561.0],[869.0],[484.0],[661.0],[299.0],[781.0],[515.0],[856.0],[690.0],[418.0],[27.0],[675.0],[661.0],[304.0],[655.0],[451.0],[995.0],[664.0],[554.0],[781.0],[571.0],[232.0],[710.0],[995.0],[713.0],[200.0],[299.0],[802.0],[299.0],[994.0],[299.0],[169.0],[869.0],[781.0]
794,[655.0],[780.0],[937.0],[327.0],[862.0],[327.0],[995.0],[299.0],[460.0],[484.0],[764.0],[470.0],[876.0],[703.0],[703.0],[271.0],[690.0],[856.0],[764.0],[271.0],[459.0],[964.0],[560.0],[251.0],[251.0],[205.0],[341.0],[856.0],[269.0],[703.0],[418.0],[655.0],[169.0],[946.0],[515.0],[862.0],[958.0],[441.0],[946.0],[845.0],[664.0],[484.0],[241.0],[458.0],[458.0],[154.0],[675.0],[8.0],[655.0],[91.0],[690.0],[554.0],[458.0],[418.0],[459.0],[275.0],[571.0],[571.0],[513.0],[869.0],[232.0],[441.0],[515.0],[845.0],[304.0],[561.0],[484.0],[515.0],[251.0],[8.0],[93.0],[93.0],[780.0],[154.0],[664.0],[655.0],[579.0],[451.0],[451.0],[987.0],[862.0],[205.0],[267.0],[781.0],[513.0],[93.0],[327.0],[690.0],[876.0],[459.0],[579.0],[327.0],[655.0],[251.0],[781.0],[963.0],[664.0],[964.0],[267.0],[93.0]
795,[554.0],[205.0],[513.0],[460.0],[703.0],[304.0],[267.0],[655.0],[136.0],[154.0],[200.0],[661.0],[713.0],[856.0],[484.0],[781.0],[513.0],[304.0],[154.0],[93.0],[675.0],[470.0],[418.0],[764.0],[484.0],[251.0],[296.0],[19.0],[930.0],[458.0],[856.0],[664.0],[802.0],[561.0],[802.0],[703.0],[269.0],[299.0],[169.0],[27.0],[781.0],[441.0],[843.0],[987.0],[987.0],[764.0],[451.0],[675.0],[271.0],[552.0],[460.0],[136.0],[327.0],[571.0],[661.0],[550.0],[327.0],[271.0],[664.0],[169.0],[571.0],[299.0],[802.0],[478.0],[862.0],[418.0],[154.0],[169.0],[764.0],[710.0],[560.0],[232.0],[19.0],[946.0],[460.0],[271.0],[876.0],[869.0],[8.0],[862.0],[271.0],[470.0],[169.0],[987.0],[664.0],[560.0],[299.0],[554.0],[713.0],[661.0],[442.0],[304.0],[271.0],[484.0],[93.0],[50.0],[781.0],[879.0],[169.0],[560.0]
796,[513.0],[946.0],[664.0],[304.0],[484.0],[862.0],[675.0],[304.0],[93.0],[200.0],[154.0],[515.0],[198.0],[484.0],[154.0],[93.0],[460.0],[862.0],[780.0],[232.0],[661.0],[879.0],[571.0],[200.0],[154.0],[764.0],[971.0],[205.0],[579.0],[987.0],[561.0],[271.0],[964.0],[458.0],[879.0],[946.0],[930.0],[571.0],[561.0],[579.0],[690.0],[299.0],[937.0],[780.0],[441.0],[780.0],[710.0],[710.0],[571.0],[272.0],[136.0],[513.0],[987.0],[327.0],[451.0],[87.0],[304.0],[232.0],[781.0],[964.0],[690.0],[664.0],[780.0],[27.0],[441.0],[458.0],[780.0],[964.0],[200.0],[876.0],[571.0],[690.0],[802.0],[561.0],[781.0],[571.0],[713.0],[470.0],[710.0],[441.0],[703.0],[869.0],[964.0],[441.0],[781.0],[561.0],[655.0],[513.0],[125.0],[8.0],[198.0],[856.0],[232.0],[780.0],[655.0],[971.0],[93.0],[451.0],[964.0],[441.0]
797,[271.0],[561.0],[136.0],[862.0],[946.0],[703.0],[8.0],[271.0],[560.0],[780.0],[780.0],[8.0],[958.0],[154.0],[780.0],[560.0],[664.0],[946.0],[200.0],[560.0],[451.0],[515.0],[327.0],[856.0],[780.0],[200.0],[289.0],[869.0],[478.0],[484.0],[458.0],[781.0],[251.0],[19.0],[251.0],[484.0],[478.0],[655.0],[441.0],[442.0],[460.0],[154.0],[0.0],[441.0],[299.0],[200.0],[876.0],[451.0],[327.0],[296.0],[571.0],[337.0],[304.0],[441.0],[8.0],[167.0],[862.0],[690.0],[136.0],[802.0],[460.0],[655.0],[251.0],[370.0],[703.0],[571.0],[19.0],[879.0],[856.0],[267.0],[327.0],[460.0],[205.0],[458.0],[93.0],[327.0],[442.0],[169.0],[876.0],[299.0],[232.0],[802.0],[879.0],[93.0],[93.0],[418.0],[271.0],[460.0],[198.0],[267.0],[125.0],[862.0],[571.0],[19.0],[271.0],[289.0],[560.0],[459.0],[675.0],[299.0]
798,[93.0],[869.0],[337.0],[136.0],[561.0],[484.0],[710.0],[232.0],[337.0],[19.0],[856.0],[802.0],[995.0],[946.0],[946.0],[232.0],[136.0],[703.0],[19.0],[690.0],[8.0],[251.0],[304.0],[205.0],[764.0],[869.0],[878.0],[946.0],[442.0],[441.0],[441.0],[93.0],[879.0],[987.0],[764.0],[561.0],[125.0],[271.0],[299.0],[876.0],[93.0],[780.0],[554.0],[299.0],[304.0],[19.0],[470.0],[876.0],[304.0],[720.0],[327.0],[815.0],[441.0],[304.0],[710.0],[855.0],[232.0],[327.0],[337.0],[251.0],[327.0],[271.0],[764.0],[784.0],[484.0],[987.0],[205.0],[459.0],[946.0],[675.0],[655.0],[136.0],[869.0],[987.0],[560.0],[304.0],[958.0],[964.0],[713.0],[703.0],[484.0],[169.0],[675.0],[299.0],[560.0],[571.0],[232.0],[664.0],[958.0],[675.0],[958.0],[946.0],[327.0],[764.0],[560.0],[885.0],[655.0],[661.0],[879.0],[418.0]
799,[232.0],[169.0],[815.0],[703.0],[154.0],[690.0],[876.0],[690.0],[815.0],[205.0],[946.0],[710.0],[269.0],[561.0],[19.0],[418.0],[781.0],[561.0],[856.0],[418.0],[470.0],[764.0],[703.0],[869.0],[200.0],[169.0],[91.0],[169.0],[125.0],[154.0],[571.0],[560.0],[459.0],[205.0],[459.0],[458.0],[370.0],[327.0],[964.0],[125.0],[560.0],[655.0],[341.0],[19.0],[862.0],[205.0],[713.0],[713.0],[232.0],[241.0],[862.0],[664.0],[703.0],[862.0],[876.0],[361.0],[690.0],[460.0],[934.0],[879.0],[136.0],[781.0],[200.0],[579.0],[154.0],[299.0],[458.0],[661.0],[561.0],[451.0],[271.0],[560.0],[169.0],[441.0],[136.0],[232.0],[125.0],[515.0],[515.0],[484.0],[690.0],[964.0],[661.0],[560.0],[418.0],[458.0],[690.0],[136.0],[995.0],[710.0],[995.0],[561.0],[690.0],[205.0],[418.0],[179.0],[418.0],[470.0],[451.0],[655.0]
800,[560.0],[458.0],[781.0],[337.0],[19.0],[154.0],[713.0],[862.0],[418.0],[856.0],[19.0],[876.0],[267.0],[19.0],[205.0],[571.0],[560.0],[484.0],[946.0],[571.0],[515.0],[459.0],[458.0],[169.0],[856.0],[964.0],[944.0],[964.0],[995.0],[780.0],[327.0],[232.0],[661.0],[869.0],[200.0],[987.0],[784.0],[232.0],[879.0],[198.0],[136.0],[19.0],[552.0],[655.0],[703.0],[869.0],[515.0],[470.0],[862.0],[843.0],[703.0],[781.0],[484.0],[655.0],[470.0],[449.0],[703.0],[304.0],[0.0],[764.0],[337.0],[232.0],[205.0],[750.0],[780.0],[327.0],[869.0],[802.0],[154.0],[470.0],[304.0],[337.0],[964.0],[780.0],[418.0],[690.0],[269.0],[879.0],[198.0],[655.0],[154.0],[879.0],[451.0],[271.0],[815.0],[987.0],[460.0],[781.0],[930.0],[451.0],[267.0],[703.0],[862.0],[869.0],[571.0],[726.0],[571.0],[515.0],[459.0],[571.0]
801,[690.0],[964.0],[93.0],[484.0],[458.0],[460.0],[198.0],[703.0],[934.0],[458.0],[205.0],[713.0],[930.0],[205.0],[869.0],[327.0],[337.0],[154.0],[205.0],[327.0],[802.0],[200.0],[484.0],[946.0],[19.0],[879.0],[720.0],[879.0],[370.0],[19.0],[862.0],[690.0],[764.0],[169.0],[661.0],[154.0],[750.0],[690.0],[655.0],[995.0],[418.0],[205.0],[513.0],[205.0],[655.0],[169.0],[198.0],[198.0],[703.0],[944.0],[337.0],[93.0],[154.0],[271.0],[198.0],[948.0],[484.0],[136.0],[341.0],[459.0],[815.0],[690.0],[856.0],[442.0],[19.0],[655.0],[169.0],[251.0],[780.0],[713.0],[862.0],[815.0],[879.0],[299.0],[571.0],[460.0],[995.0],[802.0],[958.0],[271.0],[460.0],[459.0],[8.0],[232.0],[327.0],[327.0],[136.0],[337.0],[478.0],[876.0],[269.0],[458.0],[703.0],[200.0],[232.0],[878.0],[327.0],[8.0],[470.0],[271.0]
802,[460.0],[879.0],[560.0],[154.0],[441.0],[136.0],[958.0],[460.0],[571.0],[869.0],[561.0],[198.0],[478.0],[869.0],[169.0],[304.0],[418.0],[780.0],[869.0],[460.0],[251.0],[661.0],[441.0],[964.0],[169.0],[661.0],[843.0],[459.0],[784.0],[205.0],[299.0],[460.0],[200.0],[964.0],[8.0],[780.0],[774.0],[460.0],[459.0],[958.0],[571.0],[869.0],[781.0],[271.0],[271.0],[964.0],[269.0],[958.0],[690.0],[937.0],[484.0],[560.0],[299.0],[703.0],[958.0],[117.0],[154.0],[862.0],[93.0],[200.0],[934.0],[460.0],[946.0],[125.0],[869.0],[304.0],[964.0],[8.0],[205.0],[198.0],[703.0],[418.0],[459.0],[19.0],[337.0],[136.0],[930.0],[764.0],[269.0],[780.0],[780.0],[251.0],[515.0],[571.0],[304.0],[441.0],[337.0],[93.0],[370.0],[470.0],[675.0],[484.0],[460.0],[856.0],[690.0],[91.0],[304.0],[802.0],[661.0],[327.0]
803,[571.0],[459.0],[418.0],[815.0],[205.0],[780.0],[269.0],[136.0],[0.0],[169.0],[458.0],[269.0],[370.0],[458.0],[964.0],[690.0],[815.0],[458.0],[561.0],[304.0],[710.0],[856.0],[154.0],[561.0],[964.0],[8.0],[937.0],[561.0],[750.0],[299.0],[703.0],[418.0],[8.0],[441.0],[710.0],[19.0],[855.0],[304.0],[661.0],[269.0],[327.0],[271.0],[296.0],[869.0],[232.0],[856.0],[930.0],[515.0],[460.0],[554.0],[154.0],[418.0],[780.0],[484.0],[269.0],[825.0],[460.0],[703.0],[560.0],[661.0],[304.0],[93.0],[869.0],[995.0],[169.0],[862.0],[987.0],[710.0],[458.0],[958.0],[232.0],[934.0],[251.0],[205.0],[815.0],[862.0],[478.0],[459.0],[802.0],[232.0],[19.0],[764.0],[710.0],[327.0],[934.0],[304.0],[304.0],[560.0],[784.0],[713.0],[451.0],[987.0],[337.0],[169.0],[460.0],[272.0],[862.0],[251.0],[8.0],[862.0]
804,[327.0],[661.0],[571.0],[934.0],[869.0],[337.0],[930.0],[484.0],[341.0],[964.0],[987.0],[930.0],[784.0],[169.0],[879.0],[862.0],[571.0],[987.0],[169.0],[136.0],[764.0],[8.0],[780.0],[879.0],[879.0],[710.0],[50.0],[661.0],[267.0],[655.0],[484.0],[571.0],[710.0],[299.0],[876.0],[205.0],[117.0],[136.0],[271.0],[267.0],[815.0],[169.0],[93.0],[169.0],[484.0],[946.0],[802.0],[802.0],[484.0],[513.0],[780.0],[934.0],[655.0],[232.0],[515.0],[212.0],[136.0],[337.0],[418.0],[8.0],[0.0],[560.0],[561.0],[774.0],[299.0],[703.0],[879.0],[764.0],[869.0],[930.0],[690.0],[0.0],[661.0],[869.0],[327.0],[337.0],[267.0],[661.0],[251.0],[19.0],[205.0],[200.0],[876.0],[304.0],[862.0],[703.0],[815.0],[815.0],[267.0],[198.0],[930.0],[154.0],[484.0],[964.0],[327.0],[720.0],[271.0],[764.0],[710.0],[703.0]
805,[304.0],[987.0],[934.0],[780.0],[169.0],[19.0],[451.0],[337.0],[552.0],[987.0],[169.0],[478.0],[675.0],[987.0],[561.0],[460.0],[327.0],[19.0],[964.0],[337.0],[200.0],[710.0],[299.0],[458.0],[946.0],[876.0],[554.0],[458.0],[774.0],[869.0],[154.0],[136.0],[876.0],[879.0],[856.0],[441.0],[995.0],[337.0],[232.0],[930.0],[934.0],[232.0],[560.0],[964.0],[690.0],[879.0],[251.0],[269.0],[136.0],[50.0],[934.0],[571.0],[271.0],[154.0],[802.0],[826.0],[337.0],[815.0],[571.0],[710.0],[341.0],[418.0],[458.0],[855.0],[655.0],[232.0],[441.0],[876.0],[987.0],[478.0],[484.0],[571.0],[8.0],[964.0],[304.0],[703.0],[370.0],[856.0],[764.0],[690.0],[869.0],[856.0],[713.0],[690.0],[703.0],[299.0],[862.0],[934.0],[675.0],[515.0],[470.0],[441.0],[154.0],[879.0],[136.0],[870.0],[703.0],[710.0],[876.0],[232.0]
806,[862.0],[441.0],[0.0],[19.0],[299.0],[815.0],[470.0],[815.0],[327.0],[879.0],[441.0],[251.0],[451.0],[441.0],[458.0],[136.0],[304.0],[205.0],[879.0],[815.0],[856.0],[946.0],[19.0],[459.0],[459.0],[856.0],[513.0],[987.0],[87.0],[169.0],[271.0],[327.0],[713.0],[655.0],[946.0],[299.0],[267.0],[862.0],[8.0],[675.0],[0.0],[964.0],[944.0],[232.0],[460.0],[459.0],[478.0],[930.0],[154.0],[664.0],[19.0],[327.0],[19.0],[690.0],[930.0],[803.0],[780.0],[484.0],[552.0],[876.0],[862.0],[571.0],[987.0],[117.0],[271.0],[484.0],[459.0],[713.0],[441.0],[784.0],[154.0],[327.0],[710.0],[655.0],[862.0],[815.0],[675.0],[8.0],[200.0],[205.0],[136.0],[661.0],[198.0],[862.0],[484.0],[484.0],[934.0],[571.0],[470.0],[958.0],[478.0],[780.0],[780.0],[459.0],[304.0],[241.0],[484.0],[876.0],[713.0],[690.0]
807,[703.0],[8.0],[327.0],[205.0],[655.0],[934.0],[478.0],[934.0],[304.0],[459.0],[964.0],[764.0],[750.0],[299.0],[459.0],[703.0],[862.0],[869.0],[458.0],[862.0],[946.0],[876.0],[205.0],[661.0],[561.0],[713.0],[664.0],[441.0],[855.0],[271.0],[780.0],[862.0],[856.0],[459.0],[458.0],[869.0],[675.0],[815.0],[710.0],[370.0],[304.0],[879.0],[418.0],[879.0],[154.0],[661.0],[370.0],[478.0],[337.0],[885.0],[0.0],[304.0],[869.0],[460.0],[251.0],[853.0],[815.0],[154.0],[296.0],[713.0],[703.0],[136.0],[169.0],[825.0],[232.0],[154.0],[299.0],[958.0],[655.0],[750.0],[460.0],[304.0],[764.0],[879.0],[703.0],[934.0],[784.0],[710.0],[930.0],[460.0],[169.0],[8.0],[930.0],[703.0],[0.0],[154.0],[703.0],[327.0],[515.0],[802.0],[370.0],[19.0],[19.0],[661.0],[337.0],[854.0],[232.0],[713.0],[515.0],[460.0]
808,[136.0],[299.0],[304.0],[0.0],[964.0],[205.0],[370.0],[154.0],[296.0],[661.0],[879.0],[200.0],[470.0],[964.0],[987.0],[337.0],[703.0],[441.0],[459.0],[934.0],[876.0],[713.0],[869.0],[987.0],[661.0],[946.0],[781.0],[8.0],[117.0],[964.0],[232.0],[703.0],[198.0],[271.0],[987.0],[655.0],[825.0],[703.0],[876.0],[784.0],[862.0],[690.0],[50.0],[459.0],[780.0],[458.0],[784.0],[251.0],[780.0],[781.0],[205.0],[0.0],[169.0],[780.0],[478.0],[984.0],[19.0],[780.0],[327.0],[198.0],[484.0],[304.0],[441.0],[212.0],[690.0],[690.0],[655.0],[269.0],[271.0],[774.0],[136.0],[341.0],[200.0],[459.0],[934.0],[484.0],[451.0],[876.0],[478.0],[964.0],[337.0],[710.0],[802.0],[484.0],[341.0],[655.0],[484.0],[0.0],[802.0],[269.0],[784.0],[205.0],[205.0],[710.0],[862.0],[734.0],[154.0],[200.0],[198.0],[136.0]
809,[154.0],[655.0],[862.0],[341.0],[879.0],[0.0],[784.0],[0.0],[862.0],[8.0],[459.0],[856.0],[774.0],[879.0],[661.0],[484.0],[934.0],[299.0],[661.0],[0.0],[198.0],[561.0],[655.0],[441.0],[8.0],[561.0],[560.0],[710.0],[825.0],[879.0],[19.0],[154.0],[269.0],[661.0],[713.0],[169.0],[212.0],[484.0],[713.0],[750.0],[341.0],[460.0],[571.0],[690.0],[19.0],[987.0],[764.0],[370.0],[19.0],[93.0],[869.0],[862.0],[964.0],[205.0],[764.0],[16.0],[934.0],[934.0],[944.0],[958.0],[154.0],[862.0],[964.0],[826.0],[964.0],[780.0],[271.0],[200.0],[232.0],[87.0],[19.0],[552.0],[946.0],[271.0],[484.0],[0.0],[750.0],[946.0],[856.0],[879.0],[964.0],[876.0],[251.0],[460.0],[154.0],[271.0],[0.0],[304.0],[750.0],[251.0],[750.0],[299.0],[815.0],[876.0],[815.0],[937.0],[780.0],[198.0],[802.0],[484.0]
810,[780.0],[271.0],[484.0],[869.0],[271.0],[869.0],[750.0],[341.0],[703.0],[441.0],[655.0],[370.0],[87.0],[655.0],[8.0],[815.0],[0.0],[169.0],[987.0],[341.0],[561.0],[198.0],[271.0],[299.0],[458.0],[198.0],[885.0],[299.0],[675.0],[459.0],[690.0],[780.0],[946.0],[8.0],[441.0],[964.0],[451.0],[154.0],[198.0],[451.0],[703.0],[459.0],[885.0],[460.0],[869.0],[8.0],[750.0],[784.0],[205.0],[560.0],[341.0],[341.0],[232.0],[869.0],[370.0],[621.0],[205.0],[19.0],[304.0],[269.0],[780.0],[337.0],[879.0],[267.0],[460.0],[460.0],[661.0],[930.0],[169.0],[515.0],[337.0],[944.0],[561.0],[661.0],[154.0],[341.0],[774.0],[561.0],[370.0],[136.0],[879.0],[713.0],[764.0],[136.0],[780.0],[780.0],[341.0],[862.0],[251.0],[764.0],[774.0],[655.0],[869.0],[713.0],[703.0],[388.0],[19.0],[958.0],[251.0],[154.0]
811,[19.0],[232.0],[154.0],[169.0],[459.0],[169.0],[515.0],[780.0],[944.0],[299.0],[271.0],[946.0],[515.0],[459.0],[710.0],[934.0],[154.0],[655.0],[441.0],[552.0],[987.0],[958.0],[964.0],[8.0],[710.0],[269.0],[179.0],[655.0],[451.0],[661.0],[460.0],[337.0],[561.0],[710.0],[299.0],[459.0],[470.0],[780.0],[958.0],[470.0],[552.0],[136.0],[327.0],[136.0],[169.0],[710.0],[200.0],[750.0],[869.0],[418.0],[169.0],[552.0],[879.0],[169.0],[200.0],[334.0],[869.0],[0.0],[862.0],[930.0],[19.0],[703.0],[299.0],[675.0],[879.0],[19.0],[232.0],[946.0],[964.0],[802.0],[815.0],[862.0],[876.0],[8.0],[0.0],[552.0],[87.0],[458.0],[784.0],[459.0],[459.0],[198.0],[478.0],[815.0],[552.0],[232.0],[552.0],[341.0],[774.0],[200.0],[855.0],[869.0],[934.0],[946.0],[484.0],[818.0],[205.0],[856.0],[764.0],[780.0]
812,[337.0],[710.0],[341.0],[964.0],[232.0],[964.0],[87.0],[19.0],[484.0],[655.0],[661.0],[784.0],[855.0],[661.0],[441.0],[154.0],[341.0],[964.0],[8.0],[703.0],[441.0],[269.0],[232.0],[710.0],[876.0],[458.0],[418.0],[271.0],[212.0],[8.0],[136.0],[19.0],[930.0],[876.0],[198.0],[661.0],[826.0],[19.0],[690.0],[774.0],[484.0],[661.0],[179.0],[661.0],[964.0],[876.0],[856.0],[764.0],[169.0],[179.0],[964.0],[703.0],[690.0],[964.0],[784.0],[350.0],[169.0],[341.0],[703.0],[856.0],[552.0],[484.0],[459.0],[853.0],[136.0],[136.0],[8.0],[478.0],[690.0],[855.0],[934.0],[50.0],[713.0],[876.0],[341.0],[296.0],[855.0],[713.0],[946.0],[661.0],[815.0],[561.0],[200.0],[154.0],[19.0],[690.0],[154.0],[703.0],[87.0],[930.0],[117.0],[271.0],[169.0],[198.0],[154.0],[554.0],[690.0],[561.0],[200.0],[337.0]
813,[205.0],[690.0],[780.0],[879.0],[661.0],[341.0],[855.0],[205.0],[50.0],[271.0],[710.0],[750.0],[802.0],[8.0],[876.0],[780.0],[780.0],[879.0],[299.0],[154.0],[269.0],[458.0],[690.0],[876.0],[987.0],[930.0],[327.0],[232.0],[826.0],[232.0],[205.0],[815.0],[478.0],[232.0],[958.0],[8.0],[853.0],[205.0],[269.0],[515.0],[154.0],[337.0],[304.0],[337.0],[136.0],[713.0],[774.0],[200.0],[964.0],[571.0],[552.0],[944.0],[460.0],[879.0],[856.0],[491.0],[964.0],[205.0],[50.0],[478.0],[205.0],[154.0],[661.0],[621.0],[337.0],[205.0],[710.0],[561.0],[879.0],[251.0],[0.0],[885.0],[198.0],[232.0],[780.0],[944.0],[117.0],[198.0],[561.0],[337.0],[661.0],[458.0],[370.0],[780.0],[205.0],[205.0],[780.0],[484.0],[855.0],[478.0],[515.0],[169.0],[964.0],[958.0],[934.0],[671.0],[869.0],[458.0],[856.0],[19.0]
814,[815.0],[460.0],[19.0],[459.0],[8.0],[879.0],[802.0],[869.0],[885.0],[232.0],[876.0],[774.0],[251.0],[876.0],[299.0],[0.0],[19.0],[271.0],[655.0],[780.0],[299.0],[930.0],[879.0],[655.0],[713.0],[987.0],[304.0],[690.0],[515.0],[710.0],[869.0],[205.0],[458.0],[690.0],[655.0],[710.0],[621.0],[869.0],[930.0],[87.0],[780.0],[8.0],[726.0],[8.0],[879.0],[441.0],[946.0],[856.0],[879.0],[726.0],[296.0],[484.0],[136.0],[337.0],[774.0],[969.0],[0.0],[869.0],[885.0],[946.0],[944.0],[205.0],[655.0],[451.0],[815.0],[169.0],[876.0],[458.0],[459.0],[117.0],[205.0],[703.0],[458.0],[713.0],[19.0],[154.0],[470.0],[987.0],[458.0],[8.0],[934.0],[958.0],[784.0],[19.0],[869.0],[460.0],[296.0],[154.0],[764.0],[946.0],[825.0],[964.0],[879.0],[561.0],[780.0],[357.0],[169.0],[269.0],[946.0],[205.0]
815,[869.0],[337.0],[552.0],[552.0],[690.0],[552.0],[117.0],[169.0],[154.0],[690.0],[713.0],[561.0],[764.0],[713.0],[713.0],[205.0],[205.0],[232.0],[271.0],[296.0],[930.0],[478.0],[459.0],[198.0],[441.0],[441.0],[862.0],[876.0],[853.0],[876.0],[169.0],[869.0],[370.0],[713.0],[269.0],[876.0],[515.0],[934.0],[460.0],[802.0],[19.0],[815.0],[862.0],[815.0],[337.0],[958.0],[561.0],[774.0],[459.0],[327.0],[879.0],[154.0],[337.0],[815.0],[87.0],[845.0],[879.0],[169.0],[179.0],[370.0],[869.0],[169.0],[8.0],[470.0],[459.0],[337.0],[713.0],[370.0],[460.0],[825.0],[341.0],[484.0],[958.0],[690.0],[869.0],[780.0],[825.0],[958.0],[987.0],[710.0],[8.0],[269.0],[856.0],[934.0],[169.0],[337.0],[19.0],[780.0],[200.0],[370.0],[212.0],[690.0],[459.0],[458.0],[0.0],[513.0],[964.0],[987.0],[958.0],[815.0]
816,[934.0],[876.0],[205.0],[661.0],[710.0],[296.0],[251.0],[552.0],[179.0],[710.0],[232.0],[87.0],[117.0],[198.0],[198.0],[869.0],[552.0],[690.0],[232.0],[944.0],[655.0],[784.0],[661.0],[958.0],[198.0],[299.0],[726.0],[713.0],[621.0],[690.0],[337.0],[934.0],[987.0],[460.0],[271.0],[713.0],[334.0],[0.0],[478.0],[251.0],[296.0],[934.0],[870.0],[710.0],[815.0],[269.0],[458.0],[946.0],[661.0],[870.0],[944.0],[50.0],[661.0],[459.0],[946.0],[27.0],[459.0],[964.0],[726.0],[784.0],[50.0],[964.0],[710.0],[515.0],[661.0],[964.0],[690.0],[784.0],[136.0],[764.0],[552.0],[154.0],[269.0],[460.0],[169.0],[19.0],[515.0],[269.0],[441.0],[876.0],[710.0],[930.0],[750.0],[0.0],[964.0],[869.0],[944.0],[19.0],[856.0],[561.0],[826.0],[879.0],[661.0],[987.0],[19.0],[664.0],[879.0],[299.0],[269.0],[869.0]
817,[0.0],[713.0],[296.0],[8.0],[460.0],[944.0],[764.0],[296.0],[780.0],[876.0],[690.0],[855.0],[200.0],[958.0],[958.0],[341.0],[296.0],[460.0],[690.0],[50.0],[478.0],[987.0],[8.0],[271.0],[958.0],[478.0],[870.0],[198.0],[802.0],[713.0],[964.0],[169.0],[441.0],[136.0],[232.0],[198.0],[802.0],[169.0],[370.0],[764.0],[205.0],[0.0],[703.0],[876.0],[459.0],[299.0],[987.0],[87.0],[8.0],[703.0],[459.0],[885.0],[815.0],[661.0],[561.0],[579.0],[661.0],[879.0],[870.0],[561.0],[169.0],[879.0],[876.0],[802.0],[8.0],[815.0],[198.0],[750.0],[661.0],[212.0],[869.0],[179.0],[930.0],[136.0],[552.0],[50.0],[802.0],[441.0],[750.0],[713.0],[876.0],[987.0],[774.0],[205.0],[944.0],[815.0],[50.0],[205.0],[117.0],[458.0],[802.0],[459.0],[0.0],[441.0],[205.0],[781.0],[460.0],[930.0],[930.0],[169.0]
818,[341.0],[815.0],[944.0],[710.0],[876.0],[459.0],[200.0],[964.0],[726.0],[460.0],[460.0],[117.0],[856.0],[269.0],[269.0],[169.0],[869.0],[459.0],[460.0],[885.0],[232.0],[774.0],[710.0],[269.0],[269.0],[655.0],[854.0],[460.0],[251.0],[460.0],[815.0],[964.0],[784.0],[337.0],[690.0],[271.0],[251.0],[964.0],[784.0],[855.0],[869.0],[710.0],[854.0],[934.0],[934.0],[930.0],[87.0],[855.0],[815.0],[484.0],[50.0],[19.0],[8.0],[934.0],[458.0],[841.0],[8.0],[459.0],[484.0],[458.0],[964.0],[459.0],[271.0],[334.0],[710.0],[934.0],[958.0],[774.0],[337.0],[826.0],[296.0],[726.0],[478.0],[337.0],[296.0],[205.0],[212.0],[299.0],[774.0],[198.0],[713.0],[478.0],[87.0],[341.0],[50.0],[934.0],[885.0],[169.0],[825.0],[784.0],[251.0],[661.0],[341.0],[299.0],[341.0],[93.0],[459.0],[478.0],[561.0],[964.0]
819,[552.0],[198.0],[869.0],[876.0],[713.0],[661.0],[856.0],[879.0],[870.0],[198.0],[136.0],[825.0],[946.0],[271.0],[655.0],[552.0],[169.0],[136.0],[710.0],[19.0],[370.0],[441.0],[876.0],[930.0],[930.0],[370.0],[734.0],[136.0],[334.0],[198.0],[879.0],[879.0],[299.0],[198.0],[930.0],[958.0],[764.0],[341.0],[136.0],[856.0],[169.0],[341.0],[484.0],[713.0],[0.0],[478.0],[441.0],[561.0],[934.0],[854.0],[885.0],[205.0],[710.0],[0.0],[987.0],[893.0],[710.0],[661.0],[154.0],[750.0],[879.0],[661.0],[232.0],[251.0],[876.0],[0.0],[460.0],[987.0],[8.0],[200.0],[169.0],[780.0],[370.0],[198.0],[944.0],[869.0],[251.0],[930.0],[299.0],[958.0],[198.0],[370.0],[561.0],[552.0],[879.0],[0.0],[179.0],[964.0],[212.0],[750.0],[853.0],[460.0],[552.0],[269.0],[869.0],[560.0],[661.0],[655.0],[478.0],[934.0]
820,[169.0],[934.0],[169.0],[713.0],[198.0],[50.0],[825.0],[459.0],[854.0],[136.0],[958.0],[458.0],[561.0],[930.0],[930.0],[964.0],[964.0],[337.0],[136.0],[205.0],[784.0],[855.0],[460.0],[232.0],[299.0],[271.0],[703.0],[958.0],[969.0],[136.0],[459.0],[0.0],[750.0],[815.0],[478.0],[232.0],[969.0],[879.0],[750.0],[946.0],[944.0],[296.0],[734.0],[198.0],[341.0],[655.0],[299.0],[117.0],[0.0],[154.0],[661.0],[869.0],[876.0],[341.0],[441.0],[799.0],[341.0],[710.0],[854.0],[441.0],[459.0],[815.0],[690.0],[969.0],[934.0],[879.0],[269.0],[87.0],[815.0],[853.0],[964.0],[870.0],[987.0],[958.0],[50.0],[885.0],[826.0],[655.0],[87.0],[269.0],[958.0],[750.0],[855.0],[869.0],[885.0],[341.0],[205.0],[459.0],[826.0],[774.0],[621.0],[136.0],[8.0],[655.0],[552.0],[418.0],[136.0],[370.0],[458.0],[879.0]
821,[296.0],[958.0],[50.0],[296.0],[958.0],[885.0],[212.0],[944.0],[19.0],[958.0],[269.0],[212.0],[825.0],[478.0],[271.0],[879.0],[879.0],[934.0],[876.0],[869.0],[690.0],[299.0],[713.0],[478.0],[271.0],[232.0],[388.0],[269.0],[764.0],[337.0],[661.0],[341.0],[774.0],[934.0],[370.0],[269.0],[200.0],[459.0],[774.0],[561.0],[50.0],[876.0],[388.0],[0.0],[661.0],[271.0],[855.0],[458.0],[341.0],[780.0],[179.0],[179.0],[713.0],[8.0],[299.0],[786.0],[552.0],[876.0],[780.0],[774.0],[661.0],[8.0],[460.0],[764.0],[198.0],[459.0],[136.0],[855.0],[934.0],[334.0],[879.0],[734.0],[784.0],[269.0],[964.0],[169.0],[853.0],[271.0],[855.0],[815.0],[269.0],[87.0],[458.0],[169.0],[179.0],[552.0],[869.0],[552.0],[946.0],[987.0],[200.0],[337.0],[710.0],[271.0],[169.0],[571.0],[8.0],[784.0],[370.0],[661.0]
822,[944.0],[269.0],[964.0],[198.0],[269.0],[8.0],[826.0],[661.0],[734.0],[337.0],[930.0],[826.0],[212.0],[370.0],[232.0],[296.0],[459.0],[8.0],[337.0],[179.0],[460.0],[117.0],[198.0],[370.0],[478.0],[690.0],[484.0],[930.0],[841.0],[815.0],[934.0],[459.0],[87.0],[958.0],[784.0],[930.0],[841.0],[552.0],[337.0],[117.0],[964.0],[713.0],[154.0],[341.0],[552.0],[370.0],[655.0],[825.0],[552.0],[388.0],[8.0],[169.0],[198.0],[710.0],[655.0],[442.0],[296.0],[713.0],[734.0],[87.0],[885.0],[934.0],[136.0],[841.0],[958.0],[661.0],[930.0],[441.0],[710.0],[856.0],[944.0],[19.0],[750.0],[930.0],[879.0],[964.0],[621.0],[232.0],[655.0],[934.0],[930.0],[855.0],[987.0],[296.0],[459.0],[296.0],[726.0],[661.0],[853.0],[441.0],[856.0],[8.0],[296.0],[930.0],[964.0],[622.0],[710.0],[750.0],[987.0],[0.0]
823,[50.0],[930.0],[885.0],[958.0],[136.0],[710.0],[853.0],[8.0],[388.0],[815.0],[337.0],[621.0],[853.0],[784.0],[478.0],[459.0],[944.0],[710.0],[713.0],[169.0],[136.0],[825.0],[958.0],[690.0],[232.0],[784.0],[154.0],[337.0],[200.0],[958.0],[8.0],[661.0],[855.0],[0.0],[460.0],[478.0],[856.0],[944.0],[87.0],[458.0],[879.0],[944.0],[780.0],[958.0],[710.0],[232.0],[271.0],[987.0],[944.0],[19.0],[726.0],[964.0],[934.0],[552.0],[855.0],[125.0],[876.0],[198.0],[19.0],[299.0],[8.0],[710.0],[713.0],[893.0],[269.0],[341.0],[478.0],[299.0],[876.0],[969.0],[459.0],[205.0],[774.0],[478.0],[885.0],[179.0],[200.0],[478.0],[271.0],[930.0],[0.0],[441.0],[117.0],[50.0],[661.0],[169.0],[169.0],[8.0],[621.0],[87.0],[334.0],[815.0],[944.0],[232.0],[879.0],[327.0],[815.0],[271.0],[441.0],[341.0]
824,[885.0],[478.0],[879.0],[269.0],[930.0],[179.0],[621.0],[50.0],[818.0],[269.0],[815.0],[334.0],[621.0],[232.0],[370.0],[944.0],[50.0],[0.0],[198.0],[964.0],[750.0],[212.0],[136.0],[460.0],[690.0],[750.0],[818.0],[370.0],[893.0],[269.0],[0.0],[552.0],[117.0],[341.0],[136.0],[370.0],[893.0],[50.0],[855.0],[825.0],[459.0],[198.0],[818.0],[552.0],[876.0],[690.0],[117.0],[441.0],[50.0],[205.0],[870.0],[879.0],[958.0],[296.0],[271.0],[995.0],[944.0],[552.0],[388.0],[655.0],[710.0],[0.0],[337.0],[200.0],[930.0],[8.0],[337.0],[655.0],[713.0],[946.0],[661.0],[869.0],[441.0],[370.0],[459.0],[726.0],[334.0],[690.0],[117.0],[478.0],[478.0],[299.0],[825.0],[885.0],[726.0],[944.0],[964.0],[296.0],[334.0],[299.0],[946.0],[710.0],[50.0],[690.0],[459.0],[143.0],[934.0],[232.0],[299.0],[8.0]
825,[179.0],[370.0],[179.0],[930.0],[337.0],[876.0],[946.0],[885.0],[671.0],[934.0],[478.0],[969.0],[334.0],[750.0],[690.0],[661.0],[179.0],[876.0],[815.0],[726.0],[337.0],[826.0],[269.0],[136.0],[460.0],[136.0],[780.0],[815.0],[856.0],[930.0],[710.0],[8.0],[655.0],[552.0],[750.0],[690.0],[946.0],[661.0],[815.0],[212.0],[661.0],[958.0],[19.0],[296.0],[713.0],[460.0],[232.0],[299.0],[710.0],[818.0],[710.0],[726.0],[269.0],[944.0],[117.0],[267.0],[50.0],[958.0],[205.0],[855.0],[876.0],[876.0],[198.0],[946.0],[478.0],[296.0],[370.0],[117.0],[198.0],[561.0],[8.0],[169.0],[87.0],[815.0],[661.0],[879.0],[856.0],[370.0],[232.0],[0.0],[370.0],[655.0],[212.0],[179.0],[870.0],[964.0],[879.0],[710.0],[969.0],[655.0],[969.0],[713.0],[885.0],[478.0],[296.0],[286.0],[0.0],[774.0],[784.0],[552.0]
826,[964.0],[784.0],[726.0],[944.0],[478.0],[726.0],[334.0],[710.0],[357.0],[930.0],[370.0],[987.0],[969.0],[690.0],[784.0],[50.0],[661.0],[713.0],[934.0],[870.0],[815.0],[655.0],[337.0],[784.0],[136.0],[337.0],[671.0],[784.0],[946.0],[934.0],[876.0],[710.0],[825.0],[944.0],[774.0],[460.0],[561.0],[885.0],[934.0],[826.0],[885.0],[269.0],[205.0],[269.0],[198.0],[136.0],[690.0],[212.0],[885.0],[671.0],[876.0],[459.0],[0.0],[50.0],[825.0],[562.0],[713.0],[296.0],[869.0],[117.0],[713.0],[713.0],[958.0],[561.0],[0.0],[710.0],[784.0],[271.0],[0.0],[841.0],[876.0],[964.0],[855.0],[784.0],[710.0],[459.0],[969.0],[784.0],[825.0],[341.0],[341.0],[825.0],[441.0],[964.0],[854.0],[50.0],[459.0],[876.0],[561.0],[855.0],[841.0],[934.0],[876.0],[784.0],[661.0],[304.0],[876.0],[87.0],[655.0],[296.0]
827,[459.0],[750.0],[459.0],[50.0],[815.0],[870.0],[969.0],[179.0],[622.0],[341.0],[784.0],[841.0],[841.0],[774.0],[460.0],[8.0],[726.0],[552.0],[958.0],[879.0],[934.0],[853.0],[930.0],[750.0],[370.0],[774.0],[357.0],[750.0],[799.0],[478.0],[341.0],[876.0],[212.0],[269.0],[87.0],[136.0],[458.0],[8.0],[117.0],[853.0],[179.0],[50.0],[869.0],[930.0],[944.0],[337.0],[460.0],[826.0],[179.0],[869.0],[854.0],[8.0],[341.0],[885.0],[212.0],[287.0],[198.0],[269.0],[169.0],[271.0],[198.0],[198.0],[815.0],[987.0],[341.0],[944.0],[815.0],[825.0],[958.0],[458.0],[713.0],[879.0],[299.0],[750.0],[179.0],[661.0],[946.0],[460.0],[212.0],[552.0],[552.0],[212.0],[826.0],[726.0],[734.0],[179.0],[661.0],[713.0],[841.0],[117.0],[561.0],[0.0],[179.0],[750.0],[944.0],[703.0],[341.0],[855.0],[271.0],[944.0]
828,[661.0],[0.0],[661.0],[885.0],[934.0],[713.0],[893.0],[726.0],[143.0],[552.0],[750.0],[893.0],[893.0],[87.0],[136.0],[885.0],[710.0],[198.0],[0.0],[854.0],[774.0],[621.0],[815.0],[774.0],[784.0],[87.0],[622.0],[774.0],[561.0],[370.0],[552.0],[296.0],[826.0],[50.0],[337.0],[337.0],[799.0],[710.0],[825.0],[621.0],[8.0],[930.0],[169.0],[478.0],[50.0],[815.0],[136.0],[655.0],[876.0],[169.0],[713.0],[710.0],[552.0],[876.0],[232.0],[268.0],[885.0],[944.0],[964.0],[825.0],[179.0],[958.0],[269.0],[441.0],[370.0],[50.0],[934.0],[212.0],[341.0],[987.0],[50.0],[459.0],[117.0],[774.0],[726.0],[8.0],[561.0],[136.0],[826.0],[296.0],[784.0],[271.0],[299.0],[870.0],[388.0],[879.0],[8.0],[198.0],[893.0],[825.0],[893.0],[198.0],[726.0],[460.0],[50.0],[279.0],[713.0],[117.0],[232.0],[50.0]
829,[8.0],[774.0],[8.0],[478.0],[370.0],[198.0],[799.0],[870.0],[205.0],[478.0],[934.0],[799.0],[799.0],[855.0],[774.0],[710.0],[876.0],[296.0],[341.0],[459.0],[87.0],[271.0],[934.0],[337.0],[750.0],[855.0],[19.0],[87.0],[786.0],[0.0],[713.0],[944.0],[271.0],[885.0],[815.0],[815.0],[786.0],[179.0],[0.0],[987.0],[726.0],[885.0],[964.0],[370.0],[885.0],[784.0],[337.0],[853.0],[726.0],[964.0],[198.0],[870.0],[930.0],[179.0],[826.0],[675.0],[179.0],[930.0],[879.0],[212.0],[958.0],[341.0],[934.0],[299.0],[784.0],[876.0],[750.0],[826.0],[552.0],[299.0],[198.0],[8.0],[655.0],[934.0],[876.0],[710.0],[841.0],[337.0],[690.0],[370.0],[750.0],[232.0],[853.0],[879.0],[8.0],[459.0],[870.0],[958.0],[987.0],[271.0],[799.0],[958.0],[713.0],[774.0],[710.0],[484.0],[198.0],[825.0],[690.0],[710.0]
830,[726.0],[341.0],[710.0],[179.0],[784.0],[854.0],[786.0],[854.0],[286.0],[370.0],[774.0],[441.0],[458.0],[117.0],[815.0],[179.0],[870.0],[944.0],[552.0],[661.0],[855.0],[334.0],[478.0],[815.0],[774.0],[117.0],[143.0],[934.0],[562.0],[341.0],[198.0],[713.0],[853.0],[930.0],[855.0],[784.0],[562.0],[876.0],[341.0],[441.0],[870.0],[179.0],[879.0],[784.0],[179.0],[750.0],[825.0],[621.0],[870.0],[357.0],[958.0],[854.0],[478.0],[726.0],[690.0],[391.0],[958.0],[478.0],[459.0],[232.0],[269.0],[269.0],[0.0],[655.0],[552.0],[885.0],[87.0],[853.0],[269.0],[655.0],[885.0],[388.0],[825.0],[0.0],[713.0],[870.0],[893.0],[815.0],[853.0],[944.0],[774.0],[690.0],[334.0],[459.0],[818.0],[870.0],[710.0],[269.0],[441.0],[232.0],[786.0],[341.0],[870.0],[136.0],[876.0],[572.0],[958.0],[212.0],[774.0],[876.0]
831,[870.0],[87.0],[876.0],[370.0],[0.0],[958.0],[561.0],[734.0],[869.0],[784.0],[0.0],[786.0],[987.0],[825.0],[87.0],[876.0],[854.0],[50.0],[296.0],[8.0],[117.0],[232.0],[0.0],[934.0],[87.0],[825.0],[869.0],[855.0],[287.0],[552.0],[958.0],[198.0],[621.0],[726.0],[117.0],[934.0],[987.0],[726.0],[552.0],[334.0],[710.0],[478.0],[459.0],[750.0],[958.0],[774.0],[815.0],[334.0],[713.0],[879.0],[269.0],[876.0],[370.0],[870.0],[853.0],[731.0],[269.0],[50.0],[661.0],[690.0],[930.0],[552.0],[341.0],[271.0],[296.0],[713.0],[0.0],[621.0],[296.0],[893.0],[179.0],[818.0],[212.0],[87.0],[870.0],[854.0],[799.0],[750.0],[621.0],[50.0],[87.0],[826.0],[969.0],[661.0],[671.0],[661.0],[876.0],[930.0],[799.0],[690.0],[458.0],[269.0],[198.0],[87.0],[713.0],[154.0],[552.0],[826.0],[460.0],[713.0]
832,[710.0],[855.0],[870.0],[784.0],[750.0],[734.0],[458.0],[388.0],[169.0],[750.0],[87.0],[562.0],[786.0],[460.0],[0.0],[726.0],[734.0],[885.0],[269.0],[734.0],[825.0],[969.0],[341.0],[0.0],[855.0],[212.0],[169.0],[117.0],[268.0],[784.0],[930.0],[958.0],[232.0],[870.0],[934.0],[0.0],[287.0],[870.0],[212.0],[299.0],[854.0],[370.0],[661.0],[774.0],[269.0],[87.0],[212.0],[271.0],[198.0],[459.0],[734.0],[734.0],[784.0],[854.0],[460.0],[451.0],[930.0],[885.0],[8.0],[826.0],[478.0],[930.0],[552.0],[799.0],[750.0],[198.0],[341.0],[334.0],[944.0],[799.0],[726.0],[671.0],[853.0],[341.0],[198.0],[876.0],[786.0],[774.0],[460.0],[885.0],[296.0],[853.0],[655.0],[8.0],[710.0],[854.0],[713.0],[478.0],[786.0],[460.0],[562.0],[478.0],[958.0],[337.0],[198.0],[528.0],[269.0],[853.0],[87.0],[198.0]
833,[876.0],[552.0],[713.0],[750.0],[341.0],[269.0],[987.0],[876.0],[964.0],[774.0],[855.0],[287.0],[562.0],[212.0],[341.0],[870.0],[713.0],[269.0],[930.0],[388.0],[0.0],[841.0],[552.0],[87.0],[337.0],[815.0],[964.0],[825.0],[731.0],[750.0],[478.0],[50.0],[690.0],[478.0],[0.0],[750.0],[268.0],[713.0],[826.0],[969.0],[876.0],[784.0],[671.0],[87.0],[930.0],[855.0],[826.0],[969.0],[958.0],[622.0],[930.0],[713.0],[296.0],[388.0],[136.0],[515.0],[478.0],[370.0],[818.0],[136.0],[726.0],[478.0],[478.0],[786.0],[774.0],[958.0],[552.0],[969.0],[50.0],[786.0],[870.0],[710.0],[271.0],[296.0],[854.0],[713.0],[458.0],[87.0],[334.0],[750.0],[855.0],[460.0],[841.0],[710.0],[357.0],[8.0],[854.0],[370.0],[562.0],[136.0],[987.0],[370.0],[269.0],[815.0],[885.0],[780.0],[930.0],[690.0],[855.0],[179.0]
834,[713.0],[117.0],[198.0],[726.0],[774.0],[388.0],[562.0],[713.0],[279.0],[87.0],[341.0],[299.0],[441.0],[621.0],[855.0],[854.0],[388.0],[930.0],[944.0],[818.0],[212.0],[690.0],[296.0],[855.0],[825.0],[934.0],[279.0],[212.0],[458.0],[774.0],[370.0],[885.0],[334.0],[854.0],[825.0],[87.0],[441.0],[198.0],[853.0],[655.0],[734.0],[750.0],[357.0],[855.0],[726.0],[934.0],[934.0],[841.0],[269.0],[143.0],[478.0],[198.0],[944.0],[713.0],[621.0],[778.0],[370.0],[179.0],[710.0],[853.0],[370.0],[296.0],[296.0],[287.0],[944.0],[179.0],[944.0],[841.0],[930.0],[271.0],[854.0],[876.0],[621.0],[855.0],[734.0],[198.0],[987.0],[855.0],[136.0],[179.0],[117.0],[337.0],[893.0],[876.0],[622.0],[734.0],[198.0],[944.0],[299.0],[337.0],[299.0],[784.0],[930.0],[934.0],[958.0],[772.0],[296.0],[621.0],[117.0],[269.0]
835,[198.0],[825.0],[958.0],[774.0],[552.0],[818.0],[441.0],[198.0],[572.0],[296.0],[552.0],[655.0],[299.0],[334.0],[117.0],[734.0],[818.0],[478.0],[885.0],[671.0],[341.0],[893.0],[944.0],[341.0],[212.0],[0.0],[879.0],[0.0],[987.0],[296.0],[784.0],[269.0],[460.0],[370.0],[212.0],[341.0],[391.0],[958.0],[296.0],[841.0],[388.0],[726.0],[8.0],[117.0],[478.0],[117.0],[0.0],[893.0],[854.0],[661.0],[370.0],[388.0],[750.0],[198.0],[337.0],[12.0],[726.0],[726.0],[876.0],[621.0],[784.0],[370.0],[370.0],[268.0],[87.0],[269.0],[855.0],[893.0],[478.0],[562.0],[734.0],[713.0],[232.0],[117.0],[269.0],[388.0],[441.0],[934.0],[969.0],[726.0],[825.0],[334.0],[799.0],[713.0],[876.0],[710.0],[958.0],[784.0],[287.0],[212.0],[287.0],[750.0],[478.0],[855.0],[269.0],[19.0],[944.0],[136.0],[136.0],[478.0]
836,[958.0],[296.0],[269.0],[855.0],[944.0],[930.0],[299.0],[818.0],[879.0],[944.0],[117.0],[268.0],[287.0],[969.0],[825.0],[713.0],[198.0],[179.0],[179.0],[710.0],[826.0],[460.0],[50.0],[117.0],[815.0],[341.0],[459.0],[341.0],[778.0],[944.0],[296.0],[179.0],[969.0],[734.0],[826.0],[855.0],[731.0],[854.0],[621.0],[232.0],[713.0],[870.0],[876.0],[825.0],[370.0],[825.0],[853.0],[232.0],[734.0],[8.0],[388.0],[818.0],[50.0],[958.0],[815.0],[802.0],[870.0],[784.0],[713.0],[334.0],[750.0],[944.0],[784.0],[391.0],[50.0],[930.0],[825.0],[799.0],[885.0],[232.0],[388.0],[198.0],[334.0],[825.0],[930.0],[818.0],[562.0],[117.0],[841.0],[870.0],[212.0],[815.0],[786.0],[198.0],[713.0],[388.0],[734.0],[750.0],[268.0],[815.0],[268.0],[774.0],[370.0],[117.0],[179.0],[869.0],[50.0],[337.0],[337.0],[370.0]
837,[854.0],[944.0],[930.0],[117.0],[50.0],[671.0],[287.0],[958.0],[528.0],[50.0],[296.0],[391.0],[268.0],[136.0],[212.0],[198.0],[671.0],[370.0],[726.0],[876.0],[853.0],[136.0],[370.0],[552.0],[934.0],[826.0],[661.0],[826.0],[873.0],[87.0],[750.0],[478.0],[841.0],[818.0],[853.0],[117.0],[778.0],[269.0],[334.0],[893.0],[818.0],[854.0],[713.0],[944.0],[784.0],[0.0],[621.0],[799.0],[930.0],[710.0],[818.0],[671.0],[885.0],[269.0],[334.0],[316.0],[784.0],[750.0],[198.0],[969.0],[774.0],[784.0],[750.0],[731.0],[855.0],[726.0],[212.0],[786.0],[370.0],[690.0],[958.0],[958.0],[969.0],[212.0],[478.0],[671.0],[299.0],[0.0],[337.0],[774.0],[826.0],[934.0],[562.0],[958.0],[143.0],[818.0],[269.0],[50.0],[655.0],[826.0],[391.0],[87.0],[854.0],[825.0],[726.0],[169.0],[885.0],[815.0],[825.0],[784.0]
838,[269.0],[50.0],[854.0],[870.0],[885.0],[357.0],[268.0],[671.0],[459.0],[885.0],[825.0],[271.0],[655.0],[815.0],[944.0],[958.0],[958.0],[784.0],[478.0],[713.0],[552.0],[337.0],[750.0],[296.0],[826.0],[552.0],[572.0],[853.0],[12.0],[50.0],[944.0],[370.0],[893.0],[671.0],[552.0],[825.0],[873.0],[734.0],[969.0],[690.0],[671.0],[734.0],[622.0],[212.0],[750.0],[212.0],[341.0],[786.0],[388.0],[876.0],[784.0],[958.0],[179.0],[818.0],[934.0],[49.0],[750.0],[774.0],[958.0],[841.0],[87.0],[750.0],[774.0],[778.0],[885.0],[870.0],[50.0],[232.0],[726.0],[460.0],[269.0],[269.0],[841.0],[826.0],[388.0],[357.0],[655.0],[825.0],[893.0],[87.0],[944.0],[0.0],[287.0],[854.0],[198.0],[876.0],[930.0],[774.0],[271.0],[853.0],[655.0],[855.0],[734.0],[826.0],[930.0],[812.0],[478.0],[934.0],[212.0],[726.0]
839,[930.0],[212.0],[478.0],[854.0],[179.0],[478.0],[391.0],[357.0],[661.0],[855.0],[212.0],[731.0],[391.0],[841.0],[50.0],[269.0],[357.0],[750.0],[370.0],[357.0],[621.0],[799.0],[774.0],[825.0],[621.0],[296.0],[8.0],[552.0],[316.0],[885.0],[774.0],[784.0],[799.0],[784.0],[296.0],[552.0],[316.0],[388.0],[841.0],[799.0],[198.0],[774.0],[198.0],[50.0],[774.0],[826.0],[552.0],[562.0],[478.0],[713.0],[671.0],[269.0],[774.0],[930.0],[969.0],[251.0],[774.0],[870.0],[269.0],[337.0],[855.0],[774.0],[87.0],[873.0],[179.0],[854.0],[826.0],[690.0],[870.0],[287.0],[818.0],[357.0],[893.0],[853.0],[818.0],[958.0],[271.0],[212.0],[799.0],[855.0],[853.0],[969.0],[268.0],[269.0],[958.0],[713.0],[478.0],[87.0],[232.0],[621.0],[271.0],[117.0],[388.0],[0.0],[478.0],[591.0],[370.0],[334.0],[815.0],[750.0]
840,[734.0],[826.0],[370.0],[734.0],[87.0],[370.0],[655.0],[269.0],[8.0],[117.0],[944.0],[778.0],[731.0],[934.0],[885.0],[930.0],[269.0],[774.0],[870.0],[198.0],[944.0],[815.0],[885.0],[212.0],[0.0],[944.0],[710.0],[296.0],[441.0],[855.0],[87.0],[750.0],[786.0],[750.0],[944.0],[212.0],[49.0],[818.0],[893.0],[786.0],[357.0],[388.0],[958.0],[826.0],[87.0],[853.0],[296.0],[690.0],[370.0],[198.0],[357.0],[930.0],[87.0],[478.0],[841.0],[764.0],[87.0],[854.0],[930.0],[815.0],[825.0],[87.0],[855.0],[12.0],[726.0],[734.0],[885.0],[460.0],[854.0],[268.0],[930.0],[930.0],[690.0],[944.0],[671.0],[622.0],[268.0],[826.0],[786.0],[117.0],[621.0],[341.0],[271.0],[734.0],[269.0],[198.0],[370.0],[885.0],[690.0],[334.0],[731.0],[552.0],[784.0],[853.0],[370.0],[785.0],[784.0],[0.0],[934.0],[870.0]
841,[478.0],[885.0],[734.0],[388.0],[726.0],[622.0],[731.0],[930.0],[812.0],[825.0],[826.0],[873.0],[778.0],[0.0],[826.0],[388.0],[622.0],[87.0],[784.0],[958.0],[334.0],[786.0],[179.0],[826.0],[334.0],[853.0],[876.0],[944.0],[299.0],[117.0],[855.0],[726.0],[562.0],[774.0],[621.0],[853.0],[299.0],[671.0],[799.0],[460.0],[143.0],[87.0],[269.0],[853.0],[870.0],[341.0],[944.0],[460.0],[818.0],[958.0],[622.0],[478.0],[855.0],[671.0],[0.0],[200.0],[854.0],[87.0],[671.0],[0.0],[870.0],[855.0],[117.0],[316.0],[870.0],[388.0],[853.0],[136.0],[784.0],[136.0],[671.0],[478.0],[799.0],[50.0],[370.0],[269.0],[391.0],[341.0],[815.0],[854.0],[50.0],[552.0],[232.0],[930.0],[930.0],[269.0],[388.0],[855.0],[460.0],[969.0],[778.0],[825.0],[818.0],[341.0],[784.0],[964.0],[179.0],[969.0],[826.0],[854.0]
842,[370.0],[179.0],[388.0],[825.0],[870.0],[784.0],[778.0],[622.0],[591.0],[212.0],[853.0],[12.0],[271.0],[341.0],[179.0],[818.0],[143.0],[726.0],[750.0],[269.0],[50.0],[287.0],[87.0],[853.0],[341.0],[621.0],[713.0],[50.0],[655.0],[825.0],[50.0],[774.0],[136.0],[357.0],[334.0],[621.0],[655.0],[930.0],[786.0],[562.0],[958.0],[818.0],[930.0],[621.0],[854.0],[621.0],[334.0],[136.0],[784.0],[286.0],[750.0],[357.0],[726.0],[370.0],[893.0],[454.0],[855.0],[855.0],[478.0],[341.0],[854.0],[117.0],[825.0],[49.0],[117.0],[818.0],[621.0],[337.0],[734.0],[391.0],[478.0],[370.0],[786.0],[885.0],[784.0],[930.0],[232.0],[621.0],[934.0],[734.0],[334.0],[296.0],[690.0],[388.0],[478.0],[930.0],[784.0],[117.0],[391.0],[841.0],[873.0],[296.0],[671.0],[621.0],[750.0],[879.0],[726.0],[341.0],[853.0],[734.0]
843,[784.0],[726.0],[818.0],[212.0],[855.0],[143.0],[12.0],[143.0],[710.0],[179.0],[621.0],[316.0],[232.0],[552.0],[853.0],[671.0],[930.0],[855.0],[774.0],[143.0],[885.0],[934.0],[855.0],[621.0],[969.0],[334.0],[528.0],[621.0],[49.0],[179.0],[117.0],[870.0],[287.0],[622.0],[969.0],[334.0],[454.0],[478.0],[562.0],[136.0],[269.0],[855.0],[143.0],[334.0],[734.0],[552.0],[50.0],[287.0],[750.0],[269.0],[143.0],[784.0],[870.0],[357.0],[341.0],[908.0],[734.0],[734.0],[357.0],[552.0],[212.0],[825.0],[212.0],[454.0],[854.0],[370.0],[334.0],[815.0],[818.0],[815.0],[370.0],[622.0],[562.0],[621.0],[750.0],[143.0],[731.0],[296.0],[0.0],[825.0],[885.0],[944.0],[460.0],[478.0],[286.0],[478.0],[750.0],[179.0],[337.0],[934.0],[232.0],[212.0],[750.0],[552.0],[774.0],[459.0],[750.0],[841.0],[0.0],[388.0]
844,[388.0],[870.0],[784.0],[826.0],[117.0],[286.0],[316.0],[286.0],[876.0],[826.0],[334.0],[49.0],[690.0],[893.0],[621.0],[357.0],[286.0],[825.0],[87.0],[286.0],[969.0],[0.0],[726.0],[944.0],[841.0],[841.0],[772.0],[334.0],[454.0],[726.0],[885.0],[854.0],[337.0],[143.0],[841.0],[296.0],[908.0],[370.0],[287.0],[287.0],[286.0],[825.0],[286.0],[885.0],[855.0],[296.0],[969.0],[815.0],[671.0],[930.0],[774.0],[750.0],[854.0],[622.0],[552.0],[856.0],[117.0],[117.0],[622.0],[799.0],[734.0],[212.0],[944.0],[232.0],[825.0],[750.0],[969.0],[562.0],[671.0],[934.0],[784.0],[784.0],[460.0],[334.0],[357.0],[279.0],[778.0],[334.0],[341.0],[212.0],[179.0],[841.0],[391.0],[818.0],[279.0],[370.0],[774.0],[825.0],[731.0],[0.0],[690.0],[944.0],[357.0],[334.0],[87.0],[661.0],[774.0],[893.0],[621.0],[818.0]
845,[818.0],[853.0],[671.0],[818.0],[854.0],[750.0],[49.0],[279.0],[785.0],[853.0],[50.0],[232.0],[460.0],[799.0],[334.0],[622.0],[370.0],[870.0],[855.0],[930.0],[179.0],[268.0],[870.0],[50.0],[893.0],[893.0],[198.0],[885.0],[908.0],[870.0],[179.0],[734.0],[815.0],[87.0],[50.0],[944.0],[271.0],[784.0],[268.0],[337.0],[279.0],[212.0],[478.0],[969.0],[117.0],[50.0],[841.0],[268.0],[774.0],[478.0],[286.0],[622.0],[734.0],[143.0],[296.0],[946.0],[388.0],[388.0],[143.0],[296.0],[826.0],[826.0],[826.0],[908.0],[212.0],[87.0],[841.0],[287.0],[357.0],[0.0],[750.0],[143.0],[287.0],[969.0],[622.0],[572.0],[690.0],[944.0],[562.0],[826.0],[726.0],[50.0],[731.0],[671.0],[572.0],[784.0],[87.0],[212.0],[778.0],[799.0],[460.0],[826.0],[622.0],[969.0],[855.0],[8.0],[87.0],[799.0],[341.0],[671.0]
846,[750.0],[621.0],[357.0],[671.0],[825.0],[774.0],[271.0],[572.0],[542.0],[621.0],[969.0],[454.0],[136.0],[786.0],[726.0],[143.0],[784.0],[854.0],[117.0],[478.0],[841.0],[391.0],[117.0],[334.0],[799.0],[799.0],[812.0],[969.0],[232.0],[854.0],[825.0],[388.0],[934.0],[286.0],[893.0],[50.0],[232.0],[750.0],[944.0],[268.0],[930.0],[671.0],[279.0],[179.0],[388.0],[885.0],[893.0],[391.0],[357.0],[279.0],[87.0],[774.0],[117.0],[750.0],[944.0],[561.0],[825.0],[818.0],[370.0],[562.0],[853.0],[621.0],[50.0],[690.0],[826.0],[855.0],[893.0],[934.0],[750.0],[341.0],[774.0],[750.0],[391.0],[841.0],[774.0],[478.0],[873.0],[50.0],[552.0],[853.0],[870.0],[885.0],[778.0],[370.0],[528.0],[750.0],[855.0],[726.0],[12.0],[786.0],[136.0],[853.0],[774.0],[841.0],[117.0],[542.0],[855.0],[552.0],[552.0],[357.0]
847,[671.0],[854.0],[750.0],[853.0],[212.0],[279.0],[690.0],[478.0],[713.0],[726.0],[885.0],[908.0],[873.0],[562.0],[870.0],[478.0],[572.0],[734.0],[825.0],[370.0],[893.0],[341.0],[825.0],[885.0],[552.0],[50.0],[591.0],[179.0],[342.0],[734.0],[726.0],[87.0],[268.0],[855.0],[786.0],[885.0],[690.0],[774.0],[50.0],[391.0],[572.0],[826.0],[572.0],[841.0],[818.0],[334.0],[799.0],[731.0],[87.0],[772.0],[279.0],[143.0],[825.0],[774.0],[799.0],[342.0],[212.0],[825.0],[784.0],[287.0],[388.0],[50.0],[885.0],[460.0],[853.0],[671.0],[179.0],[0.0],[774.0],[731.0],[87.0],[286.0],[731.0],[893.0],[143.0],[370.0],[460.0],[885.0],[296.0],[621.0],[969.0],[893.0],[873.0],[357.0],[370.0],[671.0],[117.0],[826.0],[316.0],[562.0],[12.0],[621.0],[87.0],[893.0],[870.0],[817.0],[117.0],[786.0],[334.0],[774.0]
848,[357.0],[334.0],[774.0],[621.0],[734.0],[572.0],[460.0],[772.0],[198.0],[334.0],[841.0],[342.0],[12.0],[287.0],[969.0],[370.0],[750.0],[212.0],[212.0],[572.0],[799.0],[731.0],[854.0],[969.0],[786.0],[786.0],[958.0],[841.0],[114.0],[388.0],[870.0],[855.0],[0.0],[117.0],[562.0],[969.0],[342.0],[87.0],[885.0],[731.0],[478.0],[357.0],[370.0],[893.0],[825.0],[179.0],[885.0],[778.0],[855.0],[370.0],[855.0],[87.0],[853.0],[87.0],[786.0],[458.0],[818.0],[212.0],[286.0],[944.0],[818.0],[885.0],[179.0],[342.0],[734.0],[357.0],[726.0],[341.0],[87.0],[552.0],[357.0],[279.0],[136.0],[786.0],[286.0],[528.0],[12.0],[179.0],[944.0],[334.0],[841.0],[179.0],[136.0],[784.0],[784.0],[774.0],[825.0],[853.0],[49.0],[287.0],[337.0],[50.0],[286.0],[296.0],[854.0],[710.0],[870.0],[296.0],[969.0],[87.0]
849,[774.0],[734.0],[622.0],[357.0],[388.0],[87.0],[454.0],[812.0],[958.0],[969.0],[893.0],[690.0],[337.0],[268.0],[854.0],[286.0],[774.0],[388.0],[826.0],[528.0],[786.0],[552.0],[212.0],[179.0],[944.0],[562.0],[785.0],[893.0],[929.0],[212.0],[854.0],[818.0],[391.0],[825.0],[885.0],[179.0],[460.0],[855.0],[391.0],[778.0],[528.0],[622.0],[784.0],[799.0],[212.0],[870.0],[179.0],[934.0],[622.0],[784.0],[572.0],[286.0],[621.0],[855.0],[562.0],[114.0],[826.0],[357.0],[750.0],[50.0],[621.0],[179.0],[726.0],[114.0],[388.0],[622.0],[870.0],[552.0],[622.0],[778.0],[855.0],[774.0],[778.0],[179.0],[87.0],[784.0],[136.0],[969.0],[50.0],[388.0],[893.0],[799.0],[337.0],[750.0],[750.0],[357.0],[818.0],[621.0],[815.0],[268.0],[316.0],[885.0],[855.0],[944.0],[825.0],[876.0],[825.0],[944.0],[296.0],[117.0]
850,[855.0],[969.0],[143.0],[334.0],[826.0],[855.0],[136.0],[370.0],[817.0],[870.0],[799.0],[114.0],[815.0],[391.0],[841.0],[784.0],[528.0],[826.0],[854.0],[784.0],[562.0],[778.0],[734.0],[726.0],[50.0],[885.0],[542.0],[726.0],[863.0],[826.0],[212.0],[117.0],[731.0],[212.0],[287.0],[841.0],[136.0],[117.0],[731.0],[815.0],[772.0],[853.0],[750.0],[726.0],[671.0],[854.0],[726.0],[0.0],[117.0],[812.0],[528.0],[855.0],[969.0],[117.0],[287.0],[929.0],[853.0],[622.0],[774.0],[268.0],[334.0],[334.0],[870.0],[136.0],[621.0],[143.0],[799.0],[296.0],[855.0],[873.0],[117.0],[572.0],[337.0],[562.0],[279.0],[750.0],[316.0],[841.0],[885.0],[969.0],[799.0],[786.0],[815.0],[622.0],[774.0],[87.0],[212.0],[870.0],[934.0],[341.0],[815.0],[334.0],[279.0],[799.0],[212.0],[713.0],[854.0],[562.0],[944.0],[622.0]
851,[117.0],[841.0],[286.0],[969.0],[853.0],[117.0],[908.0],[784.0],[269.0],[841.0],[786.0],[460.0],[934.0],[731.0],[893.0],[279.0],[87.0],[818.0],[734.0],[772.0],[287.0],[873.0],[388.0],[870.0],[885.0],[287.0],[817.0],[799.0],[690.0],[621.0],[826.0],[825.0],[341.0],[826.0],[268.0],[726.0],[114.0],[357.0],[179.0],[934.0],[370.0],[621.0],[774.0],[786.0],[826.0],[734.0],[870.0],[341.0],[143.0],[750.0],[117.0],[117.0],[841.0],[286.0],[50.0],[766.0],[671.0],[826.0],[279.0],[885.0],[969.0],[726.0],[854.0],[337.0],[334.0],[286.0],[786.0],[944.0],[117.0],[296.0],[622.0],[87.0],[873.0],[870.0],[855.0],[772.0],[49.0],[726.0],[179.0],[818.0],[786.0],[726.0],[12.0],[143.0],[772.0],[622.0],[826.0],[854.0],[454.0],[391.0],[934.0],[969.0],[572.0],[786.0],[826.0],[221.0],[734.0],[287.0],[50.0],[143.0]
852,[825.0],[893.0],[279.0],[841.0],[621.0],[825.0],[342.0],[750.0],[221.0],[893.0],[562.0],[929.0],[0.0],[778.0],[799.0],[572.0],[855.0],[671.0],[388.0],[812.0],[726.0],[12.0],[818.0],[841.0],[179.0],[179.0],[269.0],[870.0],[460.0],[818.0],[734.0],[212.0],[778.0],[853.0],[391.0],[893.0],[337.0],[825.0],[778.0],[873.0],[812.0],[334.0],[87.0],[562.0],[853.0],[388.0],[786.0],[873.0],[825.0],[591.0],[825.0],[279.0],[893.0],[279.0],[268.0],[987.0],[621.0],[853.0],[572.0],[391.0],[841.0],[870.0],[853.0],[815.0],[671.0],[117.0],[562.0],[50.0],[825.0],[12.0],[825.0],[855.0],[12.0],[854.0],[117.0],[774.0],[454.0],[870.0],[287.0],[671.0],[854.0],[870.0],[316.0],[774.0],[87.0],[143.0],[671.0],[334.0],[0.0],[552.0],[0.0],[179.0],[117.0],[562.0],[853.0],[198.0],[212.0],[50.0],[841.0],[825.0]
853,[622.0],[799.0],[87.0],[622.0],[334.0],[528.0],[815.0],[774.0],[598.0],[799.0],[179.0],[766.0],[341.0],[873.0],[562.0],[750.0],[117.0],[853.0],[818.0],[750.0],[268.0],[316.0],[826.0],[854.0],[562.0],[268.0],[221.0],[854.0],[136.0],[334.0],[388.0],[826.0],[552.0],[621.0],[179.0],[870.0],[929.0],[622.0],[873.0],[12.0],[784.0],[969.0],[528.0],[287.0],[357.0],[841.0],[562.0],[12.0],[212.0],[774.0],[212.0],[572.0],[799.0],[572.0],[885.0],[863.0],[357.0],[621.0],[87.0],[731.0],[671.0],[841.0],[734.0],[929.0],[969.0],[825.0],[854.0],[885.0],[143.0],[316.0],[212.0],[528.0],[316.0],[734.0],[825.0],[812.0],[337.0],[854.0],[726.0],[841.0],[562.0],[854.0],[454.0],[286.0],[855.0],[286.0],[357.0],[969.0],[908.0],[296.0],[49.0],[726.0],[528.0],[287.0],[621.0],[598.0],[826.0],[885.0],[885.0],[286.0]
854,[143.0],[388.0],[572.0],[893.0],[818.0],[212.0],[114.0],[591.0],[617.0],[854.0],[287.0],[136.0],[316.0],[296.0],[287.0],[528.0],[772.0],[357.0],[853.0],[774.0],[870.0],[296.0],[671.0],[893.0],[287.0],[391.0],[617.0],[786.0],[224.0],[671.0],[853.0],[671.0],[296.0],[279.0],[731.0],[799.0],[815.0],[212.0],[726.0],[316.0],[750.0],[841.0],[772.0],[870.0],[621.0],[893.0],[287.0],[49.0],[826.0],[87.0],[772.0],[528.0],[786.0],[825.0],[391.0],[441.0],[622.0],[143.0],[528.0],[179.0],[893.0],[893.0],[388.0],[934.0],[357.0],[212.0],[734.0],[726.0],[286.0],[944.0],[143.0],[772.0],[815.0],[388.0],[572.0],[591.0],[815.0],[893.0],[391.0],[357.0],[734.0],[734.0],[908.0],[279.0],[812.0],[855.0],[853.0],[841.0],[341.0],[944.0],[341.0],[870.0],[825.0],[268.0],[334.0],[958.0],[853.0],[268.0],[893.0],[279.0]
855,[212.0],[786.0],[528.0],[143.0],[357.0],[772.0],[934.0],[87.0],[930.0],[734.0],[391.0],[337.0],[49.0],[12.0],[734.0],[774.0],[591.0],[621.0],[671.0],[591.0],[391.0],[944.0],[621.0],[799.0],[268.0],[726.0],[930.0],[287.0],[202.0],[357.0],[818.0],[853.0],[944.0],[572.0],[873.0],[854.0],[766.0],[143.0],[870.0],[49.0],[591.0],[143.0],[591.0],[268.0],[622.0],[799.0],[854.0],[552.0],[286.0],[785.0],[826.0],[772.0],[388.0],[212.0],[731.0],[224.0],[143.0],[286.0],[855.0],[726.0],[799.0],[854.0],[621.0],[0.0],[622.0],[826.0],[287.0],[870.0],[212.0],[50.0],[286.0],[117.0],[49.0],[818.0],[528.0],[87.0],[908.0],[734.0],[870.0],[893.0],[268.0],[562.0],[934.0],[572.0],[117.0],[279.0],[622.0],[893.0],[342.0],[778.0],[908.0],[841.0],[212.0],[50.0],[969.0],[269.0],[388.0],[391.0],[179.0],[572.0]
856,[826.0],[562.0],[812.0],[799.0],[622.0],[826.0],[929.0],[855.0],[478.0],[786.0],[731.0],[863.0],[552.0],[944.0],[268.0],[87.0],[785.0],[622.0],[621.0],[87.0],[731.0],[49.0],[334.0],[786.0],[391.0],[731.0],[111.0],[734.0],[337.0],[969.0],[621.0],[621.0],[873.0],[334.0],[726.0],[734.0],[934.0],[286.0],[854.0],[0.0],[785.0],[893.0],[855.0],[854.0],[143.0],[786.0],[734.0],[454.0],[279.0],[855.0],[812.0],[212.0],[818.0],[826.0],[179.0],[202.0],[286.0],[334.0],[117.0],[778.0],[786.0],[734.0],[334.0],[766.0],[893.0],[279.0],[268.0],[268.0],[826.0],[49.0],[279.0],[825.0],[454.0],[671.0],[212.0],[855.0],[342.0],[799.0],[854.0],[622.0],[391.0],[388.0],[342.0],[87.0],[591.0],[117.0],[143.0],[388.0],[114.0],[873.0],[342.0],[854.0],[772.0],[885.0],[841.0],[617.0],[334.0],[731.0],[799.0],[212.0]
857,[286.0],[818.0],[117.0],[786.0],[969.0],[853.0],[766.0],[785.0],[370.0],[388.0],[778.0],[815.0],[296.0],[49.0],[388.0],[855.0],[825.0],[143.0],[334.0],[785.0],[778.0],[454.0],[969.0],[562.0],[731.0],[870.0],[478.0],[388.0],[482.0],[622.0],[671.0],[357.0],[12.0],[528.0],[12.0],[388.0],[863.0],[279.0],[12.0],[341.0],[87.0],[786.0],[117.0],[391.0],[286.0],[818.0],[388.0],[908.0],[853.0],[542.0],[853.0],[826.0],[562.0],[853.0],[778.0],[299.0],[334.0],[969.0],[825.0],[870.0],[562.0],[388.0],[969.0],[341.0],[799.0],[853.0],[391.0],[391.0],[279.0],[885.0],[572.0],[212.0],[908.0],[357.0],[772.0],[117.0],[114.0],[786.0],[734.0],[143.0],[731.0],[287.0],[114.0],[855.0],[785.0],[572.0],[621.0],[818.0],[929.0],[12.0],[552.0],[734.0],[826.0],[179.0],[734.0],[930.0],[969.0],[778.0],[786.0],[826.0]
858,[621.0],[671.0],[825.0],[562.0],[143.0],[621.0],[0.0],[117.0],[111.0],[562.0],[726.0],[224.0],[454.0],[454.0],[818.0],[117.0],[542.0],[286.0],[357.0],[542.0],[854.0],[50.0],[357.0],[734.0],[726.0],[778.0],[588.0],[818.0],[815.0],[143.0],[357.0],[334.0],[50.0],[969.0],[870.0],[786.0],[202.0],[853.0],[734.0],[552.0],[855.0],[562.0],[825.0],[731.0],[334.0],[562.0],[391.0],[296.0],[572.0],[117.0],[621.0],[812.0],[357.0],[621.0],[873.0],[482.0],[279.0],[841.0],[826.0],[873.0],[357.0],[799.0],[841.0],[863.0],[143.0],[572.0],[388.0],[731.0],[853.0],[179.0],[826.0],[826.0],[342.0],[287.0],[853.0],[825.0],[934.0],[388.0],[731.0],[799.0],[778.0],[268.0],[929.0],[528.0],[542.0],[528.0],[286.0],[357.0],[552.0],[316.0],[296.0],[893.0],[812.0],[731.0],[893.0],[111.0],[893.0],[873.0],[562.0],[528.0]
859,[279.0],[287.0],[591.0],[286.0],[841.0],[812.0],[863.0],[825.0],[588.0],[287.0],[873.0],[934.0],[944.0],[885.0],[671.0],[772.0],[212.0],[572.0],[841.0],[817.0],[734.0],[908.0],[622.0],[388.0],[778.0],[854.0],[611.0],[268.0],[934.0],[286.0],[622.0],[969.0],[885.0],[841.0],[316.0],[562.0],[482.0],[572.0],[388.0],[454.0],[117.0],[287.0],[785.0],[734.0],[969.0],[287.0],[818.0],[944.0],[772.0],[825.0],[334.0],[591.0],[622.0],[772.0],[12.0],[420.0],[572.0],[893.0],[772.0],[854.0],[287.0],[786.0],[818.0],[552.0],[786.0],[528.0],[731.0],[778.0],[621.0],[726.0],[853.0],[853.0],[934.0],[622.0],[812.0],[212.0],[0.0],[818.0],[778.0],[786.0],[388.0],[818.0],[766.0],[772.0],[825.0],[825.0],[334.0],[622.0],[766.0],[50.0],[944.0],[786.0],[853.0],[726.0],[799.0],[478.0],[799.0],[179.0],[287.0],[853.0]
860,[334.0],[357.0],[785.0],[279.0],[893.0],[591.0],[224.0],[542.0],[784.0],[268.0],[12.0],[202.0],[50.0],[179.0],[391.0],[812.0],[817.0],[969.0],[143.0],[221.0],[388.0],[342.0],[143.0],[818.0],[870.0],[873.0],[356.0],[391.0],[0.0],[893.0],[334.0],[841.0],[316.0],[772.0],[49.0],[818.0],[420.0],[621.0],[316.0],[908.0],[825.0],[286.0],[212.0],[388.0],[279.0],[268.0],[731.0],[342.0],[621.0],[212.0],[969.0],[853.0],[287.0],[812.0],[726.0],[744.0],[528.0],[799.0],[812.0],[12.0],[268.0],[562.0],[671.0],[224.0],[562.0],[621.0],[778.0],[734.0],[334.0],[454.0],[528.0],[812.0],[0.0],[268.0],[621.0],[826.0],[929.0],[562.0],[873.0],[286.0],[873.0],[391.0],[0.0],[812.0],[212.0],[212.0],[279.0],[286.0],[296.0],[454.0],[114.0],[562.0],[591.0],[870.0],[388.0],[370.0],[786.0],[726.0],[726.0],[772.0]
861,[969.0],[268.0],[212.0],[287.0],[279.0],[334.0],[202.0],[212.0],[750.0],[391.0],[316.0],[482.0],[885.0],[908.0],[731.0],[825.0],[826.0],[841.0],[286.0],[855.0],[873.0],[114.0],[286.0],[287.0],[873.0],[734.0],[784.0],[671.0],[341.0],[799.0],[143.0],[893.0],[179.0],[812.0],[854.0],[287.0],[0.0],[528.0],[49.0],[296.0],[212.0],[279.0],[826.0],[778.0],[841.0],[391.0],[671.0],[114.0],[334.0],[817.0],[841.0],[621.0],[143.0],[334.0],[316.0],[655.0],[772.0],[279.0],[621.0],[316.0],[622.0],[287.0],[357.0],[296.0],[287.0],[334.0],[873.0],[873.0],[841.0],[908.0],[621.0],[591.0],[114.0],[143.0],[334.0],[853.0],[766.0],[671.0],[388.0],[562.0],[818.0],[731.0],[341.0],[591.0],[826.0],[772.0],[969.0],[799.0],[863.0],[908.0],[50.0],[287.0],[785.0],[778.0],[786.0],[588.0],[818.0],[12.0],[268.0],[812.0]
862,[572.0],[391.0],[542.0],[268.0],[572.0],[969.0],[341.0],[826.0],[774.0],[671.0],[49.0],[420.0],[179.0],[870.0],[357.0],[212.0],[221.0],[528.0],[893.0],[117.0],[12.0],[929.0],[841.0],[671.0],[854.0],[316.0],[355.0],[731.0],[420.0],[786.0],[286.0],[799.0],[49.0],[591.0],[734.0],[357.0],[341.0],[334.0],[454.0],[342.0],[826.0],[268.0],[853.0],[818.0],[893.0],[731.0],[357.0],[929.0],[969.0],[826.0],[591.0],[785.0],[268.0],[591.0],[870.0],[271.0],[812.0],[786.0],[591.0],[49.0],[143.0],[818.0],[622.0],[944.0],[268.0],[772.0],[818.0],[316.0],[572.0],[342.0],[334.0],[785.0],[552.0],[286.0],[591.0],[621.0],[224.0],[287.0],[12.0],[279.0],[12.0],[671.0],[863.0],[117.0],[853.0],[826.0],[841.0],[786.0],[224.0],[342.0],[929.0],[391.0],[542.0],[873.0],[818.0],[784.0],[562.0],[316.0],[391.0],[621.0]
863,[528.0],[731.0],[826.0],[572.0],[528.0],[785.0],[552.0],[853.0],[87.0],[357.0],[454.0],[744.0],[726.0],[342.0],[778.0],[826.0],[853.0],[893.0],[799.0],[825.0],[818.0],[885.0],[893.0],[268.0],[12.0],[388.0],[750.0],[622.0],[552.0],[562.0],[279.0],[786.0],[454.0],[785.0],[454.0],[268.0],[744.0],[969.0],[818.0],[114.0],[542.0],[572.0],[542.0],[873.0],[572.0],[671.0],[622.0],[50.0],[812.0],[221.0],[785.0],[334.0],[391.0],[785.0],[854.0],[232.0],[591.0],[562.0],[334.0],[734.0],[286.0],[268.0],[286.0],[50.0],[391.0],[969.0],[671.0],[388.0],[528.0],[114.0],[969.0],[621.0],[296.0],[279.0],[969.0],[785.0],[482.0],[357.0],[818.0],[572.0],[316.0],[778.0],[552.0],[785.0],[621.0],[853.0],[572.0],[562.0],[944.0],[114.0],[885.0],[388.0],[621.0],[854.0],[671.0],[750.0],[287.0],[870.0],[870.0],[334.0]
864,[841.0],[778.0],[853.0],[391.0],[799.0],[542.0],[482.0],[621.0],[611.0],[731.0],[908.0],[512.0],[908.0],[854.0],[622.0],[621.0],[598.0],[799.0],[279.0],[212.0],[316.0],[179.0],[799.0],[391.0],[734.0],[454.0],[774.0],[143.0],[744.0],[279.0],[969.0],[622.0],[726.0],[893.0],[388.0],[391.0],[512.0],[841.0],[908.0],[929.0],[817.0],[528.0],[621.0],[12.0],[786.0],[778.0],[778.0],[766.0],[591.0],[598.0],[893.0],[969.0],[286.0],[969.0],[49.0],[460.0],[969.0],[572.0],[785.0],[388.0],[279.0],[357.0],[279.0],[202.0],[286.0],[841.0],[12.0],[49.0],[893.0],[870.0],[841.0],[334.0],[944.0],[391.0],[841.0],[969.0],[420.0],[268.0],[316.0],[528.0],[49.0],[873.0],[296.0],[825.0],[334.0],[621.0],[893.0],[287.0],[202.0],[929.0],[766.0],[818.0],[334.0],[734.0],[357.0],[356.0],[268.0],[854.0],[731.0],[969.0]
865,[893.0],[873.0],[817.0],[731.0],[786.0],[817.0],[296.0],[334.0],[356.0],[778.0],[114.0],[901.0],[342.0],[114.0],[873.0],[334.0],[617.0],[786.0],[572.0],[598.0],[671.0],[766.0],[279.0],[357.0],[388.0],[818.0],[116.0],[778.0],[512.0],[287.0],[841.0],[562.0],[908.0],[799.0],[908.0],[622.0],[901.0],[893.0],[342.0],[766.0],[221.0],[772.0],[969.0],[671.0],[528.0],[357.0],[143.0],[885.0],[893.0],[853.0],[799.0],[542.0],[731.0],[841.0],[734.0],[136.0],[841.0],[287.0],[969.0],[818.0],[572.0],[391.0],[572.0],[885.0],[279.0],[893.0],[357.0],[454.0],[799.0],[929.0],[772.0],[969.0],[929.0],[572.0],[893.0],[841.0],[341.0],[391.0],[671.0],[287.0],[454.0],[622.0],[944.0],[212.0],[817.0],[334.0],[528.0],[268.0],[50.0],[766.0],[179.0],[671.0],[969.0],[12.0],[622.0],[355.0],[671.0],[734.0],[873.0],[841.0]
866,[799.0],[12.0],[621.0],[778.0],[562.0],[221.0],[944.0],[969.0],[855.0],[873.0],[929.0],[0.0],[870.0],[734.0],[12.0],[591.0],[111.0],[562.0],[786.0],[617.0],[622.0],[863.0],[572.0],[143.0],[818.0],[671.0],[87.0],[873.0],[296.0],[268.0],[572.0],[287.0],[342.0],[542.0],[342.0],[143.0],[552.0],[799.0],[114.0],[944.0],[853.0],[391.0],[817.0],[316.0],[562.0],[873.0],[286.0],[179.0],[799.0],[621.0],[786.0],[817.0],[778.0],[893.0],[388.0],[337.0],[785.0],[391.0],[542.0],[908.0],[391.0],[731.0],[528.0],[179.0],[731.0],[812.0],[622.0],[818.0],[772.0],[854.0],[893.0],[841.0],[766.0],[731.0],[785.0],[542.0],[744.0],[622.0],[357.0],[268.0],[671.0],[12.0],[224.0],[817.0],[969.0],[969.0],[772.0],[391.0],[482.0],[863.0],[726.0],[357.0],[817.0],[316.0],[562.0],[774.0],[391.0],[49.0],[12.0],[893.0]
867,[786.0],[143.0],[334.0],[873.0],[287.0],[841.0],[420.0],[817.0],[117.0],[12.0],[870.0],[341.0],[929.0],[929.0],[316.0],[542.0],[621.0],[772.0],[528.0],[111.0],[143.0],[224.0],[528.0],[286.0],[671.0],[357.0],[855.0],[12.0],[901.0],[391.0],[893.0],[143.0],[114.0],[786.0],[114.0],[731.0],[296.0],[786.0],[929.0],[863.0],[621.0],[812.0],[221.0],[357.0],[287.0],[12.0],[279.0],[726.0],[785.0],[617.0],[562.0],[221.0],[873.0],[799.0],[454.0],[512.0],[893.0],[778.0],[817.0],[671.0],[528.0],[143.0],[772.0],[726.0],[778.0],[591.0],[316.0],[671.0],[812.0],[766.0],[799.0],[893.0],[50.0],[778.0],[786.0],[893.0],[552.0],[731.0],[622.0],[391.0],[357.0],[316.0],[202.0],[853.0],[841.0],[812.0],[799.0],[731.0],[885.0],[885.0],[870.0],[731.0],[841.0],[388.0],[287.0],[87.0],[731.0],[454.0],[316.0],[799.0]
868,[772.0],[286.0],[969.0],[12.0],[268.0],[799.0],[744.0],[221.0],[825.0],[622.0],[766.0],[380.0],[854.0],[388.0],[49.0],[817.0],[588.0],[287.0],[562.0],[826.0],[49.0],[202.0],[786.0],[731.0],[357.0],[908.0],[262.0],[286.0],[944.0],[731.0],[799.0],[268.0],[929.0],[817.0],[929.0],[778.0],[380.0],[562.0],[766.0],[50.0],[334.0],[591.0],[841.0],[49.0],[812.0],[622.0],[572.0],[863.0],[542.0],[334.0],[542.0],[598.0],[572.0],[542.0],[818.0],[815.0],[799.0],[528.0],[841.0],[357.0],[731.0],[778.0],[893.0],[870.0],[873.0],[785.0],[49.0],[342.0],[786.0],[734.0],[786.0],[542.0],[863.0],[528.0],[562.0],[817.0],[296.0],[286.0],[49.0],[812.0],[908.0],[49.0],[482.0],[621.0],[893.0],[591.0],[562.0],[279.0],[420.0],[224.0],[863.0],[778.0],[893.0],[818.0],[268.0],[855.0],[873.0],[908.0],[854.0],[786.0]
869,[562.0],[316.0],[841.0],[316.0],[391.0],[786.0],[50.0],[598.0],[212.0],[316.0],[863.0],[552.0],[734.0],[766.0],[454.0],[221.0],[334.0],[812.0],[287.0],[853.0],[286.0],[870.0],[287.0],[279.0],[316.0],[622.0],[43.0],[49.0],[50.0],[572.0],[528.0],[391.0],[766.0],[562.0],[818.0],[286.0],[44.0],[268.0],[671.0],[224.0],[969.0],[785.0],[598.0],[454.0],[591.0],[143.0],[528.0],[870.0],[786.0],[111.0],[287.0],[841.0],[12.0],[786.0],[908.0],[0.0],[786.0],[873.0],[893.0],[342.0],[778.0],[286.0],[799.0],[854.0],[12.0],[799.0],[143.0],[357.0],[562.0],[863.0],[562.0],[799.0],[202.0],[873.0],[817.0],[799.0],[944.0],[279.0],[454.0],[591.0],[622.0],[454.0],[420.0],[334.0],[799.0],[841.0],[287.0],[572.0],[179.0],[179.0],[202.0],[622.0],[799.0],[49.0],[391.0],[117.0],[12.0],[342.0],[454.0],[562.0]
870,[812.0],[49.0],[893.0],[49.0],[731.0],[562.0],[512.0],[841.0],[826.0],[143.0],[224.0],[296.0],[388.0],[818.0],[908.0],[969.0],[969.0],[591.0],[268.0],[588.0],[572.0],[854.0],[772.0],[778.0],[622.0],[342.0],[982.0],[454.0],[380.0],[528.0],[786.0],[731.0],[863.0],[287.0],[671.0],[873.0],[922.0],[391.0],[357.0],[202.0],[598.0],[731.0],[893.0],[622.0],[268.0],[286.0],[772.0],[224.0],[562.0],[841.0],[817.0],[617.0],[316.0],[817.0],[342.0],[380.0],[542.0],[772.0],[799.0],[622.0],[772.0],[279.0],[786.0],[734.0],[316.0],[542.0],[279.0],[622.0],[287.0],[224.0],[287.0],[786.0],[179.0],[12.0],[287.0],[786.0],[50.0],[778.0],[908.0],[785.0],[143.0],[143.0],[50.0],[221.0],[221.0],[893.0],[812.0],[778.0],[726.0],[202.0],[854.0],[873.0],[221.0],[454.0],[731.0],[116.0],[357.0],[114.0],[908.0],[591.0]
871,[591.0],[279.0],[221.0],[454.0],[812.0],[598.0],[885.0],[893.0],[355.0],[286.0],[202.0],[44.0],[766.0],[671.0],[143.0],[598.0],[841.0],[268.0],[391.0],[621.0],[528.0],[734.0],[812.0],[572.0],[49.0],[114.0],[225.0],[342.0],[44.0],[772.0],[562.0],[286.0],[224.0],[268.0],[766.0],[279.0],[944.0],[731.0],[622.0],[482.0],[841.0],[542.0],[799.0],[143.0],[391.0],[316.0],[873.0],[854.0],[817.0],[588.0],[268.0],[893.0],[49.0],[562.0],[114.0],[341.0],[562.0],[812.0],[786.0],[143.0],[12.0],[873.0],[591.0],[482.0],[49.0],[817.0],[454.0],[143.0],[268.0],[202.0],[812.0],[562.0],[726.0],[316.0],[221.0],[562.0],[512.0],[873.0],[342.0],[542.0],[342.0],[908.0],[885.0],[598.0],[598.0],[542.0],[268.0],[528.0],[854.0],[482.0],[482.0],[12.0],[786.0],[908.0],[778.0],[262.0],[316.0],[929.0],[734.0],[287.0]
872,[268.0],[454.0],[799.0],[528.0],[778.0],[287.0],[901.0],[799.0],[853.0],[279.0],[482.0],[944.0],[863.0],[863.0],[342.0],[841.0],[893.0],[785.0],[812.0],[334.0],[454.0],[482.0],[731.0],[873.0],[143.0],[143.0],[117.0],[279.0],[885.0],[812.0],[772.0],[12.0],[870.0],[391.0],[863.0],[12.0],[50.0],[778.0],[863.0],[885.0],[893.0],[817.0],[786.0],[908.0],[785.0],[49.0],[12.0],[202.0],[221.0],[611.0],[221.0],[799.0],[528.0],[221.0],[929.0],[552.0],[817.0],[591.0],[562.0],[286.0],[316.0],[572.0],[785.0],[388.0],[572.0],[221.0],[908.0],[286.0],[391.0],[388.0],[591.0],[817.0],[482.0],[772.0],[268.0],[221.0],[179.0],[528.0],[114.0],[731.0],[286.0],[286.0],[179.0],[617.0],[786.0],[817.0],[731.0],[772.0],[734.0],[726.0],[420.0],[316.0],[287.0],[342.0],[873.0],[43.0],[49.0],[388.0],[342.0],[268.0]
873,[785.0],[908.0],[598.0],[908.0],[591.0],[391.0],[179.0],[786.0],[621.0],[49.0],[420.0],[922.0],[224.0],[357.0],[114.0],[893.0],[611.0],[391.0],[591.0],[611.0],[908.0],[388.0],[591.0],[528.0],[454.0],[286.0],[825.0],[114.0],[922.0],[591.0],[287.0],[279.0],[854.0],[221.0],[224.0],[572.0],[885.0],[873.0],[143.0],[420.0],[799.0],[221.0],[617.0],[342.0],[542.0],[279.0],[316.0],[734.0],[287.0],[893.0],[391.0],[786.0],[454.0],[598.0],[766.0],[44.0],[287.0],[12.0],[287.0],[114.0],[49.0],[528.0],[542.0],[818.0],[454.0],[598.0],[342.0],[279.0],[591.0],[482.0],[268.0],[221.0],[420.0],[812.0],[391.0],[598.0],[901.0],[12.0],[143.0],[778.0],[114.0],[279.0],[726.0],[111.0],[562.0],[221.0],[591.0],[873.0],[744.0],[420.0],[744.0],[143.0],[598.0],[114.0],[12.0],[982.0],[454.0],[766.0],[114.0],[785.0]
874,[391.0],[572.0],[786.0],[342.0],[873.0],[731.0],[380.0],[562.0],[334.0],[454.0],[854.0],[50.0],[818.0],[224.0],[929.0],[799.0],[799.0],[731.0],[731.0],[356.0],[772.0],[818.0],[778.0],[772.0],[286.0],[929.0],[880.0],[929.0],[179.0],[785.0],[812.0],[316.0],[734.0],[731.0],[357.0],[316.0],[997.0],[772.0],[224.0],[512.0],[617.0],[778.0],[562.0],[114.0],[817.0],[454.0],[49.0],[388.0],[268.0],[356.0],[731.0],[562.0],[908.0],[287.0],[863.0],[296.0],[268.0],[785.0],[268.0],[279.0],[454.0],[12.0],[562.0],[420.0],[908.0],[786.0],[114.0],[114.0],[731.0],[818.0],[391.0],[598.0],[744.0],[49.0],[731.0],[617.0],[726.0],[772.0],[286.0],[817.0],[279.0],[342.0],[870.0],[969.0],[617.0],[799.0],[785.0],[12.0],[512.0],[744.0],[734.0],[286.0],[617.0],[671.0],[316.0],[825.0],[908.0],[863.0],[929.0],[391.0]
875,[731.0],[342.0],[617.0],[772.0],[12.0],[778.0],[44.0],[287.0],[116.0],[908.0],[734.0],[885.0],[671.0],[202.0],[766.0],[786.0],[786.0],[778.0],[785.0],[355.0],[342.0],[420.0],[785.0],[12.0],[908.0],[766.0],[212.0],[572.0],[726.0],[778.0],[785.0],[49.0],[202.0],[778.0],[622.0],[49.0],[179.0],[12.0],[202.0],[901.0],[111.0],[598.0],[111.0],[286.0],[221.0],[908.0],[454.0],[482.0],[391.0],[799.0],[778.0],[287.0],[772.0],[268.0],[224.0],[944.0],[221.0],[316.0],[391.0],[572.0],[908.0],[812.0],[817.0],[744.0],[528.0],[111.0],[572.0],[572.0],[785.0],[420.0],[785.0],[287.0],[870.0],[454.0],[778.0],[111.0],[380.0],[316.0],[279.0],[873.0],[929.0],[572.0],[744.0],[841.0],[287.0],[598.0],[778.0],[812.0],[901.0],[870.0],[512.0],[279.0],[111.0],[929.0],[143.0],[225.0],[342.0],[818.0],[766.0],[731.0]
876,[873.0],[114.0],[111.0],[114.0],[785.0],[873.0],[726.0],[617.0],[969.0],[572.0],[744.0],[997.0],[202.0],[622.0],[863.0],[562.0],[562.0],[542.0],[778.0],[969.0],[114.0],[671.0],[542.0],[812.0],[342.0],[863.0],[826.0],[528.0],[997.0],[542.0],[268.0],[572.0],[482.0],[873.0],[143.0],[454.0],[6.0],[49.0],[286.0],[179.0],[588.0],[617.0],[287.0],[279.0],[731.0],[572.0],[908.0],[420.0],[731.0],[355.0],[598.0],[111.0],[812.0],[617.0],[671.0],[885.0],[598.0],[49.0],[221.0],[929.0],[812.0],[316.0],[287.0],[671.0],[342.0],[562.0],[766.0],[528.0],[542.0],[744.0],[542.0],[268.0],[512.0],[591.0],[598.0],[588.0],[44.0],[49.0],[929.0],[12.0],[766.0],[114.0],[512.0],[588.0],[268.0],[617.0],[873.0],[591.0],[380.0],[512.0],[388.0],[572.0],[268.0],[766.0],[286.0],[212.0],[114.0],[224.0],[863.0],[542.0]
877,[12.0],[528.0],[588.0],[929.0],[316.0],[617.0],[922.0],[268.0],[841.0],[528.0],[512.0],[179.0],[482.0],[482.0],[286.0],[287.0],[287.0],[873.0],[542.0],[841.0],[812.0],[744.0],[873.0],[316.0],[114.0],[279.0],[47.0],[772.0],[6.0],[873.0],[391.0],[454.0],[420.0],[12.0],[202.0],[908.0],[156.0],[454.0],[482.0],[380.0],[356.0],[873.0],[588.0],[929.0],[778.0],[342.0],[812.0],[818.0],[598.0],[562.0],[617.0],[391.0],[342.0],[391.0],[202.0],[922.0],[391.0],[221.0],[598.0],[766.0],[591.0],[591.0],[598.0],[512.0],[114.0],[588.0],[528.0],[812.0],[778.0],[671.0],[778.0],[617.0],[854.0],[785.0],[12.0],[287.0],[870.0],[454.0],[766.0],[221.0],[572.0],[929.0],[380.0],[893.0],[391.0],[588.0],[542.0],[316.0],[44.0],[901.0],[818.0],[49.0],[588.0],[357.0],[49.0],[880.0],[766.0],[671.0],[388.0],[778.0]
878,[316.0],[929.0],[562.0],[812.0],[542.0],[12.0],[997.0],[731.0],[893.0],[342.0],[901.0],[726.0],[357.0],[420.0],[224.0],[268.0],[355.0],[817.0],[817.0],[116.0],[591.0],[512.0],[12.0],[49.0],[929.0],[572.0],[853.0],[766.0],[870.0],[12.0],[542.0],[528.0],[388.0],[598.0],[286.0],[528.0],[726.0],[342.0],[420.0],[44.0],[355.0],[111.0],[356.0],[572.0],[873.0],[114.0],[114.0],[671.0],[617.0],[116.0],[873.0],[731.0],[114.0],[731.0],[482.0],[997.0],[617.0],[454.0],[731.0],[528.0],[785.0],[785.0],[268.0],[901.0],[929.0],[611.0],[863.0],[929.0],[873.0],[357.0],[817.0],[111.0],[734.0],[542.0],[617.0],[611.0],[854.0],[812.0],[863.0],[598.0],[528.0],[766.0],[44.0],[611.0],[731.0],[356.0],[817.0],[785.0],[922.0],[380.0],[671.0],[454.0],[391.0],[622.0],[279.0],[826.0],[622.0],[357.0],[671.0],[873.0]
879,[542.0],[766.0],[287.0],[591.0],[49.0],[111.0],[870.0],[111.0],[799.0],[114.0],[388.0],[6.0],[622.0],[143.0],[279.0],[391.0],[268.0],[12.0],[873.0],[893.0],[785.0],[357.0],[817.0],[591.0],[279.0],[224.0],[972.0],[812.0],[156.0],[316.0],[731.0],[908.0],[744.0],[316.0],[482.0],[772.0],[998.0],[114.0],[744.0],[922.0],[786.0],[12.0],[355.0],[766.0],[12.0],[929.0],[929.0],[357.0],[778.0],[287.0],[12.0],[588.0],[591.0],[778.0],[420.0],[179.0],[111.0],[908.0],[778.0],[863.0],[342.0],[542.0],[391.0],[357.0],[766.0],[287.0],[772.0],[766.0],[12.0],[512.0],[873.0],[391.0],[388.0],[817.0],[111.0],[355.0],[922.0],[908.0],[572.0],[617.0],[772.0],[863.0],[854.0],[356.0],[778.0],[355.0],[12.0],[542.0],[997.0],[922.0],[901.0],[342.0],[778.0],[143.0],[572.0],[47.0],[143.0],[202.0],[224.0],[221.0]
880,[49.0],[863.0],[268.0],[766.0],[454.0],[588.0],[854.0],[588.0],[262.0],[929.0],[380.0],[156.0],[143.0],[279.0],[202.0],[731.0],[116.0],[221.0],[221.0],[799.0],[542.0],[901.0],[221.0],[785.0],[572.0],[202.0],[621.0],[591.0],[998.0],[49.0],[778.0],[772.0],[818.0],[49.0],[420.0],[812.0],[961.0],[812.0],[279.0],[726.0],[116.0],[588.0],[268.0],[528.0],[598.0],[766.0],[766.0],[744.0],[873.0],[268.0],[316.0],[611.0],[785.0],[111.0],[512.0],[726.0],[588.0],[342.0],[617.0],[772.0],[114.0],[221.0],[731.0],[622.0],[224.0],[268.0],[812.0],[591.0],[316.0],[901.0],[221.0],[731.0],[901.0],[908.0],[588.0],[116.0],[734.0],[342.0],[528.0],[316.0],[812.0],[224.0],[922.0],[799.0],[873.0],[116.0],[316.0],[49.0],[388.0],[997.0],[380.0],[114.0],[873.0],[863.0],[454.0],[853.0],[286.0],[482.0],[202.0],[598.0]
881,[454.0],[224.0],[611.0],[863.0],[817.0],[316.0],[6.0],[778.0],[786.0],[772.0],[818.0],[998.0],[420.0],[572.0],[572.0],[778.0],[391.0],[598.0],[12.0],[786.0],[929.0],[380.0],[316.0],[454.0],[766.0],[528.0],[480.0],[863.0],[854.0],[817.0],[873.0],[812.0],[671.0],[617.0],[744.0],[342.0],[844.0],[591.0],[512.0],[870.0],[562.0],[49.0],[391.0],[772.0],[617.0],[528.0],[591.0],[512.0],[12.0],[391.0],[49.0],[778.0],[929.0],[873.0],[357.0],[870.0],[611.0],[114.0],[873.0],[224.0],[929.0],[598.0],[617.0],[380.0],[772.0],[356.0],[224.0],[785.0],[817.0],[380.0],[598.0],[588.0],[380.0],[342.0],[316.0],[268.0],[388.0],[114.0],[772.0],[49.0],[863.0],[528.0],[997.0],[355.0],[111.0],[786.0],[49.0],[817.0],[818.0],[6.0],[44.0],[528.0],[12.0],[224.0],[908.0],[972.0],[863.0],[622.0],[420.0],[617.0]
882,[817.0],[202.0],[731.0],[785.0],[908.0],[49.0],[734.0],[611.0],[562.0],[812.0],[671.0],[961.0],[279.0],[528.0],[482.0],[873.0],[731.0],[617.0],[316.0],[262.0],[817.0],[44.0],[49.0],[542.0],[863.0],[482.0],[334.0],[785.0],[961.0],[454.0],[12.0],[785.0],[512.0],[454.0],[279.0],[591.0],[870.0],[785.0],[901.0],[997.0],[287.0],[454.0],[731.0],[863.0],[316.0],[772.0],[863.0],[901.0],[111.0],[731.0],[454.0],[356.0],[542.0],[588.0],[901.0],[854.0],[356.0],[929.0],[49.0],[812.0],[766.0],[617.0],[12.0],[44.0],[202.0],[391.0],[202.0],[863.0],[221.0],[622.0],[111.0],[778.0],[44.0],[114.0],[611.0],[391.0],[818.0],[591.0],[224.0],[454.0],[591.0],[202.0],[734.0],[116.0],[588.0],[262.0],[221.0],[454.0],[671.0],[854.0],[922.0],[772.0],[316.0],[202.0],[114.0],[621.0],[224.0],[143.0],[357.0],[12.0]
883,[221.0],[420.0],[356.0],[224.0],[342.0],[454.0],[156.0],[356.0],[43.0],[766.0],[357.0],[844.0],[572.0],[772.0],[420.0],[12.0],[262.0],[111.0],[49.0],[43.0],[766.0],[922.0],[454.0],[817.0],[528.0],[772.0],[122.0],[224.0],[734.0],[908.0],[316.0],[342.0],[380.0],[908.0],[528.0],[785.0],[527.0],[929.0],[572.0],[854.0],[268.0],[908.0],[778.0],[224.0],[111.0],[863.0],[785.0],[143.0],[588.0],[262.0],[111.0],[355.0],[817.0],[611.0],[380.0],[6.0],[731.0],[598.0],[454.0],[591.0],[863.0],[49.0],[316.0],[143.0],[812.0],[731.0],[482.0],[224.0],[598.0],[44.0],[588.0],[873.0],[818.0],[221.0],[356.0],[731.0],[671.0],[929.0],[202.0],[908.0],[224.0],[482.0],[6.0],[786.0],[611.0],[562.0],[454.0],[221.0],[357.0],[734.0],[997.0],[929.0],[611.0],[286.0],[929.0],[334.0],[202.0],[286.0],[744.0],[49.0]
884,[598.0],[744.0],[355.0],[202.0],[114.0],[908.0],[998.0],[355.0],[268.0],[863.0],[44.0],[870.0],[744.0],[812.0],[744.0],[617.0],[43.0],[49.0],[598.0],[562.0],[221.0],[997.0],[908.0],[221.0],[202.0],[812.0],[969.0],[202.0],[388.0],[221.0],[49.0],[114.0],[44.0],[111.0],[512.0],[114.0],[395.0],[542.0],[380.0],[734.0],[391.0],[611.0],[873.0],[202.0],[49.0],[812.0],[224.0],[286.0],[316.0],[778.0],[908.0],[116.0],[221.0],[12.0],[44.0],[734.0],[778.0],[617.0],[111.0],[785.0],[224.0],[111.0],[49.0],[922.0],[591.0],[116.0],[420.0],[542.0],[617.0],[143.0],[611.0],[12.0],[671.0],[929.0],[355.0],[778.0],[997.0],[766.0],[812.0],[342.0],[202.0],[420.0],[388.0],[262.0],[356.0],[43.0],[908.0],[598.0],[622.0],[388.0],[6.0],[766.0],[356.0],[572.0],[766.0],[969.0],[482.0],[420.0],[512.0],[454.0]
885,[617.0],[772.0],[116.0],[542.0],[221.0],[611.0],[388.0],[116.0],[982.0],[224.0],[922.0],[395.0],[512.0],[591.0],[528.0],[316.0],[778.0],[454.0],[908.0],[287.0],[598.0],[622.0],[598.0],[908.0],[482.0],[420.0],[181.0],[542.0],[844.0],[598.0],[817.0],[929.0],[922.0],[588.0],[772.0],[929.0],[74.0],[817.0],[528.0],[388.0],[262.0],[356.0],[12.0],[482.0],[588.0],[591.0],[542.0],[380.0],[611.0],[43.0],[588.0],[43.0],[598.0],[356.0],[922.0],[388.0],[355.0],[111.0],[588.0],[542.0],[202.0],[454.0],[454.0],[997.0],[785.0],[873.0],[591.0],[202.0],[454.0],[922.0],[12.0],[611.0],[922.0],[766.0],[116.0],[262.0],[6.0],[785.0],[591.0],[111.0],[482.0],[744.0],[818.0],[562.0],[355.0],[397.0],[342.0],[908.0],[286.0],[818.0],[357.0],[863.0],[49.0],[482.0],[772.0],[841.0],[420.0],[744.0],[901.0],[908.0]
886,[111.0],[812.0],[262.0],[482.0],[598.0],[342.0],[818.0],[873.0],[391.0],[202.0],[143.0],[74.0],[528.0],[785.0],[901.0],[49.0],[12.0],[908.0],[617.0],[982.0],[617.0],[143.0],[342.0],[114.0],[772.0],[744.0],[45.0],[817.0],[395.0],[617.0],[598.0],[542.0],[997.0],[342.0],[812.0],[542.0],[291.0],[766.0],[44.0],[818.0],[778.0],[342.0],[316.0],[420.0],[454.0],[224.0],[202.0],[44.0],[356.0],[982.0],[611.0],[873.0],[863.0],[316.0],[997.0],[671.0],[116.0],[588.0],[611.0],[202.0],[542.0],[908.0],[342.0],[6.0],[482.0],[12.0],[785.0],[482.0],[908.0],[997.0],[316.0],[316.0],[997.0],[863.0],[49.0],[873.0],[357.0],[863.0],[542.0],[611.0],[744.0],[772.0],[671.0],[43.0],[316.0],[225.0],[598.0],[617.0],[279.0],[156.0],[622.0],[812.0],[355.0],[528.0],[863.0],[480.0],[572.0],[512.0],[622.0],[111.0]
887,[588.0],[512.0],[778.0],[817.0],[929.0],[114.0],[671.0],[12.0],[397.0],[591.0],[997.0],[854.0],[772.0],[744.0],[380.0],[454.0],[982.0],[588.0],[111.0],[268.0],[111.0],[286.0],[617.0],[598.0],[812.0],[785.0],[809.0],[482.0],[818.0],[588.0],[908.0],[817.0],[357.0],[114.0],[591.0],[817.0],[266.0],[863.0],[772.0],[6.0],[43.0],[355.0],[262.0],[744.0],[908.0],[202.0],[482.0],[279.0],[49.0],[873.0],[356.0],[12.0],[617.0],[49.0],[622.0],[156.0],[262.0],[766.0],[356.0],[817.0],[817.0],[588.0],[114.0],[286.0],[420.0],[316.0],[744.0],[817.0],[342.0],[6.0],[49.0],[49.0],[156.0],[598.0],[454.0],[12.0],[156.0],[202.0],[817.0],[356.0],[785.0],[812.0],[357.0],[287.0],[116.0],[268.0],[617.0],[111.0],[6.0],[998.0],[156.0],[591.0],[454.0],[772.0],[224.0],[893.0],[528.0],[901.0],[380.0],[588.0]
888,[908.0],[901.0],[873.0],[221.0],[766.0],[356.0],[357.0],[316.0],[731.0],[482.0],[6.0],[734.0],[812.0],[542.0],[772.0],[111.0],[316.0],[611.0],[342.0],[397.0],[863.0],[6.0],[114.0],[617.0],[512.0],[512.0],[940.0],[420.0],[671.0],[342.0],[342.0],[766.0],[6.0],[929.0],[785.0],[863.0],[149.0],[202.0],[812.0],[156.0],[982.0],[116.0],[49.0],[512.0],[342.0],[785.0],[420.0],[922.0],[454.0],[12.0],[342.0],[982.0],[111.0],[454.0],[143.0],[357.0],[43.0],[863.0],[355.0],[598.0],[482.0],[611.0],[929.0],[279.0],[542.0],[49.0],[542.0],[420.0],[111.0],[156.0],[356.0],[454.0],[998.0],[617.0],[908.0],[43.0],[998.0],[542.0],[482.0],[355.0],[512.0],[512.0],[622.0],[268.0],[454.0],[731.0],[111.0],[588.0],[156.0],[961.0],[998.0],[785.0],[908.0],[420.0],[812.0],[799.0],[772.0],[279.0],[922.0],[342.0]
889,[611.0],[380.0],[43.0],[420.0],[863.0],[355.0],[622.0],[49.0],[778.0],[420.0],[286.0],[388.0],[591.0],[512.0],[44.0],[908.0],[49.0],[356.0],[588.0],[391.0],[224.0],[279.0],[929.0],[766.0],[591.0],[901.0],[841.0],[744.0],[74.0],[611.0],[617.0],[863.0],[143.0],[611.0],[542.0],[221.0],[735.0],[221.0],[591.0],[998.0],[873.0],[262.0],[43.0],[812.0],[929.0],[482.0],[744.0],[572.0],[908.0],[316.0],[114.0],[316.0],[588.0],[908.0],[6.0],[622.0],[12.0],[611.0],[116.0],[482.0],[744.0],[356.0],[766.0],[156.0],[817.0],[454.0],[512.0],[744.0],[588.0],[286.0],[355.0],[908.0],[357.0],[224.0],[342.0],[316.0],[622.0],[482.0],[221.0],[116.0],[901.0],[591.0],[156.0],[982.0],[908.0],[778.0],[114.0],[342.0],[998.0],[844.0],[961.0],[542.0],[116.0],[744.0],[202.0],[122.0],[744.0],[380.0],[997.0],[114.0]
890,[355.0],[591.0],[12.0],[744.0],[224.0],[116.0],[143.0],[454.0],[873.0],[785.0],[279.0],[818.0],[901.0],[817.0],[922.0],[342.0],[454.0],[355.0],[114.0],[731.0],[588.0],[156.0],[111.0],[863.0],[901.0],[542.0],[546.0],[512.0],[357.0],[114.0],[114.0],[221.0],[156.0],[356.0],[817.0],[598.0],[77.0],[482.0],[922.0],[671.0],[397.0],[114.0],[982.0],[591.0],[766.0],[542.0],[512.0],[528.0],[355.0],[49.0],[929.0],[49.0],[611.0],[355.0],[286.0],[998.0],[982.0],[224.0],[908.0],[617.0],[221.0],[114.0],[111.0],[572.0],[221.0],[908.0],[901.0],[221.0],[611.0],[279.0],[116.0],[342.0],[961.0],[202.0],[114.0],[49.0],[961.0],[420.0],[420.0],[262.0],[542.0],[901.0],[143.0],[391.0],[262.0],[880.0],[929.0],[611.0],[961.0],[527.0],[143.0],[817.0],[342.0],[812.0],[482.0],[786.0],[812.0],[44.0],[6.0],[611.0]
891,[342.0],[44.0],[982.0],[512.0],[617.0],[929.0],[961.0],[262.0],[12.0],[744.0],[998.0],[291.0],[785.0],[901.0],[997.0],[114.0],[908.0],[116.0],[929.0],[225.0],[611.0],[572.0],[588.0],[224.0],[785.0],[817.0],[775.0],[901.0],[291.0],[356.0],[588.0],[598.0],[286.0],[766.0],[221.0],[224.0],[177.0],[598.0],[785.0],[357.0],[225.0],[43.0],[397.0],[901.0],[611.0],[817.0],[901.0],[997.0],[342.0],[454.0],[355.0],[397.0],[224.0],[116.0],[279.0],[143.0],[397.0],[356.0],[342.0],[111.0],[512.0],[355.0],[588.0],[528.0],[598.0],[262.0],[380.0],[512.0],[114.0],[572.0],[454.0],[356.0],[622.0],[111.0],[262.0],[454.0],[844.0],[744.0],[598.0],[43.0],[817.0],[380.0],[998.0],[778.0],[43.0],[47.0],[588.0],[114.0],[572.0],[671.0],[286.0],[221.0],[114.0],[512.0],[744.0],[181.0],[512.0],[572.0],[156.0],[929.0]
892,[116.0],[922.0],[316.0],[901.0],[202.0],[262.0],[844.0],[342.0],[316.0],[512.0],[572.0],[671.0],[380.0],[380.0],[812.0],[588.0],[225.0],[262.0],[766.0],[880.0],[356.0],[998.0],[766.0],[111.0],[542.0],[221.0],[893.0],[380.0],[622.0],[929.0],[611.0],[224.0],[998.0],[863.0],[598.0],[617.0],[455.0],[617.0],[997.0],[622.0],[880.0],[929.0],[454.0],[785.0],[863.0],[221.0],[817.0],[772.0],[116.0],[908.0],[766.0],[454.0],[202.0],[262.0],[572.0],[961.0],[316.0],[202.0],[262.0],[420.0],[901.0],[929.0],[611.0],[998.0],[617.0],[43.0],[817.0],[901.0],[356.0],[998.0],[908.0],[116.0],[143.0],[482.0],[43.0],[982.0],[527.0],[817.0],[901.0],[114.0],[380.0],[785.0],[961.0],[225.0],[342.0],[972.0],[766.0],[929.0],[844.0],[395.0],[279.0],[617.0],[262.0],[901.0],[512.0],[562.0],[785.0],[922.0],[998.0],[356.0]
893,[114.0],[997.0],[49.0],[598.0],[482.0],[43.0],[286.0],[43.0],[49.0],[901.0],[961.0],[266.0],[922.0],[44.0],[6.0],[929.0],[342.0],[342.0],[863.0],[47.0],[202.0],[528.0],[611.0],[202.0],[380.0],[380.0],[368.0],[44.0],[143.0],[355.0],[929.0],[202.0],[279.0],[355.0],[617.0],[202.0],[62.0],[420.0],[6.0],[961.0],[47.0],[766.0],[908.0],[380.0],[224.0],[598.0],[380.0],[6.0],[262.0],[342.0],[863.0],[908.0],[482.0],[43.0],[528.0],[286.0],[49.0],[482.0],[43.0],[588.0],[44.0],[766.0],[863.0],[772.0],[744.0],[342.0],[221.0],[598.0],[355.0],[528.0],[262.0],[262.0],[844.0],[420.0],[929.0],[908.0],[395.0],[221.0],[380.0],[982.0],[221.0],[44.0],[286.0],[873.0],[114.0],[873.0],[611.0],[766.0],[528.0],[74.0],[572.0],[224.0],[929.0],[591.0],[591.0],[45.0],[901.0],[528.0],[286.0],[355.0]
894,[766.0],[6.0],[454.0],[380.0],[111.0],[982.0],[527.0],[982.0],[225.0],[380.0],[844.0],[149.0],[542.0],[221.0],[591.0],[356.0],[114.0],[43.0],[224.0],[778.0],[355.0],[772.0],[863.0],[482.0],[922.0],[44.0],[799.0],[922.0],[266.0],[766.0],[766.0],[482.0],[572.0],[224.0],[901.0],[482.0],[854.0],[111.0],[156.0],[143.0],[972.0],[982.0],[225.0],[44.0],[202.0],[420.0],[44.0],[156.0],[43.0],[397.0],[224.0],[225.0],[420.0],[982.0],[156.0],[844.0],[454.0],[355.0],[982.0],[611.0],[598.0],[863.0],[224.0],[961.0],[512.0],[114.0],[44.0],[380.0],[116.0],[961.0],[43.0],[43.0],[527.0],[744.0],[766.0],[397.0],[143.0],[512.0],[44.0],[397.0],[598.0],[542.0],[279.0],[880.0],[929.0],[480.0],[863.0],[356.0],[772.0],[357.0],[844.0],[111.0],[43.0],[380.0],[901.0],[809.0],[44.0],[772.0],[961.0],[116.0]
895,[262.0],[156.0],[908.0],[617.0],[588.0],[766.0],[279.0],[114.0],[880.0],[542.0],[527.0],[357.0],[817.0],[598.0],[785.0],[766.0],[880.0],[982.0],[420.0],[873.0],[482.0],[812.0],[224.0],[588.0],[817.0],[598.0],[786.0],[221.0],[149.0],[116.0],[863.0],[420.0],[961.0],[116.0],[111.0],[111.0],[648.0],[588.0],[998.0],[844.0],[12.0],[863.0],[342.0],[542.0],[356.0],[617.0],[221.0],[998.0],[114.0],[225.0],[116.0],[342.0],[744.0],[342.0],[772.0],[279.0],[908.0],[420.0],[114.0],[356.0],[922.0],[224.0],[202.0],[812.0],[901.0],[982.0],[598.0],[617.0],[863.0],[844.0],[342.0],[982.0],[395.0],[588.0],[863.0],[225.0],[286.0],[901.0],[922.0],[929.0],[44.0],[922.0],[572.0],[480.0],[982.0],[316.0],[224.0],[863.0],[812.0],[622.0],[528.0],[202.0],[982.0],[44.0],[380.0],[287.0],[542.0],[812.0],[844.0],[262.0]
896,[863.0],[785.0],[397.0],[44.0],[420.0],[397.0],[572.0],[397.0],[972.0],[817.0],[395.0],[622.0],[221.0],[922.0],[156.0],[116.0],[929.0],[929.0],[611.0],[12.0],[420.0],[785.0],[202.0],[420.0],[221.0],[617.0],[562.0],[997.0],[735.0],[262.0],[224.0],[744.0],[844.0],[202.0],[380.0],[420.0],[643.0],[744.0],[961.0],[286.0],[480.0],[224.0],[880.0],[922.0],[482.0],[744.0],[922.0],[812.0],[982.0],[880.0],[202.0],[880.0],[512.0],[397.0],[812.0],[572.0],[342.0],[744.0],[929.0],[744.0],[997.0],[116.0],[356.0],[591.0],[111.0],[929.0],[997.0],[44.0],[224.0],[772.0],[982.0],[114.0],[74.0],[611.0],[982.0],[880.0],[279.0],[380.0],[617.0],[225.0],[922.0],[997.0],[527.0],[122.0],[766.0],[122.0],[355.0],[355.0],[527.0],[143.0],[772.0],[588.0],[766.0],[785.0],[785.0],[940.0],[997.0],[591.0],[527.0],[766.0]
897,[43.0],[542.0],[342.0],[111.0],[611.0],[225.0],[528.0],[929.0],[480.0],[922.0],[74.0],[143.0],[598.0],[6.0],[817.0],[863.0],[766.0],[397.0],[356.0],[316.0],[744.0],[961.0],[355.0],[744.0],[598.0],[922.0],[415.0],[6.0],[286.0],[43.0],[356.0],[512.0],[528.0],[482.0],[44.0],[588.0],[734.0],[512.0],[542.0],[527.0],[316.0],[202.0],[114.0],[997.0],[420.0],[111.0],[997.0],[961.0],[929.0],[114.0],[262.0],[114.0],[356.0],[225.0],[785.0],[528.0],[225.0],[116.0],[766.0],[512.0],[6.0],[202.0],[355.0],[844.0],[380.0],[766.0],[6.0],[922.0],[262.0],[812.0],[114.0],[397.0],[286.0],[356.0],[224.0],[342.0],[74.0],[44.0],[997.0],[766.0],[617.0],[6.0],[528.0],[12.0],[397.0],[49.0],[202.0],[116.0],[395.0],[286.0],[527.0],[611.0],[397.0],[922.0],[44.0],[391.0],[817.0],[785.0],[279.0],[863.0]
898,[224.0],[817.0],[225.0],[922.0],[744.0],[863.0],[772.0],[225.0],[122.0],[221.0],[528.0],[735.0],[617.0],[156.0],[221.0],[262.0],[47.0],[225.0],[744.0],[972.0],[512.0],[844.0],[116.0],[611.0],[617.0],[111.0],[401.0],[156.0],[77.0],[982.0],[202.0],[617.0],[772.0],[262.0],[922.0],[744.0],[818.0],[611.0],[844.0],[395.0],[49.0],[397.0],[929.0],[6.0],[355.0],[512.0],[6.0],[591.0],[397.0],[47.0],[43.0],[929.0],[901.0],[880.0],[542.0],[772.0],[114.0],[512.0],[397.0],[355.0],[617.0],[262.0],[482.0],[785.0],[44.0],[863.0],[156.0],[997.0],[202.0],[591.0],[929.0],[225.0],[266.0],[355.0],[397.0],[47.0],[572.0],[598.0],[6.0],[863.0],[997.0],[156.0],[395.0],[316.0],[225.0],[181.0],[482.0],[262.0],[591.0],[291.0],[395.0],[482.0],[225.0],[817.0],[542.0],[731.0],[6.0],[6.0],[395.0],[224.0]
899,[982.0],[221.0],[114.0],[997.0],[901.0],[880.0],[812.0],[766.0],[181.0],[997.0],[772.0],[77.0],[6.0],[998.0],[598.0],[224.0],[972.0],[766.0],[512.0],[480.0],[116.0],[527.0],[482.0],[356.0],[111.0],[997.0],[574.0],[998.0],[279.0],[397.0],[482.0],[901.0],[527.0],[420.0],[588.0],[512.0],[671.0],[356.0],[527.0],[74.0],[122.0],[482.0],[766.0],[156.0],[744.0],[588.0],[598.0],[785.0],[225.0],[929.0],[482.0],[47.0],[355.0],[114.0],[817.0],[527.0],[929.0],[262.0],[225.0],[901.0],[156.0],[482.0],[420.0],[527.0],[922.0],[397.0],[617.0],[111.0],[482.0],[785.0],[397.0],[929.0],[279.0],[512.0],[202.0],[972.0],[291.0],[922.0],[156.0],[880.0],[111.0],[998.0],[266.0],[49.0],[863.0],[454.0],[420.0],[43.0],[74.0],[279.0],[74.0],[744.0],[863.0],[997.0],[922.0],[778.0],[221.0],[156.0],[528.0],[202.0]
900,[397.0],[598.0],[880.0],[588.0],[380.0],[47.0],[591.0],[880.0],[908.0],[598.0],[812.0],[177.0],[111.0],[961.0],[617.0],[420.0],[863.0],[880.0],[355.0],[122.0],[901.0],[395.0],[420.0],[355.0],[997.0],[588.0],[268.0],[961.0],[177.0],[863.0],[420.0],[380.0],[812.0],[744.0],[611.0],[356.0],[357.0],[380.0],[817.0],[291.0],[181.0],[225.0],[47.0],[817.0],[512.0],[901.0],[617.0],[844.0],[766.0],[972.0],[982.0],[766.0],[116.0],[47.0],[998.0],[395.0],[766.0],[43.0],[880.0],[116.0],[111.0],[43.0],[512.0],[542.0],[997.0],[224.0],[111.0],[6.0],[420.0],[542.0],[766.0],[766.0],[572.0],[901.0],[225.0],[480.0],[528.0],[997.0],[998.0],[224.0],[588.0],[817.0],[149.0],[181.0],[224.0],[45.0],[116.0],[224.0],[785.0],[266.0],[291.0],[356.0],[880.0],[221.0],[997.0],[873.0],[156.0],[542.0],[74.0],[482.0]
901,[225.0],[617.0],[929.0],[611.0],[356.0],[224.0],[785.0],[863.0],[45.0],[617.0],[591.0],[286.0],[588.0],[617.0],[998.0],[744.0],[480.0],[863.0],[901.0],[181.0],[380.0],[74.0],[744.0],[512.0],[588.0],[156.0],[391.0],[598.0],[455.0],[224.0],[262.0],[588.0],[591.0],[512.0],[356.0],[901.0],[175.0],[44.0],[221.0],[266.0],[45.0],[880.0],[863.0],[998.0],[116.0],[380.0],[111.0],[527.0],[863.0],[480.0],[420.0],[863.0],[262.0],[929.0],[598.0],[74.0],[880.0],[982.0],[47.0],[262.0],[998.0],[420.0],[901.0],[817.0],[6.0],[202.0],[588.0],[156.0],[744.0],[527.0],[225.0],[880.0],[528.0],[380.0],[880.0],[114.0],[266.0],[156.0],[961.0],[202.0],[6.0],[961.0],[735.0],[908.0],[202.0],[809.0],[262.0],[982.0],[542.0],[572.0],[266.0],[512.0],[224.0],[6.0],[6.0],[12.0],[998.0],[998.0],[291.0],[420.0]
902,[202.0],[111.0],[766.0],[6.0],[355.0],[202.0],[395.0],[47.0],[342.0],[6.0],[291.0],[455.0],[156.0],[111.0],[111.0],[512.0],[122.0],[224.0],[380.0],[45.0],[44.0],[291.0],[512.0],[380.0],[6.0],[611.0],[569.0],[617.0],[62.0],[202.0],[744.0],[356.0],[785.0],[901.0],[997.0],[116.0],[622.0],[997.0],[395.0],[735.0],[809.0],[47.0],[202.0],[961.0],[901.0],[611.0],[156.0],[395.0],[224.0],[122.0],[397.0],[224.0],[43.0],[766.0],[961.0],[291.0],[47.0],[901.0],[863.0],[43.0],[588.0],[982.0],[116.0],[395.0],[156.0],[482.0],[611.0],[998.0],[43.0],[395.0],[880.0],[863.0],[772.0],[44.0],[47.0],[45.0],[149.0],[998.0],[844.0],[482.0],[611.0],[844.0],[772.0],[342.0],[482.0],[940.0],[43.0],[397.0],[817.0],[149.0],[812.0],[901.0],[47.0],[156.0],[817.0],[49.0],[598.0],[817.0],[772.0],[43.0]
903,[482.0],[588.0],[47.0],[156.0],[116.0],[972.0],[817.0],[224.0],[809.0],[111.0],[785.0],[62.0],[611.0],[844.0],[961.0],[901.0],[224.0],[202.0],[44.0],[809.0],[262.0],[266.0],[262.0],[116.0],[156.0],[356.0],[473.0],[844.0],[572.0],[482.0],[43.0],[355.0],[542.0],[43.0],[355.0],[380.0],[143.0],[355.0],[598.0],[279.0],[454.0],[420.0],[972.0],[221.0],[380.0],[356.0],[998.0],[74.0],[880.0],[766.0],[225.0],[202.0],[380.0],[863.0],[844.0],[812.0],[972.0],[380.0],[224.0],[380.0],[611.0],[397.0],[262.0],[74.0],[588.0],[225.0],[998.0],[588.0],[512.0],[817.0],[863.0],[224.0],[812.0],[922.0],[482.0],[929.0],[735.0],[961.0],[527.0],[420.0],[356.0],[527.0],[812.0],[114.0],[880.0],[546.0],[982.0],[225.0],[221.0],[528.0],[591.0],[44.0],[972.0],[998.0],[221.0],[454.0],[617.0],[221.0],[812.0],[744.0]
904,[420.0],[611.0],[863.0],[356.0],[262.0],[480.0],[74.0],[202.0],[114.0],[156.0],[266.0],[648.0],[998.0],[588.0],[844.0],[380.0],[181.0],[47.0],[116.0],[49.0],[922.0],[542.0],[901.0],[44.0],[998.0],[998.0],[121.0],[111.0],[528.0],[225.0],[512.0],[116.0],[817.0],[397.0],[116.0],[44.0],[286.0],[116.0],[74.0],[77.0],[908.0],[744.0],[482.0],[598.0],[44.0],[44.0],[961.0],[291.0],[47.0],[181.0],[880.0],[482.0],[44.0],[202.0],[617.0],[266.0],[863.0],[44.0],[482.0],[44.0],[961.0],[744.0],[43.0],[221.0],[998.0],[880.0],[961.0],[961.0],[901.0],[221.0],[47.0],[202.0],[591.0],[997.0],[420.0],[809.0],[77.0],[617.0],[395.0],[47.0],[355.0],[395.0],[77.0],[929.0],[420.0],[775.0],[744.0],[880.0],[291.0],[772.0],[785.0],[355.0],[202.0],[961.0],[998.0],[908.0],[588.0],[598.0],[591.0],[512.0]
905,[744.0],[998.0],[224.0],[355.0],[44.0],[122.0],[291.0],[482.0],[929.0],[588.0],[542.0],[279.0],[961.0],[527.0],[527.0],[43.0],[45.0],[482.0],[262.0],[454.0],[43.0],[149.0],[380.0],[922.0],[611.0],[355.0],[731.0],[588.0],[772.0],[880.0],[901.0],[44.0],[598.0],[225.0],[262.0],[262.0],[279.0],[6.0],[291.0],[177.0],[342.0],[512.0],[480.0],[617.0],[922.0],[922.0],[588.0],[266.0],[202.0],[45.0],[744.0],[972.0],[982.0],[482.0],[527.0],[149.0],[224.0],[922.0],[972.0],[922.0],[356.0],[512.0],[380.0],[291.0],[611.0],[420.0],[844.0],[611.0],[380.0],[598.0],[224.0],[47.0],[149.0],[6.0],[972.0],[940.0],[772.0],[111.0],[74.0],[744.0],[116.0],[74.0],[177.0],[45.0],[744.0],[908.0],[397.0],[202.0],[266.0],[735.0],[542.0],[922.0],[482.0],[844.0],[598.0],[342.0],[961.0],[617.0],[785.0],[901.0]
906,[512.0],[961.0],[202.0],[998.0],[43.0],[482.0],[266.0],[972.0],[766.0],[961.0],[817.0],[643.0],[844.0],[611.0],[588.0],[44.0],[202.0],[972.0],[922.0],[908.0],[982.0],[735.0],[922.0],[262.0],[356.0],[116.0],[778.0],[611.0],[648.0],[420.0],[380.0],[262.0],[617.0],[380.0],[6.0],[43.0],[572.0],[156.0],[266.0],[455.0],[114.0],[972.0],[122.0],[844.0],[997.0],[997.0],[611.0],[542.0],[482.0],[863.0],[512.0],[420.0],[922.0],[420.0],[395.0],[591.0],[202.0],[997.0],[420.0],[982.0],[844.0],[225.0],[44.0],[598.0],[961.0],[47.0],[356.0],[844.0],[44.0],[74.0],[972.0],[972.0],[785.0],[998.0],[744.0],[546.0],[591.0],[588.0],[291.0],[512.0],[262.0],[221.0],[591.0],[766.0],[512.0],[342.0],[512.0],[482.0],[149.0],[812.0],[817.0],[997.0],[480.0],[527.0],[961.0],[546.0],[844.0],[961.0],[542.0],[380.0]
907,[901.0],[844.0],[972.0],[116.0],[982.0],[420.0],[149.0],[420.0],[940.0],[611.0],[149.0],[572.0],[527.0],[356.0],[395.0],[982.0],[482.0],[420.0],[997.0],[940.0],[997.0],[77.0],[997.0],[43.0],[961.0],[262.0],[873.0],[356.0],[812.0],[47.0],[44.0],[922.0],[74.0],[44.0],[156.0],[922.0],[295.0],[262.0],[617.0],[62.0],[929.0],[901.0],[420.0],[527.0],[6.0],[355.0],[844.0],[149.0],[420.0],[809.0],[901.0],[744.0],[997.0],[744.0],[74.0],[735.0],[480.0],[6.0],[744.0],[997.0],[527.0],[880.0],[997.0],[266.0],[844.0],[972.0],[527.0],[356.0],[982.0],[617.0],[181.0],[480.0],[735.0],[116.0],[480.0],[766.0],[785.0],[844.0],[111.0],[901.0],[156.0],[291.0],[785.0],[863.0],[47.0],[368.0],[901.0],[420.0],[598.0],[77.0],[149.0],[6.0],[420.0],[598.0],[844.0],[775.0],[611.0],[844.0],[817.0],[44.0]
908,[380.0],[356.0],[480.0],[961.0],[922.0],[181.0],[221.0],[480.0],[546.0],[356.0],[221.0],[528.0],[356.0],[355.0],[74.0],[922.0],[420.0],[480.0],[6.0],[342.0],[6.0],[177.0],[6.0],[997.0],[844.0],[961.0],[12.0],[527.0],[643.0],[744.0],[982.0],[43.0],[291.0],[880.0],[998.0],[997.0],[528.0],[998.0],[111.0],[648.0],[766.0],[380.0],[744.0],[111.0],[262.0],[6.0],[356.0],[735.0],[744.0],[940.0],[44.0],[512.0],[6.0],[972.0],[291.0],[785.0],[482.0],[156.0],[480.0],[397.0],[355.0],[380.0],[982.0],[617.0],[527.0],[480.0],[395.0],[527.0],[397.0],[291.0],[202.0],[122.0],[542.0],[844.0],[512.0],[775.0],[177.0],[527.0],[266.0],[380.0],[43.0],[266.0],[455.0],[809.0],[901.0],[415.0],[225.0],[47.0],[735.0],[177.0],[221.0],[156.0],[744.0],[395.0],[74.0],[766.0],[527.0],[111.0],[266.0],[922.0]
909,[44.0],[527.0],[482.0],[262.0],[997.0],[744.0],[598.0],[122.0],[775.0],[355.0],[735.0],[772.0],[355.0],[395.0],[611.0],[397.0],[809.0],[122.0],[156.0],[114.0],[397.0],[455.0],[982.0],[982.0],[527.0],[43.0],[657.0],[355.0],[591.0],[512.0],[225.0],[982.0],[266.0],[922.0],[43.0],[397.0],[772.0],[43.0],[149.0],[572.0],[940.0],[480.0],[181.0],[395.0],[43.0],[156.0],[527.0],[817.0],[972.0],[546.0],[922.0],[480.0],[397.0],[901.0],[111.0],[542.0],[420.0],[397.0],[122.0],[225.0],[116.0],[44.0],[397.0],[111.0],[395.0],[744.0],[355.0],[355.0],[225.0],[111.0],[940.0],[181.0],[817.0],[262.0],[901.0],[368.0],[542.0],[611.0],[149.0],[972.0],[982.0],[149.0],[542.0],[224.0],[480.0],[114.0],[880.0],[972.0],[77.0],[455.0],[598.0],[116.0],[512.0],[74.0],[291.0],[368.0],[356.0],[395.0],[221.0],[982.0]
910,[922.0],[395.0],[122.0],[43.0],[6.0],[512.0],[735.0],[512.0],[863.0],[844.0],[77.0],[175.0],[116.0],[116.0],[356.0],[6.0],[744.0],[744.0],[43.0],[929.0],[156.0],[817.0],[397.0],[397.0],[395.0],[844.0],[222.0],[395.0],[175.0],[972.0],[880.0],[6.0],[149.0],[997.0],[961.0],[225.0],[222.0],[961.0],[588.0],[528.0],[863.0],[44.0],[512.0],[588.0],[156.0],[116.0],[355.0],[221.0],[512.0],[224.0],[47.0],[181.0],[225.0],[480.0],[266.0],[77.0],[181.0],[225.0],[512.0],[880.0],[262.0],[47.0],[6.0],[588.0],[356.0],[122.0],[116.0],[116.0],[922.0],[266.0],[546.0],[45.0],[77.0],[43.0],[122.0],[415.0],[817.0],[356.0],[588.0],[480.0],[397.0],[735.0],[62.0],[940.0],[380.0],[929.0],[380.0],[512.0],[617.0],[62.0],[617.0],[998.0],[122.0],[291.0],[617.0],[415.0],[395.0],[74.0],[598.0],[397.0]
911,[997.0],[74.0],[420.0],[844.0],[397.0],[45.0],[617.0],[181.0],[224.0],[527.0],[598.0],[812.0],[395.0],[74.0],[291.0],[156.0],[940.0],[181.0],[998.0],[766.0],[998.0],[62.0],[156.0],[225.0],[355.0],[527.0],[295.0],[116.0],[295.0],[480.0],[47.0],[156.0],[735.0],[47.0],[982.0],[880.0],[657.0],[982.0],[611.0],[772.0],[224.0],[922.0],[901.0],[74.0],[982.0],[998.0],[395.0],[598.0],[901.0],[775.0],[997.0],[45.0],[156.0],[122.0],[149.0],[177.0],[744.0],[880.0],[45.0],[47.0],[395.0],[972.0],[998.0],[611.0],[74.0],[181.0],[74.0],[262.0],[880.0],[588.0],[482.0],[482.0],[221.0],[527.0],[380.0],[863.0],[455.0],[355.0],[611.0],[44.0],[998.0],[77.0],[817.0],[202.0],[122.0],[401.0],[47.0],[480.0],[177.0],[591.0],[111.0],[961.0],[181.0],[588.0],[111.0],[401.0],[74.0],[588.0],[149.0],[997.0]
912,[880.0],[291.0],[744.0],[527.0],[156.0],[809.0],[77.0],[901.0],[368.0],[116.0],[177.0],[591.0],[43.0],[262.0],[355.0],[225.0],[512.0],[512.0],[961.0],[863.0],[225.0],[221.0],[998.0],[6.0],[116.0],[982.0],[316.0],[262.0],[785.0],[380.0],[972.0],[998.0],[111.0],[6.0],[397.0],[6.0],[121.0],[397.0],[735.0],[643.0],[202.0],[122.0],[380.0],[291.0],[397.0],[262.0],[74.0],[77.0],[380.0],[202.0],[6.0],[901.0],[998.0],[181.0],[588.0],[817.0],[45.0],[998.0],[901.0],[972.0],[43.0],[480.0],[225.0],[356.0],[355.0],[45.0],[262.0],[395.0],[47.0],[611.0],[775.0],[420.0],[177.0],[395.0],[922.0],[401.0],[62.0],[116.0],[735.0],[922.0],[961.0],[177.0],[221.0],[482.0],[44.0],[766.0],[44.0],[122.0],[111.0],[785.0],[735.0],[262.0],[901.0],[611.0],[266.0],[574.0],[355.0],[291.0],[735.0],[225.0]
913,[6.0],[355.0],[181.0],[395.0],[225.0],[940.0],[111.0],[380.0],[415.0],[395.0],[455.0],[785.0],[982.0],[43.0],[266.0],[998.0],[546.0],[901.0],[844.0],[224.0],[961.0],[648.0],[961.0],[156.0],[74.0],[395.0],[49.0],[43.0],[222.0],[122.0],[922.0],[961.0],[588.0],[972.0],[225.0],[156.0],[186.0],[225.0],[77.0],[812.0],[546.0],[181.0],[45.0],[611.0],[225.0],[43.0],[291.0],[617.0],[480.0],[482.0],[972.0],[380.0],[880.0],[380.0],[611.0],[455.0],[512.0],[961.0],[380.0],[6.0],[74.0],[922.0],[961.0],[149.0],[116.0],[809.0],[43.0],[43.0],[972.0],[356.0],[368.0],[744.0],[598.0],[74.0],[997.0],[224.0],[648.0],[395.0],[356.0],[997.0],[844.0],[598.0],[648.0],[546.0],[922.0],[863.0],[972.0],[181.0],[588.0],[542.0],[77.0],[844.0],[380.0],[266.0],[149.0],[863.0],[291.0],[266.0],[77.0],[6.0]
914,[998.0],[116.0],[901.0],[74.0],[998.0],[901.0],[177.0],[45.0],[401.0],[262.0],[617.0],[295.0],[397.0],[291.0],[116.0],[880.0],[775.0],[45.0],[982.0],[202.0],[844.0],[598.0],[844.0],[880.0],[262.0],[397.0],[454.0],[982.0],[542.0],[44.0],[997.0],[397.0],[77.0],[156.0],[880.0],[998.0],[812.0],[880.0],[177.0],[175.0],[775.0],[997.0],[922.0],[266.0],[880.0],[527.0],[262.0],[177.0],[122.0],[420.0],[480.0],[809.0],[961.0],[44.0],[735.0],[62.0],[809.0],[47.0],[809.0],[156.0],[982.0],[997.0],[844.0],[355.0],[291.0],[512.0],[291.0],[982.0],[480.0],[355.0],[420.0],[809.0],[617.0],[982.0],[6.0],[574.0],[221.0],[74.0],[77.0],[122.0],[225.0],[455.0],[643.0],[775.0],[997.0],[574.0],[922.0],[901.0],[455.0],[648.0],[177.0],[527.0],[44.0],[356.0],[588.0],[224.0],[266.0],[149.0],[617.0],[47.0]
915,[961.0],[262.0],[45.0],[291.0],[961.0],[380.0],[588.0],[44.0],[202.0],[74.0],[111.0],[222.0],[225.0],[982.0],[149.0],[961.0],[901.0],[380.0],[527.0],[546.0],[527.0],[643.0],[527.0],[47.0],[291.0],[74.0],[908.0],[74.0],[817.0],[181.0],[480.0],[225.0],[177.0],[480.0],[47.0],[844.0],[473.0],[47.0],[356.0],[591.0],[368.0],[6.0],[997.0],[356.0],[47.0],[982.0],[266.0],[455.0],[181.0],[368.0],[156.0],[44.0],[844.0],[45.0],[77.0],[648.0],[901.0],[972.0],[940.0],[480.0],[291.0],[6.0],[880.0],[116.0],[266.0],[901.0],[266.0],[397.0],[122.0],[116.0],[744.0],[940.0],[455.0],[291.0],[156.0],[202.0],[643.0],[291.0],[355.0],[181.0],[527.0],[62.0],[175.0],[368.0],[181.0],[569.0],[6.0],[45.0],[611.0],[817.0],[588.0],[395.0],[922.0],[149.0],[735.0],[202.0],[149.0],[611.0],[177.0],[972.0]
916,[47.0],[266.0],[380.0],[982.0],[844.0],[546.0],[455.0],[809.0],[482.0],[291.0],[62.0],[657.0],[880.0],[266.0],[262.0],[527.0],[368.0],[44.0],[397.0],[420.0],[395.0],[175.0],[395.0],[972.0],[43.0],[225.0],[175.0],[291.0],[657.0],[45.0],[6.0],[844.0],[455.0],[961.0],[844.0],[47.0],[569.0],[972.0],[355.0],[657.0],[415.0],[156.0],[6.0],[355.0],[998.0],[395.0],[43.0],[62.0],[45.0],[744.0],[998.0],[940.0],[527.0],[922.0],[356.0],[643.0],[940.0],[844.0],[546.0],[122.0],[266.0],[156.0],[527.0],[735.0],[149.0],[940.0],[982.0],[225.0],[181.0],[149.0],[512.0],[512.0],[111.0],[266.0],[998.0],[569.0],[175.0],[266.0],[116.0],[45.0],[395.0],[648.0],[295.0],[415.0],[45.0],[473.0],[480.0],[380.0],[62.0],[221.0],[611.0],[43.0],[45.0],[355.0],[177.0],[482.0],[116.0],[356.0],[455.0],[156.0]
917,[972.0],[149.0],[922.0],[266.0],[880.0],[44.0],[62.0],[940.0],[420.0],[266.0],[648.0],[121.0],[47.0],[149.0],[43.0],[395.0],[380.0],[922.0],[225.0],[744.0],[880.0],[295.0],[880.0],[480.0],[266.0],[880.0],[643.0],[397.0],[121.0],[809.0],[998.0],[527.0],[648.0],[122.0],[527.0],[527.0],[591.0],[480.0],[455.0],[785.0],[482.0],[45.0],[156.0],[149.0],[961.0],[74.0],[149.0],[111.0],[44.0],[512.0],[122.0],[922.0],[47.0],[997.0],[177.0],[295.0],[380.0],[527.0],[44.0],[961.0],[397.0],[998.0],[47.0],[77.0],[262.0],[380.0],[149.0],[880.0],[997.0],[735.0],[415.0],[901.0],[62.0],[149.0],[181.0],[473.0],[598.0],[149.0],[262.0],[6.0],[74.0],[643.0],[598.0],[420.0],[809.0],[224.0],[156.0],[44.0],[648.0],[643.0],[356.0],[74.0],[997.0],[735.0],[455.0],[420.0],[262.0],[735.0],[111.0],[961.0]
918,[480.0],[735.0],[997.0],[149.0],[527.0],[922.0],[611.0],[922.0],[744.0],[43.0],[643.0],[186.0],[74.0],[735.0],[982.0],[47.0],[415.0],[6.0],[880.0],[512.0],[47.0],[617.0],[74.0],[998.0],[149.0],[47.0],[648.0],[266.0],[186.0],[940.0],[122.0],[880.0],[643.0],[181.0],[395.0],[395.0],[785.0],[122.0],[62.0],[121.0],[420.0],[809.0],[998.0],[735.0],[972.0],[397.0],[982.0],[648.0],[997.0],[901.0],[181.0],[546.0],[972.0],[809.0],[455.0],[221.0],[44.0],[480.0],[775.0],[181.0],[225.0],[961.0],[972.0],[262.0],[735.0],[44.0],[735.0],[47.0],[6.0],[262.0],[901.0],[380.0],[648.0],[735.0],[45.0],[482.0],[111.0],[735.0],[43.0],[156.0],[291.0],[175.0],[617.0],[744.0],[6.0],[186.0],[998.0],[997.0],[643.0],[175.0],[355.0],[982.0],[6.0],[77.0],[611.0],[569.0],[43.0],[77.0],[588.0],[480.0]
919,[181.0],[77.0],[809.0],[735.0],[395.0],[775.0],[643.0],[997.0],[574.0],[982.0],[588.0],[542.0],[972.0],[77.0],[397.0],[972.0],[401.0],[809.0],[395.0],[775.0],[74.0],[111.0],[291.0],[122.0],[735.0],[291.0],[342.0],[149.0],[473.0],[922.0],[181.0],[47.0],[175.0],[45.0],[972.0],[74.0],[574.0],[844.0],[648.0],[186.0],[574.0],[998.0],[809.0],[77.0],[844.0],[291.0],[397.0],[175.0],[809.0],[380.0],[961.0],[775.0],[395.0],[940.0],[648.0],[598.0],[546.0],[122.0],[922.0],[844.0],[149.0],[844.0],[480.0],[43.0],[77.0],[922.0],[397.0],[972.0],[156.0],[77.0],[401.0],[44.0],[643.0],[77.0],[809.0],[420.0],[295.0],[77.0],[177.0],[940.0],[880.0],[617.0],[111.0],[901.0],[156.0],[121.0],[961.0],[809.0],[175.0],[222.0],[116.0],[397.0],[998.0],[177.0],[355.0],[473.0],[735.0],[177.0],[611.0],[122.0]
920,[45.0],[397.0],[546.0],[77.0],[291.0],[368.0],[175.0],[6.0],[512.0],[735.0],[175.0],[817.0],[291.0],[397.0],[225.0],[480.0],[574.0],[156.0],[74.0],[368.0],[291.0],[222.0],[149.0],[961.0],[982.0],[266.0],[62.0],[735.0],[569.0],[997.0],[45.0],[972.0],[611.0],[844.0],[122.0],[972.0],[401.0],[527.0],[116.0],[473.0],[569.0],[961.0],[940.0],[177.0],[527.0],[266.0],[735.0],[295.0],[940.0],[415.0],[844.0],[368.0],[480.0],[6.0],[355.0],[657.0],[922.0],[395.0],[997.0],[45.0],[880.0],[527.0],[122.0],[177.0],[455.0],[997.0],[225.0],[74.0],[998.0],[43.0],[380.0],[922.0],[588.0],[397.0],[940.0],[744.0],[588.0],[177.0],[982.0],[998.0],[266.0],[295.0],[588.0],[380.0],[940.0],[202.0],[844.0],[6.0],[295.0],[598.0],[455.0],[225.0],[961.0],[648.0],[62.0],[186.0],[77.0],[455.0],[62.0],[844.0]
921,[844.0],[177.0],[156.0],[455.0],[266.0],[997.0],[356.0],[546.0],[901.0],[77.0],[295.0],[473.0],[480.0],[177.0],[735.0],[74.0],[569.0],[940.0],[266.0],[401.0],[266.0],[588.0],[47.0],[181.0],[77.0],[149.0],[114.0],[225.0],[574.0],[546.0],[961.0],[395.0],[356.0],[809.0],[74.0],[291.0],[415.0],[181.0],[262.0],[542.0],[744.0],[844.0],[961.0],[262.0],[122.0],[880.0],[225.0],[588.0],[546.0],[44.0],[45.0],[415.0],[74.0],[546.0],[116.0],[121.0],[775.0],[181.0],[6.0],[809.0],[735.0],[395.0],[395.0],[982.0],[62.0],[156.0],[880.0],[480.0],[961.0],[177.0],[44.0],[997.0],[175.0],[225.0],[961.0],[512.0],[222.0],[262.0],[397.0],[546.0],[149.0],[111.0],[222.0],[401.0],[998.0],[482.0],[122.0],[940.0],[222.0],[657.0],[262.0],[880.0],[844.0],[175.0],[116.0],[121.0],[177.0],[355.0],[356.0],[527.0]
922,[809.0],[225.0],[998.0],[397.0],[47.0],[6.0],[355.0],[775.0],[569.0],[177.0],[222.0],[221.0],[266.0],[455.0],[77.0],[291.0],[44.0],[998.0],[149.0],[901.0],[149.0],[611.0],[972.0],[844.0],[177.0],[735.0],[929.0],[880.0],[401.0],[6.0],[809.0],[480.0],[355.0],[527.0],[181.0],[480.0],[368.0],[395.0],[43.0],[817.0],[512.0],[527.0],[546.0],[455.0],[181.0],[149.0],[880.0],[222.0],[775.0],[401.0],[809.0],[401.0],[122.0],[156.0],[262.0],[617.0],[6.0],[74.0],[156.0],[527.0],[47.0],[122.0],[181.0],[397.0],[43.0],[961.0],[77.0],[181.0],[74.0],[982.0],[574.0],[775.0],[611.0],[880.0],[844.0],[901.0],[657.0],[455.0],[455.0],[961.0],[735.0],[588.0],[611.0],[44.0],[546.0],[744.0],[181.0],[156.0],[356.0],[121.0],[62.0],[291.0],[527.0],[116.0],[648.0],[744.0],[982.0],[648.0],[648.0],[181.0]
923,[546.0],[455.0],[775.0],[62.0],[972.0],[156.0],[295.0],[156.0],[473.0],[455.0],[121.0],[598.0],[149.0],[62.0],[177.0],[122.0],[473.0],[546.0],[735.0],[380.0],[735.0],[356.0],[480.0],[45.0],[397.0],[77.0],[766.0],[77.0],[221.0],[998.0],[527.0],[74.0],[116.0],[395.0],[45.0],[181.0],[775.0],[74.0],[643.0],[574.0],[901.0],[395.0],[844.0],[982.0],[395.0],[47.0],[77.0],[657.0],[6.0],[922.0],[527.0],[997.0],[291.0],[775.0],[643.0],[186.0],[156.0],[45.0],[368.0],[940.0],[972.0],[74.0],[45.0],[455.0],[982.0],[844.0],[177.0],[291.0],[291.0],[397.0],[922.0],[368.0],[356.0],[177.0],[546.0],[186.0],[611.0],[62.0],[62.0],[844.0],[47.0],[222.0],[657.0],[574.0],[961.0],[512.0],[45.0],[546.0],[657.0],[186.0],[648.0],[266.0],[809.0],[262.0],[262.0],[512.0],[397.0],[262.0],[175.0],[395.0]
924,[527.0],[62.0],[961.0],[225.0],[149.0],[415.0],[116.0],[998.0],[380.0],[62.0],[186.0],[617.0],[735.0],[648.0],[455.0],[266.0],[186.0],[961.0],[47.0],[574.0],[972.0],[657.0],[122.0],[809.0],[455.0],[972.0],[863.0],[177.0],[415.0],[844.0],[940.0],[122.0],[295.0],[940.0],[291.0],[45.0],[542.0],[291.0],[982.0],[221.0],[473.0],[940.0],[527.0],[62.0],[74.0],[972.0],[47.0],[121.0],[156.0],[997.0],[395.0],[574.0],[181.0],[415.0],[43.0],[569.0],[998.0],[291.0],[415.0],[546.0],[77.0],[149.0],[74.0],[62.0],[648.0],[527.0],[47.0],[266.0],[45.0],[455.0],[997.0],[6.0],[355.0],[455.0],[775.0],[380.0],[356.0],[643.0],[225.0],[527.0],[77.0],[657.0],[121.0],[922.0],[844.0],[901.0],[527.0],[998.0],[121.0],[111.0],[643.0],[149.0],[546.0],[43.0],[643.0],[901.0],[225.0],[43.0],[355.0],[45.0]
925,[775.0],[648.0],[368.0],[648.0],[122.0],[401.0],[222.0],[961.0],[44.0],[397.0],[611.0],[569.0],[77.0],[643.0],[880.0],[149.0],[121.0],[844.0],[972.0],[569.0],[480.0],[355.0],[735.0],[395.0],[225.0],[480.0],[177.0],[455.0],[368.0],[395.0],[395.0],[181.0],[262.0],[546.0],[266.0],[809.0],[546.0],[266.0],[175.0],[401.0],[186.0],[546.0],[775.0],[397.0],[291.0],[480.0],[177.0],[611.0],[368.0],[156.0],[74.0],[569.0],[266.0],[998.0],[982.0],[574.0],[368.0],[266.0],[401.0],[395.0],[480.0],[735.0],[809.0],[648.0],[397.0],[546.0],[972.0],[149.0],[266.0],[225.0],[473.0],[156.0],[295.0],[47.0],[368.0],[121.0],[355.0],[43.0],[648.0],[775.0],[972.0],[473.0],[186.0],[569.0],[527.0],[222.0],[809.0],[775.0],[186.0],[588.0],[175.0],[47.0],[775.0],[982.0],[43.0],[380.0],[880.0],[982.0],[116.0],[74.0]
926,[395.0],[643.0],[844.0],[643.0],[735.0],[998.0],[262.0],[844.0],[186.0],[643.0],[356.0],[574.0],[122.0],[175.0],[62.0],[735.0],[922.0],[395.0],[480.0],[186.0],[122.0],[121.0],[181.0],[74.0],[62.0],[122.0],[224.0],[47.0],[598.0],[74.0],[546.0],[45.0],[222.0],[775.0],[149.0],[940.0],[940.0],[149.0],[295.0],[415.0],[380.0],[775.0],[368.0],[225.0],[45.0],[735.0],[455.0],[356.0],[998.0],[574.0],[291.0],[6.0],[149.0],[961.0],[397.0],[111.0],[415.0],[149.0],[998.0],[775.0],[177.0],[181.0],[940.0],[643.0],[225.0],[395.0],[455.0],[45.0],[149.0],[62.0],[186.0],[415.0],[222.0],[62.0],[527.0],[657.0],[121.0],[175.0],[880.0],[368.0],[177.0],[569.0],[356.0],[997.0],[74.0],[380.0],[940.0],[961.0],[355.0],[611.0],[43.0],[735.0],[395.0],[397.0],[982.0],[44.0],[455.0],[643.0],[295.0],[809.0]
927,[74.0],[175.0],[415.0],[175.0],[181.0],[574.0],[657.0],[527.0],[922.0],[175.0],[355.0],[111.0],[181.0],[225.0],[648.0],[181.0],[657.0],[775.0],[77.0],[121.0],[181.0],[116.0],[77.0],[940.0],[648.0],[181.0],[77.0],[62.0],[775.0],[291.0],[775.0],[809.0],[657.0],[74.0],[809.0],[546.0],[817.0],[45.0],[222.0],[368.0],[121.0],[368.0],[395.0],[648.0],[809.0],[122.0],[62.0],[186.0],[961.0],[998.0],[940.0],[473.0],[735.0],[844.0],[175.0],[588.0],[961.0],[809.0],[574.0],[74.0],[455.0],[45.0],[291.0],[175.0],[880.0],[74.0],[480.0],[735.0],[735.0],[648.0],[121.0],[401.0],[116.0],[972.0],[415.0],[44.0],[116.0],[982.0],[643.0],[415.0],[480.0],[574.0],[355.0],[473.0],[775.0],[295.0],[546.0],[368.0],[473.0],[473.0],[982.0],[972.0],[74.0],[295.0],[397.0],[657.0],[62.0],[175.0],[43.0],[940.0]
928,[368.0],[295.0],[527.0],[880.0],[77.0],[844.0],[982.0],[74.0],[657.0],[225.0],[473.0],[401.0],[177.0],[880.0],[47.0],[45.0],[997.0],[74.0],[181.0],[44.0],[77.0],[262.0],[177.0],[291.0],[880.0],[177.0],[202.0],[648.0],[546.0],[266.0],[291.0],[291.0],[43.0],[368.0],[940.0],[266.0],[809.0],[809.0],[397.0],[775.0],[657.0],[74.0],[74.0],[643.0],[266.0],[77.0],[972.0],[355.0],[415.0],[961.0],[546.0],[156.0],[77.0],[527.0],[295.0],[401.0],[401.0],[940.0],[569.0],[291.0],[62.0],[77.0],[266.0],[295.0],[47.0],[291.0],[122.0],[809.0],[809.0],[643.0],[657.0],[998.0],[262.0],[648.0],[401.0],[222.0],[262.0],[295.0],[47.0],[401.0],[455.0],[611.0],[569.0],[186.0],[368.0],[175.0],[775.0],[844.0],[116.0],[356.0],[397.0],[77.0],[368.0],[225.0],[225.0],[222.0],[47.0],[295.0],[982.0],[775.0]
929,[291.0],[222.0],[401.0],[47.0],[177.0],[527.0],[397.0],[368.0],[997.0],[295.0],[262.0],[415.0],[455.0],[295.0],[972.0],[809.0],[222.0],[368.0],[177.0],[657.0],[177.0],[43.0],[45.0],[546.0],[972.0],[455.0],[482.0],[643.0],[940.0],[775.0],[266.0],[149.0],[982.0],[415.0],[735.0],[149.0],[45.0],[940.0],[225.0],[598.0],[222.0],[291.0],[291.0],[175.0],[149.0],[181.0],[480.0],[116.0],[527.0],[844.0],[266.0],[998.0],[45.0],[395.0],[225.0],[415.0],[844.0],[735.0],[473.0],[266.0],[122.0],[177.0],[546.0],[225.0],[972.0],[266.0],[62.0],[77.0],[77.0],[175.0],[222.0],[961.0],[657.0],[643.0],[395.0],[922.0],[43.0],[397.0],[972.0],[574.0],[122.0],[356.0],[574.0],[156.0],[291.0],[44.0],[368.0],[527.0],[262.0],[569.0],[225.0],[177.0],[415.0],[222.0],[175.0],[922.0],[643.0],[222.0],[222.0],[368.0]
930,[266.0],[880.0],[574.0],[295.0],[455.0],[395.0],[225.0],[415.0],[222.0],[222.0],[569.0],[368.0],[45.0],[222.0],[643.0],[77.0],[295.0],[415.0],[45.0],[222.0],[455.0],[982.0],[455.0],[775.0],[643.0],[45.0],[735.0],[175.0],[617.0],[149.0],[149.0],[735.0],[397.0],[291.0],[546.0],[735.0],[181.0],[735.0],[657.0],[617.0],[44.0],[266.0],[415.0],[880.0],[735.0],[45.0],[648.0],[473.0],[395.0],[473.0],[149.0],[961.0],[809.0],[401.0],[880.0],[368.0],[574.0],[546.0],[186.0],[149.0],[181.0],[809.0],[775.0],[222.0],[643.0],[149.0],[181.0],[940.0],[177.0],[295.0],[6.0],[844.0],[121.0],[175.0],[74.0],[997.0],[186.0],[225.0],[175.0],[569.0],[181.0],[401.0],[401.0],[998.0],[415.0],[922.0],[415.0],[395.0],[43.0],[574.0],[880.0],[480.0],[291.0],[657.0],[880.0],[997.0],[175.0],[657.0],[397.0],[291.0]
931,[149.0],[47.0],[395.0],[222.0],[62.0],[74.0],[880.0],[291.0],[6.0],[880.0],[574.0],[775.0],[62.0],[47.0],[480.0],[177.0],[6.0],[401.0],[809.0],[295.0],[45.0],[186.0],[62.0],[266.0],[175.0],[809.0],[149.0],[295.0],[111.0],[368.0],[735.0],[940.0],[225.0],[401.0],[775.0],[775.0],[122.0],[77.0],[880.0],[546.0],[295.0],[149.0],[401.0],[47.0],[940.0],[455.0],[643.0],[262.0],[401.0],[527.0],[775.0],[186.0],[177.0],[291.0],[972.0],[611.0],[569.0],[77.0],[961.0],[735.0],[45.0],[940.0],[368.0],[880.0],[175.0],[368.0],[648.0],[546.0],[940.0],[880.0],[295.0],[527.0],[43.0],[295.0],[291.0],[295.0],[473.0],[222.0],[295.0],[473.0],[45.0],[415.0],[116.0],[121.0],[266.0],[997.0],[74.0],[415.0],[569.0],[355.0],[295.0],[122.0],[401.0],[121.0],[295.0],[6.0],[295.0],[121.0],[225.0],[266.0]
932,[415.0],[657.0],[74.0],[657.0],[45.0],[569.0],[121.0],[401.0],[156.0],[657.0],[43.0],[546.0],[809.0],[972.0],[295.0],[455.0],[156.0],[291.0],[455.0],[922.0],[62.0],[397.0],[648.0],[149.0],[480.0],[940.0],[266.0],[480.0],[809.0],[735.0],[368.0],[775.0],[121.0],[574.0],[368.0],[77.0],[221.0],[546.0],[121.0],[940.0],[643.0],[415.0],[266.0],[295.0],[546.0],[809.0],[295.0],[43.0],[291.0],[186.0],[368.0],[844.0],[455.0],[266.0],[222.0],[356.0],[527.0],[177.0],[121.0],[368.0],[648.0],[455.0],[415.0],[657.0],[295.0],[735.0],[45.0],[177.0],[455.0],[47.0],[156.0],[569.0],[473.0],[480.0],[574.0],[6.0],[397.0],[880.0],[480.0],[395.0],[62.0],[368.0],[262.0],[961.0],[401.0],[6.0],[574.0],[291.0],[982.0],[116.0],[47.0],[455.0],[266.0],[186.0],[47.0],[295.0],[222.0],[397.0],[657.0],[149.0]
933,[735.0],[121.0],[291.0],[121.0],[809.0],[291.0],[47.0],[266.0],[295.0],[121.0],[982.0],[940.0],[648.0],[657.0],[222.0],[940.0],[998.0],[574.0],[62.0],[997.0],[809.0],[473.0],[809.0],[368.0],[122.0],[546.0],[420.0],[222.0],[588.0],[77.0],[77.0],[368.0],[186.0],[569.0],[77.0],[368.0],[598.0],[775.0],[186.0],[111.0],[922.0],[735.0],[574.0],[222.0],[775.0],[940.0],[222.0],[569.0],[574.0],[395.0],[735.0],[527.0],[940.0],[574.0],[657.0],[775.0],[395.0],[455.0],[657.0],[415.0],[643.0],[546.0],[149.0],[186.0],[222.0],[77.0],[643.0],[455.0],[62.0],[972.0],[998.0],[395.0],[569.0],[122.0],[569.0],[175.0],[569.0],[47.0],[122.0],[186.0],[648.0],[775.0],[415.0],[844.0],[149.0],[643.0],[569.0],[266.0],[397.0],[262.0],[972.0],[45.0],[574.0],[473.0],[972.0],[998.0],[657.0],[225.0],[880.0],[735.0]
934,[401.0],[186.0],[569.0],[186.0],[940.0],[473.0],[972.0],[149.0],[175.0],[186.0],[401.0],[809.0],[643.0],[480.0],[657.0],[648.0],[961.0],[266.0],[648.0],[6.0],[643.0],[225.0],[643.0],[735.0],[181.0],[62.0],[744.0],[122.0],[45.0],[177.0],[177.0],[77.0],[473.0],[266.0],[415.0],[415.0],[617.0],[368.0],[473.0],[809.0],[997.0],[77.0],[149.0],[657.0],[368.0],[546.0],[657.0],[982.0],[569.0],[74.0],[177.0],[395.0],[62.0],[569.0],[121.0],[546.0],[473.0],[62.0],[844.0],[77.0],[809.0],[775.0],[401.0],[473.0],[657.0],[177.0],[809.0],[62.0],[648.0],[480.0],[961.0],[74.0],[574.0],[222.0],[266.0],[156.0],[574.0],[972.0],[181.0],[74.0],[643.0],[355.0],[43.0],[527.0],[735.0],[648.0],[473.0],[735.0],[225.0],[401.0],[480.0],[809.0],[569.0],[880.0],[222.0],[175.0],[121.0],[880.0],[47.0],[415.0]
935,[574.0],[473.0],[266.0],[972.0],[648.0],[186.0],[186.0],[574.0],[643.0],[47.0],[397.0],[45.0],[175.0],[122.0],[122.0],[546.0],[175.0],[569.0],[643.0],[961.0],[175.0],[569.0],[175.0],[77.0],[295.0],[648.0],[291.0],[657.0],[181.0],[455.0],[455.0],[177.0],[569.0],[473.0],[401.0],[401.0],[111.0],[455.0],[47.0],[181.0],[6.0],[177.0],[735.0],[121.0],[401.0],[62.0],[121.0],[574.0],[473.0],[291.0],[415.0],[121.0],[648.0],[149.0],[480.0],[355.0],[74.0],[648.0],[527.0],[177.0],[175.0],[62.0],[574.0],[47.0],[121.0],[415.0],[175.0],[648.0],[546.0],[222.0],[175.0],[473.0],[982.0],[657.0],[473.0],[998.0],[401.0],[657.0],[45.0],[291.0],[175.0],[116.0],[982.0],[657.0],[77.0],[62.0],[291.0],[77.0],[574.0],[982.0],[222.0],[940.0],[473.0],[47.0],[657.0],[643.0],[972.0],[473.0],[972.0],[77.0]
936,[569.0],[569.0],[149.0],[480.0],[643.0],[266.0],[473.0],[735.0],[648.0],[473.0],[415.0],[181.0],[940.0],[121.0],[121.0],[643.0],[844.0],[473.0],[175.0],[175.0],[295.0],[574.0],[295.0],[415.0],[45.0],[775.0],[512.0],[181.0],[122.0],[62.0],[62.0],[415.0],[880.0],[149.0],[574.0],[574.0],[588.0],[415.0],[569.0],[122.0],[156.0],[455.0],[77.0],[972.0],[574.0],[775.0],[186.0],[401.0],[186.0],[266.0],[455.0],[657.0],[775.0],[735.0],[186.0],[116.0],[121.0],[643.0],[222.0],[401.0],[940.0],[368.0],[735.0],[972.0],[186.0],[455.0],[940.0],[643.0],[643.0],[122.0],[844.0],[186.0],[401.0],[181.0],[186.0],[643.0],[415.0],[121.0],[222.0],[266.0],[295.0],[546.0],[368.0],[395.0],[177.0],[455.0],[266.0],[401.0],[401.0],[415.0],[122.0],[62.0],[149.0],[569.0],[121.0],[961.0],[480.0],[47.0],[480.0],[177.0]
937,[77.0],[574.0],[735.0],[473.0],[546.0],[149.0],[569.0],[77.0],[998.0],[569.0],[368.0],[122.0],[295.0],[186.0],[186.0],[775.0],[643.0],[186.0],[295.0],[643.0],[222.0],[880.0],[940.0],[401.0],[809.0],[368.0],[901.0],[45.0],[611.0],[415.0],[648.0],[401.0],[47.0],[735.0],[177.0],[177.0],[611.0],[62.0],[574.0],[611.0],[648.0],[401.0],[569.0],[480.0],[569.0],[368.0],[473.0],[415.0],[121.0],[121.0],[62.0],[74.0],[643.0],[77.0],[473.0],[262.0],[657.0],[775.0],[395.0],[455.0],[295.0],[415.0],[77.0],[569.0],[480.0],[62.0],[546.0],[775.0],[775.0],[181.0],[643.0],[291.0],[415.0],[45.0],[149.0],[961.0],[225.0],[480.0],[657.0],[149.0],[809.0],[262.0],[775.0],[222.0],[455.0],[156.0],[186.0],[177.0],[415.0],[397.0],[181.0],[648.0],[735.0],[574.0],[480.0],[648.0],[473.0],[972.0],[121.0],[455.0]
938,[177.0],[972.0],[473.0],[569.0],[175.0],[735.0],[480.0],[569.0],[62.0],[972.0],[775.0],[588.0],[222.0],[181.0],[181.0],[368.0],[527.0],[149.0],[222.0],[648.0],[657.0],[401.0],[546.0],[177.0],[940.0],[415.0],[380.0],[121.0],[480.0],[648.0],[643.0],[455.0],[401.0],[77.0],[569.0],[455.0],[480.0],[648.0],[401.0],[480.0],[998.0],[62.0],[473.0],[122.0],[77.0],[648.0],[122.0],[397.0],[266.0],[149.0],[648.0],[291.0],[175.0],[473.0],[122.0],[940.0],[291.0],[175.0],[74.0],[574.0],[222.0],[401.0],[569.0],[480.0],[122.0],[648.0],[775.0],[368.0],[175.0],[45.0],[527.0],[121.0],[397.0],[809.0],[735.0],[648.0],[880.0],[186.0],[809.0],[121.0],[222.0],[940.0],[546.0],[295.0],[62.0],[177.0],[121.0],[574.0],[880.0],[775.0],[809.0],[546.0],[186.0],[401.0],[181.0],[62.0],[569.0],[569.0],[186.0],[401.0]
939,[455.0],[401.0],[186.0],[574.0],[295.0],[121.0],[574.0],[177.0],[961.0],[574.0],[546.0],[480.0],[546.0],[45.0],[45.0],[175.0],[648.0],[121.0],[940.0],[62.0],[121.0],[47.0],[222.0],[574.0],[222.0],[643.0],[44.0],[809.0],[972.0],[643.0],[175.0],[574.0],[415.0],[177.0],[455.0],[569.0],[972.0],[643.0],[415.0],[356.0],[62.0],[648.0],[186.0],[186.0],[473.0],[415.0],[569.0],[225.0],[657.0],[735.0],[401.0],[222.0],[368.0],[186.0],[181.0],[809.0],[222.0],[295.0],[295.0],[569.0],[657.0],[574.0],[473.0],[122.0],[473.0],[401.0],[295.0],[175.0],[368.0],[121.0],[395.0],[266.0],[368.0],[121.0],[121.0],[844.0],[368.0],[122.0],[121.0],[735.0],[657.0],[43.0],[397.0],[74.0],[574.0],[77.0],[657.0],[62.0],[368.0],[546.0],[940.0],[175.0],[121.0],[415.0],[45.0],[455.0],[574.0],[480.0],[473.0],[62.0]
940,[62.0],[415.0],[77.0],[122.0],[775.0],[77.0],[122.0],[473.0],[455.0],[480.0],[225.0],[972.0],[657.0],[473.0],[473.0],[415.0],[395.0],[735.0],[657.0],[844.0],[940.0],[415.0],[775.0],[455.0],[546.0],[401.0],[74.0],[186.0],[356.0],[401.0],[295.0],[569.0],[368.0],[455.0],[62.0],[62.0],[47.0],[401.0],[972.0],[355.0],[844.0],[643.0],[121.0],[569.0],[177.0],[643.0],[181.0],[368.0],[735.0],[77.0],[643.0],[266.0],[295.0],[177.0],[569.0],[43.0],[266.0],[368.0],[175.0],[473.0],[121.0],[569.0],[186.0],[181.0],[181.0],[643.0],[222.0],[295.0],[415.0],[186.0],[74.0],[149.0],[775.0],[186.0],[77.0],[62.0],[775.0],[181.0],[940.0],[657.0],[940.0],[809.0],[940.0],[291.0],[569.0],[735.0],[149.0],[569.0],[775.0],[940.0],[546.0],[295.0],[77.0],[368.0],[809.0],[177.0],[401.0],[401.0],[569.0],[574.0]
941,[648.0],[368.0],[177.0],[401.0],[222.0],[177.0],[401.0],[455.0],[177.0],[181.0],[880.0],[47.0],[121.0],[569.0],[569.0],[295.0],[62.0],[177.0],[546.0],[527.0],[186.0],[368.0],[657.0],[648.0],[775.0],[574.0],[395.0],[940.0],[355.0],[175.0],[415.0],[62.0],[775.0],[62.0],[473.0],[473.0],[356.0],[175.0],[368.0],[116.0],[527.0],[175.0],[657.0],[574.0],[455.0],[401.0],[45.0],[775.0],[77.0],[657.0],[574.0],[149.0],[415.0],[455.0],[574.0],[45.0],[149.0],[415.0],[643.0],[62.0],[186.0],[648.0],[455.0],[45.0],[569.0],[175.0],[657.0],[415.0],[295.0],[473.0],[648.0],[735.0],[546.0],[473.0],[177.0],[527.0],[546.0],[473.0],[186.0],[222.0],[121.0],[45.0],[225.0],[175.0],[473.0],[149.0],[222.0],[473.0],[47.0],[809.0],[368.0],[775.0],[657.0],[775.0],[186.0],[844.0],[122.0],[122.0],[574.0],[569.0]
942,[473.0],[775.0],[455.0],[415.0],[368.0],[455.0],[415.0],[186.0],[77.0],[401.0],[940.0],[880.0],[775.0],[809.0],[809.0],[401.0],[74.0],[455.0],[775.0],[455.0],[546.0],[546.0],[121.0],[643.0],[368.0],[175.0],[527.0],[473.0],[47.0],[295.0],[222.0],[473.0],[972.0],[186.0],[186.0],[648.0],[355.0],[295.0],[480.0],[972.0],[395.0],[295.0],[222.0],[401.0],[186.0],[175.0],[809.0],[546.0],[222.0],[222.0],[569.0],[735.0],[222.0],[121.0],[45.0],[982.0],[735.0],[222.0],[648.0],[648.0],[546.0],[473.0],[121.0],[574.0],[45.0],[295.0],[368.0],[222.0],[222.0],[809.0],[291.0],[177.0],[225.0],[940.0],[455.0],[395.0],[47.0],[574.0],[473.0],[295.0],[186.0],[982.0],[809.0],[266.0],[648.0],[266.0],[77.0],[186.0],[972.0],[45.0],[657.0],[222.0],[222.0],[972.0],[473.0],[527.0],[181.0],[181.0],[122.0],[648.0]
943,[186.0],[546.0],[62.0],[368.0],[657.0],[62.0],[368.0],[62.0],[844.0],[45.0],[47.0],[397.0],[368.0],[574.0],[940.0],[222.0],[455.0],[657.0],[121.0],[395.0],[775.0],[940.0],[186.0],[175.0],[657.0],[569.0],[922.0],[546.0],[116.0],[222.0],[657.0],[186.0],[546.0],[648.0],[648.0],[186.0],[116.0],[222.0],[775.0],[47.0],[74.0],[574.0],[295.0],[181.0],[62.0],[295.0],[574.0],[880.0],[177.0],[295.0],[175.0],[77.0],[657.0],[62.0],[401.0],[181.0],[295.0],[657.0],[62.0],[643.0],[473.0],[643.0],[62.0],[809.0],[940.0],[222.0],[415.0],[657.0],[401.0],[569.0],[266.0],[657.0],[880.0],[569.0],[657.0],[177.0],[972.0],[45.0],[546.0],[175.0],[546.0],[397.0],[880.0],[149.0],[186.0],[998.0],[177.0],[648.0],[546.0],[225.0],[415.0],[368.0],[177.0],[546.0],[569.0],[395.0],[415.0],[415.0],[181.0],[643.0]
944,[121.0],[940.0],[121.0],[775.0],[186.0],[648.0],[181.0],[121.0],[735.0],[415.0],[972.0],[356.0],[415.0],[401.0],[546.0],[657.0],[177.0],[222.0],[415.0],[74.0],[473.0],[809.0],[473.0],[569.0],[186.0],[295.0],[997.0],[569.0],[262.0],[574.0],[121.0],[648.0],[940.0],[643.0],[121.0],[643.0],[880.0],[574.0],[122.0],[262.0],[455.0],[569.0],[175.0],[415.0],[648.0],[574.0],[401.0],[47.0],[295.0],[177.0],[295.0],[175.0],[401.0],[657.0],[415.0],[397.0],[177.0],[121.0],[291.0],[186.0],[569.0],[186.0],[657.0],[940.0],[546.0],[657.0],[401.0],[121.0],[574.0],[940.0],[149.0],[295.0],[940.0],[546.0],[62.0],[77.0],[940.0],[401.0],[775.0],[643.0],[775.0],[181.0],[45.0],[735.0],[121.0],[961.0],[455.0],[643.0],[480.0],[880.0],[121.0],[657.0],[455.0],[940.0],[940.0],[74.0],[368.0],[368.0],[401.0],[175.0]
945,[657.0],[809.0],[657.0],[181.0],[415.0],[643.0],[45.0],[648.0],[149.0],[368.0],[480.0],[355.0],[401.0],[940.0],[775.0],[574.0],[291.0],[295.0],[186.0],[177.0],[368.0],[972.0],[368.0],[295.0],[473.0],[473.0],[844.0],[574.0],[880.0],[657.0],[186.0],[643.0],[809.0],[121.0],[643.0],[175.0],[262.0],[569.0],[546.0],[43.0],[291.0],[473.0],[643.0],[368.0],[643.0],[222.0],[940.0],[809.0],[455.0],[455.0],[473.0],[643.0],[574.0],[648.0],[809.0],[225.0],[175.0],[401.0],[149.0],[175.0],[574.0],[175.0],[648.0],[401.0],[574.0],[574.0],[574.0],[186.0],[569.0],[775.0],[62.0],[455.0],[809.0],[574.0],[648.0],[735.0],[809.0],[940.0],[569.0],[648.0],[569.0],[880.0],[181.0],[77.0],[657.0],[844.0],[62.0],[175.0],[940.0],[181.0],[186.0],[121.0],[62.0],[480.0],[546.0],[291.0],[45.0],[775.0],[415.0],[295.0]
946,[222.0],[45.0],[648.0],[45.0],[401.0],[175.0],[775.0],[175.0],[266.0],[775.0],[809.0],[982.0],[186.0],[546.0],[574.0],[121.0],[77.0],[175.0],[401.0],[77.0],[569.0],[480.0],[569.0],[186.0],[569.0],[222.0],[6.0],[775.0],[225.0],[569.0],[473.0],[121.0],[45.0],[175.0],[657.0],[295.0],[225.0],[657.0],[940.0],[880.0],[266.0],[186.0],[177.0],[775.0],[657.0],[657.0],[546.0],[45.0],[62.0],[62.0],[186.0],[177.0],[121.0],[222.0],[368.0],[880.0],[643.0],[186.0],[735.0],[295.0],[775.0],[121.0],[222.0],[546.0],[775.0],[569.0],[121.0],[401.0],[473.0],[368.0],[735.0],[62.0],[181.0],[401.0],[643.0],[74.0],[480.0],[415.0],[368.0],[77.0],[574.0],[122.0],[47.0],[643.0],[222.0],[291.0],[648.0],[295.0],[122.0],[47.0],[401.0],[415.0],[295.0],[809.0],[401.0],[266.0],[775.0],[546.0],[45.0],[473.0]
947,[643.0],[181.0],[222.0],[809.0],[574.0],[657.0],[809.0],[295.0],[395.0],[809.0],[45.0],[116.0],[574.0],[775.0],[368.0],[569.0],[266.0],[62.0],[473.0],[735.0],[415.0],[45.0],[574.0],[121.0],[574.0],[186.0],[156.0],[401.0],[397.0],[473.0],[569.0],[657.0],[181.0],[295.0],[222.0],[121.0],[397.0],[121.0],[181.0],[225.0],[149.0],[222.0],[648.0],[546.0],[175.0],[569.0],[415.0],[181.0],[648.0],[648.0],[222.0],[455.0],[186.0],[295.0],[940.0],[122.0],[648.0],[574.0],[77.0],[121.0],[401.0],[295.0],[643.0],[775.0],[401.0],[473.0],[569.0],[473.0],[657.0],[415.0],[77.0],[648.0],[480.0],[775.0],[175.0],[291.0],[45.0],[368.0],[574.0],[177.0],[368.0],[47.0],[972.0],[648.0],[643.0],[527.0],[643.0],[121.0],[181.0],[972.0],[473.0],[186.0],[648.0],[122.0],[415.0],[77.0],[809.0],[940.0],[368.0],[222.0]
948,[175.0],[122.0],[643.0],[546.0],[473.0],[295.0],[546.0],[657.0],[74.0],[940.0],[122.0],[262.0],[569.0],[368.0],[401.0],[186.0],[149.0],[648.0],[569.0],[149.0],[401.0],[122.0],[401.0],[657.0],[415.0],[657.0],[998.0],[368.0],[43.0],[121.0],[574.0],[222.0],[122.0],[222.0],[295.0],[657.0],[982.0],[186.0],[45.0],[397.0],[177.0],[121.0],[62.0],[45.0],[295.0],[473.0],[368.0],[122.0],[175.0],[175.0],[121.0],[648.0],[569.0],[643.0],[546.0],[972.0],[62.0],[473.0],[177.0],[222.0],[368.0],[657.0],[295.0],[368.0],[368.0],[121.0],[473.0],[569.0],[121.0],[574.0],[455.0],[175.0],[972.0],[415.0],[295.0],[266.0],[122.0],[546.0],[415.0],[455.0],[415.0],[972.0],[122.0],[455.0],[295.0],[395.0],[295.0],[657.0],[809.0],[480.0],[569.0],[574.0],[175.0],[45.0],[368.0],[149.0],[546.0],[809.0],[546.0],[121.0]
949,[295.0],[480.0],[295.0],[940.0],[569.0],[222.0],[940.0],[222.0],[291.0],[546.0],[181.0],[43.0],[473.0],[415.0],[415.0],[473.0],[735.0],[643.0],[574.0],[266.0],[574.0],[181.0],[415.0],[222.0],[401.0],[121.0],[961.0],[415.0],[982.0],[186.0],[401.0],[295.0],[480.0],[657.0],[175.0],[222.0],[43.0],[473.0],[809.0],[982.0],[735.0],[657.0],[455.0],[940.0],[222.0],[186.0],[775.0],[972.0],[643.0],[643.0],[657.0],[62.0],[473.0],[175.0],[775.0],[47.0],[455.0],[569.0],[455.0],[657.0],[415.0],[222.0],[175.0],[415.0],[415.0],[186.0],[186.0],[574.0],[186.0],[401.0],[177.0],[643.0],[47.0],[368.0],[222.0],[149.0],[181.0],[775.0],[401.0],[62.0],[401.0],[480.0],[480.0],[62.0],[175.0],[74.0],[175.0],[222.0],[45.0],[122.0],[574.0],[473.0],[643.0],[181.0],[775.0],[735.0],[940.0],[45.0],[775.0],[186.0]
